RAW	190926	062910	109626	04
GEOM1	06.91	00.09	19.845131	0.150838	51.640866	0.149299	28.89	05.95	240.41	10.96	00.74	-1
GEOM2	06.91	00.09	19.848704	0.150200	51.633392	0.150206	30.37	05.57	242.22	08.29	0006.137	0002.193	00.00	-2
LDF	19.855436	0.117854	51.646789	0.133153	0354334.7	0138078.5	25.46	00.56	00
GLDF	06.90	00.08	19.858877	0.114799	51.657557	0.129888	28.96	04.86	240.40	08.21	0357013.4	0188284.7	25.75	01.90	01
0574	01	00.00000	00.00000	01.28	01.42	01.13	33.54	-0.04
0675	01	05.76356	05.76356	01.07	00.69	02.84	35.32	-0.04
1076	04	06.80315	06.79815	01.64	01.96	09.70	37.20	-0.12
1077	01	03.89829	03.89329	00.43	00.92	09.70	38.93	-0.13
0974	04	07.77113	07.77113	08.02	04.34	08.06	33.70	-0.06
0975	04	06.82823	06.82823	20.97	18.05	07.99	35.38	-0.08
0875	04	07.36981	07.36981	05.30	15.97	06.27	35.38	-0.07
