RAW	190926	094417	781084	04
GEOM1	00.35	00.10	18.985837	0.150142	52.296691	0.148004	31.06	05.26	331.90	09.04	00.34	-1
GEOM2	00.29	00.11	18.987742	0.150008	52.286119	0.149972	31.52	04.54	329.68	08.68	0006.358	0002.795	00.00	-2
LDF	19.129271	0.125698	52.488378	0.138965	0055906.3	0030558.1	03.45	05.22	01
GLDF	00.37	00.08	19.144525	0.102499	52.527548	0.099606	32.40	03.68	334.95	07.17	0058533.0	0027627.8	04.19	06.53	02
0575	01	03.82077	03.82077	01.07	01.24	01.13	35.27	-0.03
0876	04	00.00000	00.00000	08.36	06.92	06.27	37.12	-0.05
0874	04	01.65331	01.65331	01.53	01.47	06.35	33.66	-0.06
0975	04	01.22984	01.22984	05.70	06.73	07.99	35.38	-0.08
0875	04	00.35058	00.35058	04.88	10.33	06.27	35.38	-0.07
