RAW	190925	032705	611852	04
GEOM1	03.54	00.12	11.893517	0.151915	48.523780	0.137639	58.52	02.18	245.65	03.30	02.95	-1
GEOM2	03.56	00.14	11.915865	0.147392	48.472932	0.149120	64.31	05.43	244.45	05.41	0003.876	0002.141	00.00	-2
LDF	11.923818	0.132421	48.464411	0.134107	0001404.8	0000560.6	16.19	00.02	00
GLDF	03.54	00.12	11.915346	0.132589	48.515507	0.126031	58.63	01.74	245.77	02.69	0001309.0	0000819.2	12.62	04.52	01
0772	01	07.41723	07.41723	00.88	01.85	04.71	30.23	-0.02
0472	04	05.37639	05.37639	03.71	03.65	-0.52	30.05	-0.03
0574	04	01.97397	01.97397	02.95	02.95	01.13	33.54	-0.04
0673	01	00.00000	00.00000	00.83	01.04	02.92	31.83	-0.04
1077	01	07.47176	07.47176	00.76	01.12	09.70	38.93	-0.13
0573	01	05.26877	05.26377	01.09	01.50	01.13	31.81	-0.04
0474	04	02.60498	02.60498	04.24	04.42	-0.59	33.51	-0.01
0473	04	03.87364	03.87364	13.27	12.40	-0.52	31.76	-0.03
