RAW	190516	123156	808448	04
GEOM1	00.87	00.08	16.905195	0.151425	46.702395	0.146004	33.75	03.43	256.47	08.67	03.00	-1
GEOM2	00.84	00.10	16.896506	0.150004	46.743313	0.150023	41.46	04.65	267.16	09.90	0009.816	0004.003	00.00	-2
LDF	16.811627	0.132831	46.655380	0.125043	0881661.5	0321225.4	120.71	01.20	00
GLDF	00.93	00.06	16.824776	0.124848	46.606605	0.119329	33.48	03.03	255.20	06.77	1013435.1	0471670.4	108.39	05.38	01
0772	04	00.90492	00.89992	583.92	619.95	04.71	30.23	-0.02
0774	04	00.84365	00.84365	01.94	01.08	04.56	33.62	-0.05
0474	01	00.30876	00.30377	02.01	01.82	-0.59	33.51	-0.01
0773	04	00.00000	00.00000	29.37	22.04	04.63	31.89	-0.04
0672	04	01.36100	01.35600	16.38	19.28	02.92	30.12	-0.04
