RAW	190518	064907	266114	04
GEOM1	08.01	00.07	19.615029	0.144215	46.786797	0.152777	13.43	07.74	223.65	33.50	03.93	-1
GEOM2	08.28	00.12	19.559720	0.150050	46.782198	0.150018	26.37	12.07	127.26	14.32	-007.603	0004.506	00.00	-2
LDF	19.566930	0.050561	46.804013	0.156680	0139919.7	0039898.3	04.96	02.53	01
GLDF	08.01	00.06	19.576002	0.044063	46.830779	0.166849	13.98	06.28	224.08	26.08	0139134.8	0043827.4	04.28	09.69	02
0772	04	08.09185	08.08685	03.28	03.25	04.71	30.23	-0.02
0576	01	00.00000	00.00000	01.94	01.49	01.05	37.01	-0.02
0977	01	12.30856	12.30356	02.10	01.51	07.92	38.89	-0.09
0973	04	08.02743	08.02743	03.13	01.59	08.07	31.96	-0.03
0972	04	07.91768	07.91269	24.92	13.92	08.14	30.22	00.02
0872	04	08.34992	08.34492	12.48	06.73	06.35	30.23	00.01
