RAW	190514	084059	323029	05
GEOM1	01.10	00.10	13.327832	0.151745	48.328582	0.146009	42.21	02.81	260.66	06.26	03.07	00
GEOM2	01.06	00.12	13.321655	0.149800	48.366162	0.150116	49.12	06.32	271.33	13.13	0007.259	0004.515	00.24	-1
LDF	13.294018	0.134539	48.335910	0.132800	0150002.9	0057887.6	57.12	00.53	01
GLDF	01.13	00.08	13.311703	0.127979	48.285811	0.127019	42.19	02.36	260.75	05.11	0167124.2	0082464.5	39.84	05.13	03
0574	04	00.01181	00.00682	13.64	20.10	01.13	33.54	-0.04
0674	01	00.29791	00.30291	01.55	00.73	02.84	33.58	-0.04
0575	04	00.00000	00.00000	01.19	01.83	01.13	35.27	-0.03
0575	02	05.67612	05.67612	09.85	08.84	01.13	35.27	-0.03
0976	01	05.18777	05.18277	01.04	01.56	07.99	37.16	-0.09
0573	04	01.17581	01.17581	314.46	316.18	01.13	31.81	-0.04
0474	04	00.48092	00.48092	02.51	03.31	-0.59	33.51	-0.01
0473	04	01.54327	01.54327	04.85	09.90	-0.52	31.76	-0.03
