RAW	190502	054019	803891	06
GEOM1	06.02	00.12	17.768811	0.150511	54.673334	0.149350	51.41	02.22	335.92	03.39	02.34	01
GEOM2	06.03	00.14	17.781114	0.150634	54.685799	0.151455	51.98	03.53	336.12	04.72	0002.038	0002.306	00.98	00
LDF	17.768329	0.103644	54.657370	0.094645	0005123.6	0001525.8	06.06	02.86	03
GLDF	06.02	00.08	17.761328	0.096518	54.647553	0.079159	51.51	01.82	335.69	02.51	0005071.9	0002199.0	05.68	07.59	06
0777	04	05.11560	05.11560	09.71	13.69	04.48	38.84	-0.02
0978	02	00.00000	00.00000	01.70	02.35	07.91	40.63	-0.05
0878	04	06.11875	06.11875	02.52	01.64	06.34	40.13	-0.02
0876	04	06.99298	06.99298	06.40	03.22	06.27	37.12	-0.05
0976	04	08.27218	08.27218	01.90	02.45	07.99	37.16	-0.09
0775	04	07.03628	07.03628	02.54	02.12	04.56	35.35	-0.05
0974	01	03.70709	03.70709	01.61	02.63	08.06	33.70	-0.06
0877	04	06.37327	06.43823	07.28	05.16	06.20	38.86	-0.05
