RAW	190706	054308	235058	05
GEOM1	04.78	00.14	13.106581	0.150978	50.733240	0.151733	68.09	01.21	73.36	01.23	00.59	00
GEOM2	04.79	00.14	13.109148	0.150026	50.732832	0.150557	67.90	03.57	73.33	03.42	0000.698	0002.271	00.01	-1
LDF	13.011637	0.153487	50.746493	0.125739	0000038.6	0000010.9	08.05	02.84	02
GLDF	04.76	00.13	12.963759	0.153326	50.757427	0.129061	68.56	00.93	73.42	00.98	0000032.8	0000017.5	09.05	04.52	04
0574	04	04.20250	04.21749	14.09	07.88	01.13	33.54	-0.04
0575	04	05.74097	05.74097	23.85	18.40	01.13	35.27	-0.03
0675	04	06.27298	06.27298	02.22	04.08	02.84	35.32	-0.04
0876	01	02.08123	02.08123	00.64	01.29	06.27	37.12	-0.05
1072	01	00.00000	00.00000	01.46	01.24	09.86	30.29	00.00
0573	04	02.72918	02.72918	03.29	02.74	01.13	31.81	-0.04
0474	04	03.72662	03.72162	06.86	14.26	-0.59	33.51	-0.01
