RAW	190817	140542	825902	03
GEOM1	00.20	00.21	14.495650	0.150001	47.118964	0.149997	26.62	11.88	70.62	18.55	00.00	-2
GEOM2	00.46	01.19	14.495614	0.149704	47.119049	0.149520	32.98	29.77	63.77	24.17	0000.858	0017.532	00.00	-3
LDF	14.823677	0.163250	46.907121	0.153504	0239286.6	0181750.0	15.70	02.46	00
GLDF	00.21	00.18	14.522967	0.155012	47.174469	0.156694	26.55	09.54	73.08	15.77	0110894.0	0104346.0	05.96	04.01	00
0772	04	00.94279	00.94279	02.59	04.26	04.71	30.23	-0.02
0873	01	00.68064	00.68564	01.24	00.66	06.42	31.99	-0.03
0573	04	00.82677	00.82178	03.60	03.22	01.13	31.81	-0.04
0672	03	01.28237	01.28237	10.76	05.02	02.92	30.12	-0.04
0572	04	00.00000	00.00000	04.34	04.32	01.20	30.14	-0.04
