RAW	190817	140735	991917	02
GEOM1	00.00	00.00	0.000000	0.000000	0.000000	0.000000	00.00	00.00	00.00	00.00	1000000.00	-3
GEOM2	00.00	00.00	0.000000	0.000000	0.000000	0.000000	00.00	00.00	00.00	00.00	0000.000	0000.000	1000000.00	-3
LDF	12.593298	0.081520	46.532681	0.149863	0035005.2	0017149.4	00.84	00.01	-1
GLDF	00.00	27.55	0.000000	0.150000	0.000000	0.150001	00.00	75.40	00.00	01.41	0035005.2	0000001.4	00.84	1000000.00	-2
0472	04	04.54217	04.53717	03.71	03.28	-0.52	30.05	-0.03
0674	01	00.00000	00.00000	01.48	00.72	02.84	33.58	-0.04
0877	01	11.98285	11.97786	02.05	01.61	06.20	38.86	-0.05
0972	01	06.43522	06.43023	00.85	01.38	08.14	30.22	00.02
0672	02	06.98824	06.98325	03.85	03.06	02.92	30.12	-0.04
0572	04	04.40507	04.40007	03.86	03.51	01.20	30.14	-0.04
