RAW	190818	021039	591094	02
GEOM1	00.00	00.00	0.000000	0.000000	0.000000	0.000000	00.00	00.00	00.00	00.00	1000000.00	-3
GEOM2	00.00	00.00	0.000000	0.000000	0.000000	0.000000	00.00	00.00	00.00	00.00	0000.000	0000.000	1000000.00	-3
LDF	17.489425	0.152611	47.211286	0.203389	0050962.2	0061319.9	01.49	02.72	-1
GLDF	00.00	24.14	0.000000	0.150000	0.000000	0.150000	00.00	52.70	00.00	01.41	0050962.2	0000001.4	01.49	1000000.00	-2
0772	04	00.00000	00.00000	09.66	06.46	04.71	30.23	-0.02
0976	01	03.38634	03.38634	03.21	00.57	07.99	37.16	-0.09
1073	01	05.47928	05.47928	00.85	00.78	09.86	32.00	-0.03
0773	04	01.48310	01.48310	05.74	05.94	04.63	31.89	-0.04
0872	03	02.47901	02.47901	07.80	05.75	06.35	30.23	00.01
0872	02	07.00101	07.00101	01.78	08.12	06.35	30.23	00.01
