RAW	190820	131023	581713	02
GEOM1	00.00	00.00	0.000000	0.000000	0.000000	0.000000	00.00	00.00	00.00	00.00	1000000.00	-3
GEOM2	00.00	00.00	0.000000	0.000000	0.000000	0.000000	00.00	00.00	00.00	00.00	0000.000	0000.000	1000000.00	-3
LDF	16.291647	0.149942	47.379488	0.154621	0084194.7	0068014.1	02.20	01.66	-1
GLDF	00.00	27.10	0.000000	0.150000	0.000000	0.150000	00.00	57.40	00.00	01.41	0084194.7	0000001.4	02.20	1000000.00	-2
0772	04	01.42885	01.42885	02.75	05.46	04.71	30.23	-0.02
0673	01	00.00000	00.00000	01.20	01.42	02.92	31.83	-0.04
0876	01	10.21643	10.21643	01.15	01.63	06.27	37.12	-0.05
0773	04	02.28500	02.28500	06.02	04.92	04.63	31.89	-0.04
0672	03	04.24533	04.25032	05.84	04.12	02.92	30.12	-0.04
