RAW	190819	215644	920614	02
GEOM1	00.00	00.00	0.000000	0.000000	0.000000	0.000000	00.00	00.00	00.00	00.00	1000000.00	-3
GEOM2	00.00	00.00	0.000000	0.000000	0.000000	0.000000	00.00	00.00	00.00	00.00	0000.000	0000.000	1000000.00	-3
LDF	13.791681	0.130796	52.421353	0.121356	0610535.6	0259081.5	22.61	01.03	-1
GLDF	00.00	23.43	0.000000	0.150000	0.000000	0.150001	00.00	72.02	00.00	01.41	0610535.6	0000001.4	22.61	1000000.00	-2
0576	04	07.13677	07.13677	22.43	09.59	01.05	37.01	-0.02
0673	01	00.00000	00.00000	02.08	01.20	02.92	31.83	-0.04
0575	03	04.95872	04.95872	14.17	09.15	01.13	35.27	-0.03
0675	04	05.50940	05.50440	08.87	06.33	02.84	35.32	-0.04
0474	01	11.14981	11.14981	01.28	01.02	-0.59	33.51	-0.01
