RAW	190820	184248	138346	04
GEOM1	06.47	00.12	12.952730	0.150048	51.131550	0.149690	52.35	02.19	152.74	02.40	00.55	-1
GEOM2	06.50	00.14	12.956659	0.150029	51.136482	0.150011	52.09	03.46	152.78	03.83	0000.618	0003.128	00.00	-2
LDF	12.904985	0.111285	51.021414	0.084024	0005447.6	0001456.0	07.88	01.53	01
GLDF	06.46	00.09	12.901268	0.101804	51.008373	0.072795	52.53	01.67	153.47	01.96	0005373.3	0002135.7	08.36	02.63	02
0574	04	05.82590	05.82590	09.98	09.61	01.13	33.54	-0.04
0575	04	06.44683	06.43684	09.54	09.08	01.13	35.27	-0.03
0675	04	05.32467	05.32467	01.67	02.16	02.84	35.32	-0.04
0675	02	08.12275	08.11775	00.91	03.20	02.84	35.32	-0.04
0878	01	08.24946	08.24946	01.26	01.00	06.34	40.13	-0.02
0475	01	00.00000	00.00000	01.35	01.42	-0.66	35.24	-0.01
0475	04	07.66990	07.66990	09.81	07.61	-0.66	35.24	-0.01
