RAW	190820	082445	419773	02
GEOM1	00.00	00.00	0.000000	0.000000	0.000000	0.000000	00.00	00.00	00.00	00.00	1000000.00	-3
GEOM2	00.00	00.00	0.000000	0.000000	0.000000	0.000000	00.00	00.00	00.00	00.00	0000.000	0000.000	1000000.00	-3
LDF	14.039191	0.123540	46.988828	0.134357	0372511.8	0179670.7	13.16	00.30	-1
GLDF	00.00	24.30	0.000000	0.150000	0.000000	0.150001	00.00	68.18	00.00	01.41	0372511.8	0000001.4	13.16	1000000.00	-2
0674	01	09.36833	09.37333	01.23	00.90	02.84	33.58	-0.04
0874	01	00.00000	00.00000	01.53	01.23	06.35	33.66	-0.06
0573	04	06.44296	06.44795	06.21	03.05	01.13	31.81	-0.04
0672	04	04.97328	04.97328	10.68	05.11	02.92	30.12	-0.04
0572	03	04.63698	04.63698	10.79	05.22	01.20	30.14	-0.04
