RAW	190820	223919	464867	02
GEOM1	00.00	00.00	0.000000	0.000000	0.000000	0.000000	00.00	00.00	00.00	00.00	1000000.00	-3
GEOM2	00.00	00.00	0.000000	0.000000	0.000000	0.000000	00.00	00.00	00.00	00.00	0000.000	0000.000	1000000.00	-3
LDF	12.918073	0.164771	47.357534	0.162390	0226900.0	0199099.3	07.04	01.64	-1
GLDF	07.47	00.09	12.872163	0.110150	47.616234	0.131465	66.91	06.56	24.33	11.84	2682397755.0	518178869.5	00.00	1000000.00	-2
0472	04	06.24542	06.24542	04.56	05.13	-0.52	30.05	-0.03
0874	01	10.24607	10.24607	01.59	01.20	06.35	33.66	-0.06
1075	01	00.00000	00.00000	01.70	01.51	09.78	35.47	-0.10
0573	04	08.20105	08.20105	14.42	06.88	01.13	31.81	-0.04
0475	01	11.60555	11.60555	02.42	02.08	-0.66	35.24	-0.01
0572	03	05.86038	05.85538	03.99	05.05	01.20	30.14	-0.04
