RAW	190820	095654	057202	02
GEOM1	00.00	00.00	0.000000	0.000000	0.000000	0.000000	00.00	00.00	00.00	00.00	1000000.00	-3
GEOM2	00.00	00.00	0.000000	0.000000	0.000000	0.000000	00.00	00.00	00.00	00.00	0000.000	0000.000	1000000.00	-3
LDF	15.142015	0.150001	48.686505	0.150037	0313075.5	0256311.9	10.88	00.00	-2
GLDF	00.00	23.11	0.000000	0.150000	0.000000	0.150000	00.00	56.09	00.00	01.41	0313075.5	0000001.4	10.88	1000000.00	-2
0472	01	01.82996	01.82996	01.85	01.95	-0.52	30.05	-0.03
0673	04	00.35789	00.35789	11.90	16.18	02.92	31.83	-0.04
0674	04	00.79527	00.79527	04.18	04.53	02.84	33.58	-0.04
0675	02	03.56569	03.56569	05.33	03.51	02.84	35.32	-0.04
0776	01	00.00000	00.00000	00.82	00.92	04.49	37.09	-0.04
