RAW	190802	045606	032812	02
GEOM1	00.00	00.00	0.000000	0.000000	0.000000	0.000000	00.00	00.00	00.00	00.00	1000000.00	-3
GEOM2	00.00	00.00	0.000000	0.000000	0.000000	0.000000	00.00	00.00	00.00	00.00	0000.000	0000.000	1000000.00	-3
LDF	16.907876	0.154675	47.609688	0.064007	0095105.0	0036210.8	02.41	02.27	-1
GLDF	00.00	19.86	0.000000	0.150000	0.000000	0.150001	00.00	57.70	00.00	01.41	0095105.0	0000001.4	02.41	1000000.00	-2
0772	04	07.02939	07.02939	10.15	07.12	04.71	30.23	-0.02
0976	01	10.04345	10.04844	01.64	00.48	07.99	37.16	-0.09
0773	02	00.00000	00.00000	03.91	02.16	04.63	31.89	-0.04
0773	04	07.28504	07.29003	28.36	10.41	04.63	31.89	-0.04
0672	02	03.90437	03.90937	11.57	09.91	02.92	30.12	-0.04
