RAW	190821	153002	068375	02
GEOM1	00.00	00.00	0.000000	0.000000	0.000000	0.000000	00.00	00.00	00.00	00.00	1000000.00	-3
GEOM2	00.00	00.00	0.000000	0.000000	0.000000	0.000000	00.00	00.00	00.00	00.00	0000.000	0000.000	1000000.00	-3
LDF	17.580937	0.070881	53.544010	0.150454	0071479.1	0028214.6	01.97	00.25	-1
GLDF	00.00	29.31	0.000000	0.150000	0.000000	0.150000	00.00	61.64	00.00	01.41	0071479.1	0000001.4	01.97	1000000.00	-2
0772	01	07.78765	07.78765	01.77	01.08	04.71	30.23	-0.02
0677	01	08.58287	08.58787	01.28	00.62	03.06	38.49	-0.00
0876	04	02.49412	02.49412	06.43	04.80	06.27	37.12	-0.05
0776	04	03.55284	03.54784	05.21	09.11	04.49	37.09	-0.04
0473	01	00.00000	00.00000	00.83	01.81	-0.52	31.76	-0.03
0875	02	00.22097	00.22097	08.77	24.63	06.27	35.38	-0.07
