RAW	190820	200931	207196	02
GEOM1	00.00	00.00	0.000000	0.000000	0.000000	0.000000	00.00	00.00	00.00	00.00	1000000.00	-3
GEOM2	00.00	00.00	0.000000	0.000000	0.000000	0.000000	00.00	00.00	00.00	00.00	0000.000	0000.000	1000000.00	-3
LDF	17.881909	0.137146	47.629464	0.136406	0156040.9	0098237.0	04.07	00.46	-1
GLDF	00.00	29.52	0.000000	0.150000	0.000000	0.150001	00.00	68.52	00.00	01.41	0156040.9	0000001.4	04.07	1000000.00	-2
0772	04	08.78785	08.78785	02.78	03.61	04.71	30.23	-0.02
0673	02	01.55985	01.55485	01.71	01.21	02.92	31.83	-0.04
0878	01	00.00000	00.00000	01.29	02.03	06.34	40.13	-0.02
0873	04	08.01991	08.01991	04.89	03.65	06.42	31.99	-0.03
0773	02	05.58760	05.58760	21.05	09.60	04.63	31.89	-0.04
