RAW	190804	154001	181655	02
GEOM1	00.00	00.00	0.000000	0.000000	0.000000	0.000000	00.00	00.00	00.00	00.00	1000000.00	-3
GEOM2	00.00	00.00	0.000000	0.000000	0.000000	0.000000	00.00	00.00	00.00	00.00	0000.000	0000.000	1000000.00	-3
LDF	17.503737	0.099483	54.870157	0.152300	0106422.8	0060313.2	02.65	01.94	-1
GLDF	00.00	28.68	0.000000	0.150000	0.000000	0.150000	00.00	61.56	00.00	01.41	0106422.8	0000001.4	02.65	1000000.00	-2
0777	04	02.33633	02.34133	09.06	08.20	04.48	38.84	-0.02
0876	02	01.38035	01.38035	01.78	01.26	06.27	37.12	-0.05
0776	03	04.88302	04.88802	04.64	04.92	04.49	37.09	-0.04
0877	04	03.61896	03.61396	07.19	07.26	06.20	38.86	-0.05
0475	01	00.00000	00.00000	01.95	01.97	-0.66	35.24	-0.01
