RAW	190821	094428	150749	02
GEOM1	00.00	00.00	0.000000	0.000000	0.000000	0.000000	00.00	00.00	00.00	00.00	1000000.00	-3
GEOM2	00.00	00.00	0.000000	0.000000	0.000000	0.000000	00.00	00.00	00.00	00.00	0000.000	0000.000	1000000.00	-3
LDF	21.797650	0.149995	48.723156	0.150005	2777942.1	1920317.3	118.79	00.00	-2
GLDF	00.00	21.82	0.000000	0.150000	0.000000	0.150000	00.00	48.12	00.00	01.41	2777942.1	0000001.4	118.79	1000000.00	-2
0876	01	02.35906	02.35906	00.75	00.38	06.27	37.12	-0.05
0973	02	08.14106	08.14106	05.01	04.29	08.07	31.96	-0.03
0974	04	05.57324	05.57324	04.14	05.67	08.06	33.70	-0.06
1073	04	05.72657	05.72657	34.27	14.21	09.86	32.00	-0.03
0573	01	00.00000	00.00000	01.11	00.80	01.13	31.81	-0.04
