RAW	190801	124723	083233	02
GEOM1	00.00	00.00	0.000000	0.000000	0.000000	0.000000	00.00	00.00	00.00	00.00	1000000.00	-3
GEOM2	00.00	00.00	0.000000	0.000000	0.000000	0.000000	00.00	00.00	00.00	00.00	0000.000	0000.000	1000000.00	-3
LDF	14.164539	0.081055	50.001454	0.151015	0047391.7	0022813.7	01.37	00.46	-1
GLDF	00.00	27.48	0.000000	0.150000	0.000000	0.150001	00.00	74.64	00.00	01.41	0047391.7	0000001.4	01.37	1000000.00	-2
0574	04	06.40109	06.40109	07.55	04.92	01.13	33.54	-0.04
0674	04	05.82979	05.82479	04.49	04.23	02.84	33.58	-0.04
0675	02	02.98110	02.98110	07.47	28.97	02.84	35.32	-0.04
0876	01	03.96367	03.96867	03.88	01.51	06.27	37.12	-0.05
0877	01	00.00000	00.00000	01.27	02.35	06.20	38.86	-0.05
