RAW	190801	043951	188946	02
GEOM1	00.00	00.00	0.000000	0.000000	0.000000	0.000000	00.00	00.00	00.00	00.00	1000000.00	-3
GEOM2	00.00	00.00	0.000000	0.000000	0.000000	0.000000	00.00	00.00	00.00	00.00	0000.000	0000.000	1000000.00	-3
LDF	12.310705	0.175254	49.298796	0.174916	0105039.4	0117184.9	02.62	01.66	-1
GLDF	00.00	26.21	0.000000	0.150000	0.000000	0.150000	00.00	73.05	00.00	01.41	0105039.4	0000001.4	02.62	1000000.00	-2
0574	02	05.98777	05.98777	17.86	08.73	01.13	33.54	-0.04
0675	02	00.00000	00.00000	02.33	01.64	02.84	35.32	-0.04
1076	01	00.75180	00.75180	01.25	01.05	09.70	37.20	-0.12
0573	04	02.80664	02.80664	04.13	03.77	01.13	31.81	-0.04
0474	04	03.68312	03.68312	04.59	09.88	-0.59	33.51	-0.01
