RAW	190824	110128	938626	01
GEOM1	00.00	00.00	0.000000	0.000000	0.000000	0.000000	00.00	00.00	00.00	00.00	1000000.00	-4
GEOM2	00.00	00.00	0.000000	0.000000	0.000000	0.000000	00.00	00.00	00.00	00.00	0000.000	0000.000	1000000.00	-4
LDF	10.006950	0.150380	46.449300	0.113451	0000001.0	0014135.9	00.14	1000000.00	-3
GLDF	-36.57	  nan	1.916126	   nan	8.898369	   nan	72.29	  nan	126.45	  nan	0030081.9	      nan	00.00	1000000.00	-4
0372	04	13.05336	13.05336	01.78	01.43	-2.24	30.01	-0.01
0574	01	00.00000	00.00000	01.77	00.92	01.13	33.54	-0.04
0576	01	09.34574	09.34574	01.16	01.63	01.05	37.01	-0.02
0673	01	04.72255	04.72755	01.52	01.27	02.92	31.83	-0.04
0573	01	13.03423	13.02923	01.13	01.69	01.13	31.81	-0.04
