RAW	190824	235240	497358	01
GEOM1	00.00	00.00	0.000000	0.000000	0.000000	0.000000	00.00	00.00	00.00	00.00	1000000.00	-4
GEOM2	00.00	00.00	0.000000	0.000000	0.000000	0.000000	00.00	00.00	00.00	00.00	0000.000	0000.000	1000000.00	-4
LDF	15.159130	0.150380	48.272600	0.113451	0000001.0	0014135.9	00.14	1000000.00	-3
GLDF	00.00	47.98	0.000000	0.150000	0.000000	0.150000	00.00	91.63	00.00	01.41	0000001.0	0000001.4	00.00	1000000.00	-4
0673	04	00.00000	00.00000	01.36	03.21	02.92	31.83	-0.04
0673	02	06.75051	06.75551	01.27	01.74	02.92	31.83	-0.04
0575	01	09.75329	09.75329	01.78	01.84	01.13	35.27	-0.03
0777	01	11.60783	11.61283	00.66	01.84	04.48	38.84	-0.02
0676	01	04.31548	04.32047	01.08	01.39	02.77	37.09	-0.03
