RAW	190818	054024	637498	02
GEOM1	00.00	00.00	0.000000	0.000000	0.000000	0.000000	00.00	00.00	00.00	00.00	1000000.00	-3
GEOM2	00.00	00.00	0.000000	0.000000	0.000000	0.000000	00.00	00.00	00.00	00.00	0000.000	0000.000	1000000.00	-3
LDF	19.295089	0.192049	49.371007	0.150221	0106183.9	0102842.3	02.65	02.30	-1
GLDF	00.00	29.17	0.000000	0.150000	0.000000	0.150001	00.00	61.26	00.00	01.41	0106183.9	0000001.4	02.65	1000000.00	-2
0372	01	00.00000	00.00000	00.87	01.40	-2.24	30.01	-0.01
0472	01	09.96056	09.96056	01.07	01.79	-0.52	30.05	-0.03
0574	01	11.75790	11.75790	01.04	00.65	01.13	33.54	-0.04
0675	01	10.78248	10.78248	02.75	02.21	02.84	35.32	-0.04
0873	03	08.43947	08.43947	07.45	08.41	06.42	31.99	-0.03
0874	04	05.64061	05.64061	04.91	03.62	06.35	33.66	-0.06
0974	04	07.12999	07.12999	06.13	06.00	08.06	33.70	-0.06
0475	01	01.77942	01.71946	03.52	02.24	-0.66	35.24	-0.01
