RAW	190818	035202	027676	02
GEOM1	00.00	00.00	0.000000	0.000000	0.000000	0.000000	00.00	00.00	00.00	00.00	1000000.00	-3
GEOM2	00.00	00.00	0.000000	0.000000	0.000000	0.000000	00.00	00.00	00.00	00.00	0000.000	0000.000	1000000.00	-3
LDF	14.362497	0.077198	47.825284	0.149214	0122403.0	0057728.7	03.04	00.11	-1
GLDF	05.26	00.10	14.582506	0.123050	48.264591	0.113687	68.00	02.15	279.62	01.59	0000031.3	0000037.2	04.85	1000000.00	-2
0673	04	05.36812	05.37312	14.63	05.45	02.92	31.83	-0.04
0675	01	00.00000	00.00000	01.10	01.00	02.84	35.32	-0.04
0978	01	12.22844	12.23343	03.38	02.55	07.91	40.63	-0.05
0573	04	05.14174	05.14674	03.96	04.37	01.13	31.81	-0.04
0572	03	03.23073	03.24073	04.99	05.19	01.20	30.14	-0.04
