RAW	190817	155502	423055	02
GEOM1	00.00	00.00	0.000000	0.000000	0.000000	0.000000	00.00	00.00	00.00	00.00	1000000.00	-3
GEOM2	00.00	00.00	0.000000	0.000000	0.000000	0.000000	00.00	00.00	00.00	00.00	0000.000	0000.000	1000000.00	-3
LDF	16.385406	0.128573	47.180946	0.121375	0421299.2	0181058.4	15.06	00.23	-1
GLDF	00.00	24.27	0.000000	0.150000	0.000000	0.150000	00.00	54.78	00.00	01.41	0421299.2	0000001.4	15.06	1000000.00	-2
0772	03	03.03428	03.03428	08.74	06.89	04.71	30.23	-0.02
0977	01	05.87350	05.87350	01.11	00.87	07.92	38.89	-0.09
1076	01	07.01445	07.00945	01.18	01.73	09.70	37.20	-0.12
0773	04	00.00000	00.00000	08.39	06.47	04.63	31.89	-0.04
0672	04	01.39167	01.39167	05.71	06.09	02.92	30.12	-0.04
