RAW	190801	080006	251813	02
GEOM1	00.00	00.00	0.000000	0.000000	0.000000	0.000000	00.00	00.00	00.00	00.00	1000000.00	-3
GEOM2	00.00	00.00	0.000000	0.000000	0.000000	0.000000	00.00	00.00	00.00	00.00	0000.000	0000.000	1000000.00	-3
LDF	12.617249	0.145094	50.939814	0.144704	0187445.1	0131854.2	05.28	00.99	-1
GLDF	00.00	28.28	0.000000	0.150000	0.000000	0.150001	00.00	79.22	00.00	01.41	0187445.1	0000001.4	05.28	1000000.00	-2
0574	02	07.55550	07.55550	21.49	04.11	01.13	33.54	-0.04
0575	04	05.17255	05.16755	06.80	05.37	01.13	35.27	-0.03
1075	01	08.86423	08.85423	00.28	00.89	09.78	35.47	-0.10
0877	01	00.00000	00.00000	01.11	01.65	06.20	38.86	-0.05
0975	01	04.45468	04.44968	03.50	05.01	07.99	35.38	-0.08
0474	04	04.27585	04.26586	03.43	04.61	-0.59	33.51	-0.01
