RAW	190821	112709	009492	03
GEOM1	04.92	00.11	18.197285	0.150062	54.801831	0.150525	46.91	06.29	307.36	05.38	00.00	-2
GEOM2	04.96	03.81	18.197291	0.150055	54.801818	0.150579	46.38	47.64	303.16	455.11	0000.516	0227.066	00.00	-3
LDF	18.172667	0.140650	54.770785	0.093360	0007745.7	0003380.9	02.83	02.99	00
GLDF	04.93	00.11	18.169468	0.141627	54.772029	0.088911	47.30	04.75	307.37	04.27	0007432.4	0005790.7	03.03	04.40	00
0878	01	00.00000	00.00000	01.13	01.26	06.34	40.13	-0.02
0876	04	05.88212	05.88712	04.41	05.61	06.27	37.12	-0.05
0873	01	05.88745	05.89744	02.18	01.55	06.42	31.99	-0.03
0776	04	05.20452	05.20951	03.75	07.42	04.49	37.09	-0.04
0877	04	04.78691	04.78691	39.28	14.31	06.20	38.86	-0.05
0972	01	09.40037	09.40037	00.65	00.46	08.14	30.22	00.02
