RAW	190801	223929	248279	02
GEOM1	00.00	00.00	0.000000	0.000000	0.000000	0.000000	00.00	00.00	00.00	00.00	1000000.00	-3
GEOM2	00.00	00.00	0.000000	0.000000	0.000000	0.000000	00.00	00.00	00.00	00.00	0000.000	0000.000	1000000.00	-3
LDF	18.493542	0.149995	55.745669	0.150112	0047555.1	0045532.6	01.38	00.00	-2
GLDF	00.00	29.11	0.000000	0.150000	0.000000	0.150000	00.00	67.79	00.00	01.41	0047555.1	0000001.4	01.38	1000000.00	-2
0675	01	00.00000	00.00000	07.79	03.78	02.84	35.32	-0.04
0777	02	04.87098	04.87098	04.53	05.83	04.48	38.84	-0.02
0878	04	07.48665	07.49165	07.18	04.37	06.34	40.13	-0.02
0877	04	08.08594	08.08594	09.81	11.46	06.20	38.86	-0.05
0475	01	08.71049	08.71049	01.56	01.38	-0.66	35.24	-0.01
