RAW	190821	092101	734359	02
GEOM1	00.00	00.00	0.000000	0.000000	0.000000	0.000000	00.00	00.00	00.00	00.00	1000000.00	-3
GEOM2	00.00	00.00	0.000000	0.000000	0.000000	0.000000	00.00	00.00	00.00	00.00	0000.000	0000.000	1000000.00	-3
LDF	20.592336	0.142169	51.303050	0.128675	0462451.1	0250077.6	16.68	00.51	-1
GLDF	00.00	27.55	0.000000	0.150000	0.000000	0.150000	00.00	55.48	00.00	01.41	0462451.1	0000001.4	16.68	1000000.00	-2
1075	04	04.96913	04.96913	04.19	04.72	09.78	35.47	-0.10
1076	02	10.68341	10.68341	02.70	02.65	09.70	37.20	-0.12
0974	04	05.86137	05.86637	12.16	07.32	08.06	33.70	-0.06
0676	01	00.00000	00.00000	02.10	01.15	02.77	37.09	-0.03
0975	03	06.63067	06.63067	17.21	09.91	07.99	35.38	-0.08
