RAW	190821	122946	347195	02
GEOM1	00.00	00.00	0.000000	0.000000	0.000000	0.000000	00.00	00.00	00.00	00.00	1000000.00	-3
GEOM2	00.00	00.00	0.000000	0.000000	0.000000	0.000000	00.00	00.00	00.00	00.00	0000.000	0000.000	1000000.00	-3
LDF	17.888897	0.086195	46.673614	0.154524	0058538.6	0031444.4	01.70	01.87	-1
GLDF	00.00	22.03	0.000000	0.150000	0.000000	0.150001	00.00	61.77	00.00	01.41	0058538.6	0000001.4	01.70	1000000.00	-2
0772	04	09.13341	09.13341	07.17	04.76	04.71	30.23	-0.02
0777	01	00.00000	00.00000	01.10	01.18	04.48	38.84	-0.02
1075	01	15.48735	15.48735	01.24	01.23	09.78	35.47	-0.10
0975	01	09.83831	09.83831	01.66	01.98	07.99	35.38	-0.08
1073	01	04.73253	04.73253	01.02	01.06	09.86	32.00	-0.03
0474	01	15.50448	15.50948	02.25	01.07	-0.59	33.51	-0.01
0872	04	09.47906	09.47406	10.95	14.50	06.35	30.23	00.01
0672	02	06.64084	06.64084	07.54	07.09	02.92	30.12	-0.04
