RAW	190821	123849	928733	02
GEOM1	00.00	00.00	0.000000	0.000000	0.000000	0.000000	00.00	00.00	00.00	00.00	1000000.00	-3
GEOM2	00.00	00.00	0.000000	0.000000	0.000000	0.000000	00.00	00.00	00.00	00.00	0000.000	0000.000	1000000.00	-3
LDF	12.948302	0.142037	47.206089	0.131887	0244703.9	0145940.9	07.88	00.55	-1
GLDF	00.00	25.44	0.000000	0.150000	0.000000	0.150001	00.00	71.08	00.00	01.41	0244703.9	0000001.4	07.88	1000000.00	-2
0472	04	03.97486	03.97486	03.88	03.72	-0.52	30.05	-0.03
0973	01	06.32119	06.32119	01.78	01.61	08.07	31.96	-0.03
0874	01	05.36429	05.36429	01.96	01.28	06.35	33.66	-0.06
0974	01	07.28079	07.28079	01.60	01.40	08.06	33.70	-0.06
0676	01	00.00000	00.00000	01.20	01.57	02.77	37.09	-0.03
0573	04	02.85529	02.86029	09.21	04.11	01.13	31.81	-0.04
0572	03	05.26557	05.26557	06.96	03.56	01.20	30.14	-0.04
