RAW	190801	205301	151172	02
GEOM1	00.00	00.00	0.000000	0.000000	0.000000	0.000000	00.00	00.00	00.00	00.00	1000000.00	-3
GEOM2	00.00	00.00	0.000000	0.000000	0.000000	0.000000	00.00	00.00	00.00	00.00	0000.000	0000.000	1000000.00	-3
LDF	20.855645	0.154165	48.960614	0.236516	0082457.8	0107102.5	02.17	03.03	-1
GLDF	00.00	24.18	0.000000	0.150000	0.000000	0.150000	00.00	47.15	00.00	01.41	0082457.8	0000001.4	02.17	1000000.00	-2
0973	04	01.47869	01.48369	14.91	08.32	08.07	31.96	-0.03
1075	02	08.20048	08.20048	01.60	02.38	09.78	35.47	-0.10
1076	01	08.26454	08.26454	01.30	01.15	09.70	37.20	-0.12
0974	04	00.00000	00.00000	06.70	06.67	08.06	33.70	-0.06
1073	03	02.47598	02.47598	07.77	07.00	09.86	32.00	-0.03
