RAW	190820	131232	005338	02
GEOM1	00.00	00.00	0.000000	0.000000	0.000000	0.000000	00.00	00.00	00.00	00.00	1000000.00	-3
GEOM2	00.00	00.00	0.000000	0.000000	0.000000	0.000000	00.00	00.00	00.00	00.00	0000.000	0000.000	1000000.00	-3
LDF	17.166454	0.150041	53.537238	0.150000	0316614.4	0261181.3	11.01	00.00	-2
GLDF	00.00	27.23	0.000000	0.150000	0.000000	0.150001	00.00	66.38	00.00	01.41	0316614.4	0000001.4	11.01	1000000.00	-2
0876	04	06.33989	06.33989	04.12	04.25	06.27	37.12	-0.05
0776	02	02.38799	02.38799	01.35	01.71	04.49	37.09	-0.04
0776	04	07.07477	07.06977	10.56	15.33	04.49	37.09	-0.04
0974	01	00.00000	00.00000	01.26	00.99	08.06	33.70	-0.06
0676	02	03.94031	03.94031	04.92	03.99	02.77	37.09	-0.03
