RAW	190817	002741	418632	02
GEOM1	00.00	00.00	0.000000	0.000000	0.000000	0.000000	00.00	00.00	00.00	00.00	1000000.00	-3
GEOM2	00.00	00.00	0.000000	0.000000	0.000000	0.000000	00.00	00.00	00.00	00.00	0000.000	0000.000	1000000.00	-3
LDF	12.518915	0.077751	46.528675	0.150984	0053727.1	0024411.3	01.57	00.52	-1
GLDF	00.00	23.69	0.000000	0.150000	0.000000	0.150000	00.00	68.38	00.00	01.41	0053727.1	0000001.4	01.57	1000000.00	-2
0472	04	03.42875	03.42875	10.60	03.52	-0.52	30.05	-0.03
1076	01	06.21374	06.21874	01.39	01.63	09.70	37.20	-0.12
0877	01	06.80874	06.80375	00.54	01.85	06.20	38.86	-0.05
0672	02	00.00000	00.00000	04.94	03.88	02.92	30.12	-0.04
0572	04	02.72658	02.72159	04.02	05.69	01.20	30.14	-0.04
