RAW	190820	073621	255300	02
GEOM1	00.00	00.00	0.000000	0.000000	0.000000	0.000000	00.00	00.00	00.00	00.00	1000000.00	-3
GEOM2	00.00	00.00	0.000000	0.000000	0.000000	0.000000	00.00	00.00	00.00	00.00	0000.000	0000.000	1000000.00	-3
LDF	11.395327	0.154608	47.131120	0.372562	0064182.4	0138745.4	01.82	03.12	-1
GLDF	00.00	20.96	0.000000	0.150000	0.000000	0.150000	00.00	61.95	00.00	01.41	0064182.4	0000001.4	01.82	1000000.00	-2
0372	03	02.08965	02.08965	03.42	04.69	-2.24	30.01	-0.01
0472	04	00.11219	00.11219	14.03	10.84	-0.52	30.05	-0.03
0977	01	03.45055	03.45055	01.77	02.55	07.92	38.89	-0.09
1076	01	01.96566	01.96566	00.95	01.62	09.70	37.20	-0.12
0473	04	00.00000	00.00000	06.55	06.49	-0.52	31.76	-0.03
