RAW	190822	132402	320404	01
GEOM1	00.00	00.00	0.000000	0.000000	0.000000	0.000000	00.00	00.00	00.00	00.00	1000000.00	-4
GEOM2	00.00	00.00	0.000000	0.000000	0.000000	0.000000	00.00	00.00	00.00	00.00	0000.000	0000.000	1000000.00	-4
LDF	13.442260	0.136684	46.578400	0.137725	0000001.0	0058023.0	02.04	1000000.00	-3
GLDF	00.00	42.82	0.000000	0.150000	0.000000	0.150001	00.00	157.76	00.00	01.41	0000001.0	0000001.4	00.00	1000000.00	-4
0574	01	03.25761	03.26261	01.49	01.07	01.13	33.54	-0.04
0675	01	00.00000	00.00000	02.29	02.63	02.84	35.32	-0.04
1075	01	05.46904	05.47403	02.64	01.88	09.78	35.47	-0.10
0877	01	11.32177	11.32676	01.20	01.34	06.20	38.86	-0.05
0475	01	15.00708	15.00708	00.99	01.16	-0.66	35.24	-0.01
0572	01	05.37239	05.37739	01.04	01.45	01.20	30.14	-0.04
0572	04	15.11079	15.11579	02.73	02.66	01.20	30.14	-0.04
