RAW	190820	061718	935576	02
GEOM1	00.00	00.00	0.000000	0.000000	0.000000	0.000000	00.00	00.00	00.00	00.00	1000000.00	-3
GEOM2	00.00	00.00	0.000000	0.000000	0.000000	0.000000	00.00	00.00	00.00	00.00	0000.000	0000.000	1000000.00	-3
LDF	20.157888	0.150797	56.149889	0.062115	0086370.2	0029780.8	02.24	00.42	-1
GLDF	00.00	29.02	0.000000	0.150000	0.000000	0.150000	00.00	60.42	00.00	01.41	0086370.2	0000001.4	02.24	1000000.00	-2
0673	01	00.00000	00.00000	02.69	01.41	02.92	31.83	-0.04
0675	01	05.59670	05.59670	04.66	02.68	02.84	35.32	-0.04
0977	04	05.69478	05.69478	13.96	06.34	07.92	38.89	-0.09
0978	04	06.10344	06.10344	07.68	07.06	07.91	40.63	-0.05
0874	01	10.03295	10.03295	00.84	01.67	06.35	33.66	-0.06
0976	02	02.93697	02.93697	05.72	04.74	07.99	37.16	-0.09
