RAW	190821	102107	712183	01
GEOM1	00.00	00.00	0.000000	0.000000	0.000000	0.000000	00.00	00.00	00.00	00.00	1000000.00	-4
GEOM2	00.00	00.00	0.000000	0.000000	0.000000	0.000000	00.00	00.00	00.00	00.00	0000.000	0000.000	1000000.00	-4
LDF	15.159130	0.149995	48.272600	0.150005	0000001.0	1920317.3	118.79	1000000.00	-3
GLDF	00.00	39.43	0.000000	0.150000	0.000000	0.150000	00.00	104.57	00.00	01.41	0000001.0	0000001.4	00.00	1000000.00	-4
0772	01	06.36484	06.36484	01.31	01.40	04.71	30.23	-0.02
0673	04	07.54136	07.54136	05.11	03.68	02.92	31.83	-0.04
0677	01	04.48666	04.48666	01.33	00.89	03.06	38.49	-0.00
0873	02	00.00000	00.00000	01.20	01.86	06.42	31.99	-0.03
1075	01	06.97344	06.96844	01.72	01.43	09.78	35.47	-0.10
0573	02	04.09488	04.09488	13.83	07.07	01.13	31.81	-0.04
0773	02	04.28346	04.28346	07.75	05.29	04.63	31.89	-0.04
