RAW	190822	202021	092881	01
GEOM1	00.00	00.00	0.000000	0.000000	0.000000	0.000000	00.00	00.00	00.00	00.00	1000000.00	-4
GEOM2	00.00	00.00	0.000000	0.000000	0.000000	0.000000	00.00	00.00	00.00	00.00	0000.000	0000.000	1000000.00	-4
LDF	20.310540	0.150380	48.397300	0.113451	0000001.0	0014135.9	00.14	1000000.00	-3
GLDF	10.38	00.00	20.492136	0.000008	48.425689	0.000003	88.39	00.00	298.17	00.00	0000000.0	0000000.0	2378937437139519570000916512768.00	01.50	-4
0772	01	00.12038	00.11539	01.49	01.04	04.71	30.23	-0.02
0472	01	00.00000	00.00000	12.78	04.68	-0.52	30.05	-0.03
0674	01	00.75727	00.75227	01.24	01.42	02.84	33.58	-0.04
0973	04	10.32640	10.32141	01.58	01.53	08.07	31.96	-0.03
1073	02	08.35740	08.34740	01.49	01.95	09.86	32.00	-0.03
