RAW	190817	124849	797579	02
GEOM1	00.00	00.00	0.000000	0.000000	0.000000	0.000000	00.00	00.00	00.00	00.00	1000000.00	-3
GEOM2	00.00	00.00	0.000000	0.000000	0.000000	0.000000	00.00	00.00	00.00	00.00	0000.000	0000.000	1000000.00	-3
LDF	14.980776	0.149975	46.562277	0.150000	0528199.4	0431995.0	19.29	00.00	-2
GLDF	00.00	18.20	0.000000	0.150000	0.000000	0.150001	00.00	61.40	00.00	01.41	0528199.4	0000001.4	19.29	1000000.00	-2
0772	02	08.68475	08.67976	05.09	04.93	04.71	30.23	-0.02
0977	01	00.00000	00.00000	01.45	01.50	07.92	38.89	-0.09
0974	01	09.78562	09.78562	01.95	01.29	08.06	33.70	-0.06
0672	04	06.25917	06.25418	31.52	33.28	02.92	30.12	-0.04
0572	04	07.59629	07.59629	04.35	03.19	01.20	30.14	-0.04
