RAW	190820	225837	281421	03
GEOM1	04.62	00.15	19.707781	0.150098	56.003002	0.135369	89.16	04.47	176.99	00.50	02.61	-2
GEOM2	04.64	00.13	19.711978	0.121974	56.082962	0.149612	89.28	288.22	176.84	16.20	-000.796	0017.540	00.00	-3
LDF	19.800929	0.000000	56.087681	0.000000	0000000.0	0000000.0	587217468007045446526692129020329543863951550843250533674441362781666390323751033471108534235037696.00	1000000.00	00
GLDF	04.62	01.41	19.803354	0.000000	56.008045	0.000000	89.16	00.00	177.75	00.00	-000000.0	0000000.0	  nan	1000000.00	00
0977	04	04.13827	04.13827	15.62	06.12	07.92	38.89	-0.09
0978	04	04.22272	04.22272	05.46	04.92	07.91	40.63	-0.05
0878	04	05.78171	05.78171	07.57	05.15	06.34	40.13	-0.02
1075	01	02.78545	02.78545	02.49	00.67	09.78	35.47	-0.10
0776	01	00.00000	00.00000	00.87	01.38	04.49	37.09	-0.04
