RAW	190625	052149	194808	02
GEOM1	00.00	00.00	0.000000	0.000000	0.000000	0.000000	00.00	00.00	00.00	00.00	1000000.00	-3
GEOM2	00.00	00.00	0.000000	0.000000	0.000000	0.000000	00.00	00.00	00.00	00.00	0000.000	0000.000	1000000.00	-3
LDF	15.885730	0.108108	52.925469	0.151084	0128364.3	0075471.3	03.20	01.77	-1
GLDF	00.00	29.46	0.000000	0.150000	0.000000	0.150000	00.00	70.26	00.00	01.41	0128364.3	0000001.4	03.20	1000000.00	-2
0774	02	01.53312	01.53312	02.20	00.64	04.56	33.62	-0.05
0776	04	04.89279	04.89279	03.48	05.32	04.49	37.09	-0.04
0775	03	07.43721	07.43721	06.94	05.88	04.56	35.35	-0.05
0974	01	04.05213	04.05213	02.95	03.99	08.06	33.70	-0.06
0676	04	05.25507	05.25507	09.28	06.13	02.77	37.09	-0.03
0572	01	00.00000	00.00000	02.04	03.59	01.20	30.14	-0.04
