RAW	190629	141215	334893	02
GEOM1	00.00	00.00	0.000000	0.000000	0.000000	0.000000	00.00	00.00	00.00	00.00	1000000.00	-3
GEOM2	00.00	00.00	0.000000	0.000000	0.000000	0.000000	00.00	00.00	00.00	00.00	0000.000	0000.000	1000000.00	-3
LDF	16.909855	0.150888	47.564629	0.088317	0031480.9	0017382.8	00.66	00.38	-1
GLDF	00.00	28.35	0.000000	0.150000	0.000000	0.150001	00.00	63.85	00.00	01.41	0031480.9	0000001.4	00.66	1000000.00	-2
0772	04	04.33754	04.34753	03.34	03.52	04.71	30.23	-0.02
0774	02	03.01421	03.01921	03.26	03.47	04.56	33.62	-0.05
0675	01	00.00000	00.00000	00.46	00.85	02.84	35.32	-0.04
0777	01	07.74889	07.74889	02.97	04.54	04.48	38.84	-0.02
0773	04	05.93150	05.94649	04.64	05.02	04.63	31.89	-0.04
