RAW	190621	042002	093132	03
GEOM1	01.59	00.09	17.190208	0.149372	50.067600	0.148111	27.36	04.69	01.13	51.47	01.94	-2
GEOM2	01.52	00.07	17.219434	0.150049	50.068269	0.150074	30.21	41.12	355.33	678.06	0010.294	0003.859	00.00	-3
LDF	17.135990	0.162174	50.066346	0.151506	0303091.0	0198692.1	19.98	01.45	-1
GLDF	01.53	00.06	17.058503	0.133031	50.064674	0.134325	25.54	04.15	01.07	63.53	0450528.1	0310432.1	27.75	04.33	-1
0774	04	01.48571	01.48571	02.38	01.39	04.56	33.62	-0.05
0774	02	04.18887	04.18887	03.06	02.39	04.56	33.62	-0.05
0674	04	01.23742	01.23742	05.14	04.86	02.84	33.58	-0.04
0977	01	00.00000	00.00000	00.73	00.73	07.92	38.89	-0.09
0874	04	02.52113	02.52113	09.93	06.76	06.35	33.66	-0.06
0877	01	06.17542	06.17542	00.37	00.79	06.20	38.86	-0.05
0672	01	03.44494	03.44494	01.24	01.24	02.92	30.12	-0.04
