RAW	190619	042139	018029	02
GEOM1	00.00	00.00	0.000000	0.000000	0.000000	0.000000	00.00	00.00	00.00	00.00	1000000.00	-3
GEOM2	00.00	00.00	0.000000	0.000000	0.000000	0.000000	00.00	00.00	00.00	00.00	0000.000	0000.000	1000000.00	-3
LDF	20.669469	0.149477	47.647840	0.065440	0140409.8	0057323.4	03.56	00.04	-1
GLDF	00.00	21.90	0.000000	0.150000	0.000000	0.150000	00.00	49.12	00.00	01.41	0140409.8	0000001.4	03.56	1000000.00	-2
0774	01	11.57225	11.57225	01.24	00.82	04.56	33.62	-0.05
0575	01	04.40667	04.40667	02.43	01.89	01.13	35.27	-0.03
0878	01	08.16749	08.16749	02.51	01.21	06.34	40.13	-0.02
0873	01	00.00000	00.00000	01.36	01.10	06.42	31.99	-0.03
0973	04	04.95201	04.95201	22.21	10.72	08.07	31.96	-0.03
0972	04	05.07600	05.07600	07.80	05.59	08.14	30.22	00.02
1072	03	07.09155	07.09155	06.24	04.55	09.86	30.29	00.00
0474	01	04.15112	04.15112	01.35	01.62	-0.59	33.51	-0.01
