RAW	190603	081422	900059	02
GEOM1	00.00	00.00	0.000000	0.000000	0.000000	0.000000	00.00	00.00	00.00	00.00	1000000.00	-3
GEOM2	00.00	00.00	0.000000	0.000000	0.000000	0.000000	00.00	00.00	00.00	00.00	0000.000	0000.000	1000000.00	-3
LDF	13.837838	0.148219	47.545010	0.071615	0118958.8	0055848.4	02.95	00.15	-1
GLDF	01.16	00.12	13.994790	0.417859	47.675519	0.057688	27.35	15.10	249.23	10.53	0094425.3	0242832.5	05.25	1000000.00	-2
0978	01	00.58341	00.58841	01.11	00.73	07.91	40.63	-0.05
0873	01	06.74465	06.74965	01.29	00.88	06.42	31.99	-0.03
0573	04	01.05309	01.05309	14.65	12.15	01.13	31.81	-0.04
0872	01	07.20027	07.20027	01.42	03.21	06.35	30.23	00.01
0672	03	00.00000	00.00000	09.46	03.10	02.92	30.12	-0.04
0572	04	02.09044	02.08544	04.89	04.53	01.20	30.14	-0.04
