RAW	190622	031452	557115	02
GEOM1	00.00	00.00	0.000000	0.000000	0.000000	0.000000	00.00	00.00	00.00	00.00	1000000.00	-3
GEOM2	00.00	00.00	0.000000	0.000000	0.000000	0.000000	00.00	00.00	00.00	00.00	0000.000	0000.000	1000000.00	-3
LDF	17.420321	0.179956	49.520411	0.174427	0123498.0	0142020.5	03.07	03.34	-1
GLDF	00.00	22.65	0.000000	0.150000	0.000000	0.150001	00.00	58.33	00.00	01.41	0123498.0	0000001.4	03.07	1000000.00	-2
0774	04	05.96385	05.96884	12.77	17.33	04.56	33.62	-0.05
0575	02	12.75001	12.75501	01.44	02.40	01.13	35.27	-0.03
0675	02	00.00000	00.00000	01.35	02.04	02.84	35.32	-0.04
0873	04	06.54469	06.54469	06.69	06.64	06.42	31.99	-0.03
0874	02	04.14724	04.15224	11.18	07.61	06.35	33.66	-0.06
