RAW	190623	000455	234662	02
GEOM1	00.00	00.00	0.000000	0.000000	0.000000	0.000000	00.00	00.00	00.00	00.00	1000000.00	-3
GEOM2	00.00	00.00	0.000000	0.000000	0.000000	0.000000	00.00	00.00	00.00	00.00	0000.000	0000.000	1000000.00	-3
LDF	16.802562	0.150000	51.376239	0.149969	0277353.7	0231630.6	09.39	00.00	-2
GLDF	00.00	25.47	0.000000	0.150000	0.000000	0.150000	00.00	60.93	00.00	01.41	0277353.7	0000001.4	09.39	1000000.00	-2
0774	04	04.18440	04.18940	05.90	02.37	04.56	33.62	-0.05
0674	02	01.33822	01.33822	17.68	07.71	02.84	33.58	-0.04
0977	01	03.05143	03.04643	01.33	01.21	07.92	38.89	-0.09
0775	04	04.26320	04.26820	17.20	09.09	04.56	35.35	-0.05
0676	01	00.00000	00.00000	01.10	01.09	02.77	37.09	-0.03
