RAW	190621	034053	649008	02
GEOM1	00.00	00.00	0.000000	0.000000	0.000000	0.000000	00.00	00.00	00.00	00.00	1000000.00	-3
GEOM2	00.00	00.00	0.000000	0.000000	0.000000	0.000000	00.00	00.00	00.00	00.00	0000.000	0000.000	1000000.00	-3
LDF	17.559639	0.130090	50.075880	0.153554	0052669.2	0042354.9	01.54	01.50	-1
GLDF	00.00	26.92	0.000000	0.150000	0.000000	0.150000	00.00	57.29	00.00	01.41	0052669.2	0000001.4	01.54	1000000.00	-2
0772	01	03.98857	03.98857	00.87	00.54	04.71	30.23	-0.02
0774	04	02.47183	02.47183	09.47	07.32	04.56	33.62	-0.05
0777	01	03.05804	03.06304	01.48	01.17	04.48	38.84	-0.02
0874	04	02.18385	02.19385	04.00	04.78	06.35	33.66	-0.06
0974	02	00.00000	00.00000	07.28	05.14	08.06	33.70	-0.06
