RAW	190609	105032	294823	02
GEOM1	00.00	00.00	0.000000	0.000000	0.000000	0.000000	00.00	00.00	00.00	00.00	1000000.00	-3
GEOM2	00.00	00.00	0.000000	0.000000	0.000000	0.000000	00.00	00.00	00.00	00.00	0000.000	0000.000	1000000.00	-3
LDF	18.434785	0.136170	49.009325	0.149965	1149173.5	0771023.4	45.19	00.00	-1
GLDF	00.00	37.92	0.000000	0.150000	0.000000	0.150000	00.00	68.25	00.00	01.41	1149173.5	0000001.4	45.19	1000000.00	-2
0774	04	04.55349	04.55848	02.93	02.54	04.56	33.62	-0.05
0675	01	00.00000	00.00000	01.04	01.12	02.84	35.32	-0.04
0873	03	06.60913	06.60913	09.26	06.32	06.42	31.99	-0.03
0874	02	07.88436	07.88436	07.45	07.47	06.35	33.66	-0.06
0974	04	05.23300	05.23300	00.80	02.08	08.06	33.70	-0.06
