RAW	190601	025144	856041	01
GEOM1	00.00	00.00	0.000000	0.000000	0.000000	0.000000	00.00	00.00	00.00	00.00	1000000.00	-4
GEOM2	00.00	00.00	0.000000	0.000000	0.000000	0.000000	00.00	00.00	00.00	00.00	0000.000	0000.000	1000000.00	-4
LDF	16.803490	0.150034	50.059600	0.150000	0000001.0	0823604.0	49.36	1000000.00	-3
GLDF	05.63	00.00	16.782923	0.000682	50.090518	0.002562	86.41	00.17	184.91	03.67	0000000.0	0000000.0	2720246548212620984320.00	00.06	-4
0774	04	05.61364	05.61364	16.09	02.62	04.56	33.62	-0.05
0776	02	07.01157	07.01656	02.10	01.29	04.49	37.09	-0.04
0775	02	00.00000	00.00000	02.62	01.89	04.56	35.35	-0.05
0775	02	03.78241	03.78241	09.42	04.43	04.56	35.35	-0.05
0773	02	02.71468	02.70968	03.16	04.25	04.63	31.89	-0.04
