RAW	190618	201116	066840	02
GEOM1	00.00	00.00	0.000000	0.000000	0.000000	0.000000	00.00	00.00	00.00	00.00	1000000.00	-3
GEOM2	00.00	00.00	0.000000	0.000000	0.000000	0.000000	00.00	00.00	00.00	00.00	0000.000	0000.000	1000000.00	-3
LDF	17.865302	0.228618	54.644793	0.152292	0105994.1	0122207.9	02.64	03.16	-1
GLDF	00.00	28.47	0.000000	0.150000	0.000000	0.150000	00.00	64.14	00.00	01.41	0105994.1	0000001.4	02.64	1000000.00	-2
0675	01	08.65946	08.65946	01.86	01.51	02.84	35.32	-0.04
0777	04	04.24299	04.24299	08.54	06.06	04.48	38.84	-0.02
0876	03	02.50818	02.50818	06.40	11.43	06.27	37.12	-0.05
0775	01	06.99547	07.00046	01.44	00.87	04.56	35.35	-0.05
0877	04	05.37140	05.37140	10.70	07.30	06.20	38.86	-0.05
0975	01	00.00000	00.00000	01.44	01.14	07.99	35.38	-0.08
0572	01	05.73524	05.73024	00.95	01.35	01.20	30.14	-0.04
