RAW	190601	110637	513219	02
GEOM1	00.00	00.00	0.000000	0.000000	0.000000	0.000000	00.00	00.00	00.00	00.00	1000000.00	-3
GEOM2	00.00	00.00	0.000000	0.000000	0.000000	0.000000	00.00	00.00	00.00	00.00	0000.000	0000.000	1000000.00	-3
LDF	17.514729	0.127150	49.452121	0.126543	0234544.9	0112621.8	07.40	00.01	-1
GLDF	00.00	29.93	0.000000	0.150000	0.000000	0.150001	00.00	65.65	00.00	01.41	0234544.9	0000001.4	07.40	1000000.00	-2
0774	03	04.21714	04.21214	02.37	03.29	04.56	33.62	-0.05
0576	01	00.00000	00.00000	01.89	02.29	01.05	37.01	-0.02
0874	04	07.25176	07.25176	03.99	04.53	06.35	33.66	-0.06
0773	04	05.21215	05.20716	03.58	04.26	04.63	31.89	-0.04
0572	01	05.38446	05.37447	00.48	01.69	01.20	30.14	-0.04
