RAW	190622	120114	486081	01
GEOM1	00.00	00.00	0.000000	0.000000	0.000000	0.000000	00.00	00.00	00.00	00.00	1000000.00	-4
GEOM2	00.00	00.00	0.000000	0.000000	0.000000	0.000000	00.00	00.00	00.00	00.00	0000.000	0000.000	1000000.00	-4
LDF	16.949040	0.119159	46.672700	0.118103	0000001.0	0323903.9	34.26	1000000.00	-3
GLDF	00.00	44.32	0.000000	0.150000	0.000000	0.150000	00.00	104.83	00.00	01.41	0000001.0	0000001.4	00.00	1000000.00	-4
0772	04	09.20007	09.20007	02.28	03.14	04.71	30.23	-0.02
0574	01	09.89049	09.89049	02.07	00.44	01.13	33.54	-0.04
0775	01	07.28632	07.28632	03.12	03.19	04.56	35.35	-0.05
0972	01	00.00000	00.00000	00.64	00.93	08.14	30.22	00.02
0872	02	05.89848	05.89848	09.13	06.78	06.35	30.23	00.01
0672	02	07.00854	07.00854	09.73	05.61	02.92	30.12	-0.04
