RAW	190606	053728	842377	02
GEOM1	00.00	00.00	0.000000	0.000000	0.000000	0.000000	00.00	00.00	00.00	00.00	1000000.00	-3
GEOM2	00.00	00.00	0.000000	0.000000	0.000000	0.000000	00.00	00.00	00.00	00.00	0000.000	0000.000	1000000.00	-3
LDF	17.427298	0.130761	49.382287	0.123363	0333556.1	0153016.0	11.66	00.39	-1
GLDF	00.00	26.34	0.000000	0.150000	0.000000	0.150001	00.00	62.63	00.00	01.41	0333556.1	0000001.4	11.66	1000000.00	-2
0774	03	08.15861	08.15361	02.84	06.18	04.56	33.62	-0.05
0575	01	14.12831	14.12831	01.31	01.16	01.13	35.27	-0.03
0675	01	00.00000	00.00000	00.57	00.67	02.84	35.32	-0.04
0874	04	06.56358	06.56358	04.93	05.36	06.35	33.66	-0.06
0773	04	06.16483	06.16483	07.97	06.58	04.63	31.89	-0.04
