RAW	190605	165251	711270	02
GEOM1	00.00	00.00	0.000000	0.000000	0.000000	0.000000	00.00	00.00	00.00	00.00	1000000.00	-3
GEOM2	00.00	00.00	0.000000	0.000000	0.000000	0.000000	00.00	00.00	00.00	00.00	0002.405	0011.410	1000000.00	-3
LDF	15.507217	0.146939	49.042366	0.133160	0586780.8	0335702.3	21.65	01.86	-1
GLDF	00.00	20.66	0.000000	0.150000	0.000000	0.150001	00.00	62.01	00.00	01.41	0586780.8	0000001.4	21.65	1000000.00	-2
0673	03	05.53900	05.54400	14.55	13.69	02.92	31.83	-0.04
0674	04	07.11850	07.12349	20.72	22.23	02.84	33.58	-0.04
0773	04	06.40718	06.41218	08.99	05.20	04.63	31.89	-0.04
0672	01	00.00000	00.00000	00.99	01.28	02.92	30.12	-0.04
0572	01	12.69527	12.70027	01.25	00.82	01.20	30.14	-0.04
