RAW	190623	102716	880382	02
GEOM1	00.00	00.00	0.000000	0.000000	0.000000	0.000000	00.00	00.00	00.00	00.00	1000000.00	-3
GEOM2	00.00	00.00	0.000000	0.000000	0.000000	0.000000	00.00	00.00	00.00	00.00	0000.000	0000.000	1000000.00	-3
LDF	18.946959	0.153277	55.011797	0.159034	0022765.2	0026878.0	00.27	01.86	-1
GLDF	00.00	29.23	0.000000	0.150000	0.000000	0.150000	00.00	65.87	00.00	01.41	0022765.2	0000001.4	00.27	1000000.00	-2
0977	03	08.87416	08.74925	05.30	06.80	07.92	38.89	-0.09
0876	04	07.61443	07.61443	03.91	03.09	06.27	37.12	-0.05
0973	01	00.00000	00.00000	01.15	01.67	08.07	31.96	-0.03
1075	01	05.73132	05.72633	00.50	00.96	09.78	35.47	-0.10
0877	04	06.24532	06.24532	06.15	17.98	06.20	38.86	-0.05
0572	01	09.38755	09.38256	00.54	01.37	01.20	30.14	-0.04
