RAW	190608	022352	096336	02
GEOM1	00.00	00.00	0.000000	0.000000	0.000000	0.000000	00.00	00.00	00.00	00.00	1000000.00	-3
GEOM2	00.00	00.00	0.000000	0.000000	0.000000	0.000000	00.00	00.00	00.00	00.00	0000.000	0000.000	1000000.00	-3
LDF	18.981664	0.173357	54.528594	0.151059	0083170.1	0080941.2	02.19	01.94	-1
GLDF	-0.62	 -nan	19.263028	  -nan	57.405013	  -nan	89.73	 -nan	173.87	 -nan	2217507347.4	      nan	  inf	1000000.00	-2
0575	01	00.00000	00.00000	00.47	01.42	01.13	35.27	-0.03
0977	04	02.98010	02.99009	04.97	04.23	07.92	38.89	-0.09
0876	03	01.39618	01.40118	10.17	04.93	06.27	37.12	-0.05
0877	01	03.26817	03.27316	01.01	00.51	06.20	38.86	-0.05
0877	04	04.43739	04.44239	05.08	05.20	06.20	38.86	-0.05
0573	01	09.04749	09.05249	01.24	00.60	01.13	31.81	-0.04
