RAW	190608	095536	149979	02
GEOM1	00.00	00.00	0.000000	0.000000	0.000000	0.000000	00.00	00.00	00.00	00.00	1000000.00	-3
GEOM2	00.00	00.00	0.000000	0.000000	0.000000	0.000000	00.00	00.00	00.00	00.00	0000.000	0000.000	1000000.00	-3
LDF	15.525375	0.150001	46.600831	0.150002	1120549.6	1144879.9	43.96	00.00	-2
GLDF	00.00	27.04	0.000000	0.150000	0.000000	0.150001	00.00	70.66	00.00	01.41	1120549.6	0000001.4	43.96	1000000.00	-2
0772	03	05.53098	05.53098	04.28	04.68	04.71	30.23	-0.02
0576	01	09.26218	09.25719	01.84	01.98	01.05	37.01	-0.02
0674	01	05.71085	05.71085	00.75	01.72	02.84	33.58	-0.04
0878	01	00.00000	00.00000	03.54	04.36	06.34	40.13	-0.02
0973	01	00.70761	00.70761	01.05	01.52	08.07	31.96	-0.03
0672	04	05.79899	05.79899	08.38	05.50	02.92	30.12	-0.04
0572	02	03.86010	03.86010	04.20	03.03	01.20	30.14	-0.04
0572	04	05.27414	05.27414	02.21	01.48	01.20	30.14	-0.04
