RAW	190622	142204	092656	03
GEOM1	00.36	00.14	20.131800	0.150032	49.802262	0.150180	25.38	12.86	322.51	37.57	00.00	-2
GEOM2	00.50	04.65	20.131728	0.150523	49.802219	0.153315	39.43	454.03	292.87	665.52	0000.132	0177.353	00.00	-3
LDF	20.140369	0.168113	49.374415	0.158942	0074745.2	0070482.1	04.83	03.87	00
GLDF	00.37	00.13	20.139407	0.150452	49.798412	0.150714	26.01	11.55	320.81	31.87	0327779.6	0303023.7	20.04	02.08	-1
0973	03	02.37754	02.37754	11.10	09.27	08.07	31.96	-0.03
0874	04	00.00000	00.00000	05.52	05.47	06.35	33.66	-0.06
0974	04	00.40088	00.40088	09.51	28.40	08.06	33.70	-0.06
0676	01	00.92550	00.92550	02.22	01.57	02.77	37.09	-0.03
1072	04	02.79736	02.80236	02.04	03.15	09.86	30.29	00.00
0473	01	00.28781	00.29280	03.83	03.81	-0.52	31.76	-0.03
