RAW	190618	051821	581719	02
GEOM1	00.00	00.00	0.000000	0.000000	0.000000	0.000000	00.00	00.00	00.00	00.00	1000000.00	-3
GEOM2	00.00	00.00	0.000000	0.000000	0.000000	0.000000	00.00	00.00	00.00	00.00	0000.000	0000.000	1000000.00	-3
LDF	13.832905	0.129853	52.375237	0.125788	0348931.3	0163894.2	12.25	00.27	-1
GLDF	00.87	00.14	14.008490	0.143099	52.781818	0.150127	71.03	06.12	185.47	02.23	0000005.7	0000024.7	04.41	00.00	-2
0576	04	01.50089	01.50089	08.58	05.88	01.05	37.01	-0.02
0575	03	02.91042	02.91541	07.19	05.21	01.13	35.27	-0.03
0675	04	00.00000	00.00000	04.37	05.17	02.84	35.32	-0.04
1076	01	03.77280	03.77280	01.70	01.92	09.70	37.20	-0.12
0572	01	02.78396	02.78396	01.44	01.51	01.20	30.14	-0.04
