RAW	190602	105722	678157	02
GEOM1	00.00	00.00	0.000000	0.000000	0.000000	0.000000	00.00	00.00	00.00	00.00	1000000.00	-3
GEOM2	00.00	00.00	0.000000	0.000000	0.000000	0.000000	00.00	00.00	00.00	00.00	0000.000	0000.000	1000000.00	-3
LDF	15.682093	0.162353	51.170850	0.162371	0058585.8	0062785.0	01.70	01.52	-1
GLDF	00.00	29.75	0.000000	0.150000	0.000000	0.150000	00.00	61.40	00.00	01.41	0058585.8	0000001.4	01.70	1000000.00	-2
0774	04	00.00000	00.00000	03.27	03.08	04.56	33.62	-0.05
0675	04	00.74422	00.74422	04.63	08.10	02.84	35.32	-0.04
0775	02	03.23842	03.24342	04.42	05.35	04.56	35.35	-0.05
0573	01	07.53135	07.53635	01.18	00.94	01.13	31.81	-0.04
0773	01	01.67800	01.67800	01.25	00.96	04.63	31.89	-0.04
