RAW	190613	153628	828676	02
GEOM1	00.00	00.00	0.000000	0.000000	0.000000	0.000000	00.00	00.00	00.00	00.00	1000000.00	-3
GEOM2	00.00	00.00	0.000000	0.000000	0.000000	0.000000	00.00	00.00	00.00	00.00	0000.000	0000.000	1000000.00	-3
LDF	21.264146	0.150947	52.956045	0.222192	0149061.8	0152382.1	03.83	03.26	-1
GLDF	00.00	28.07	0.000000	0.150000	0.000000	0.150001	00.00	58.74	00.00	01.41	0149061.8	0000001.4	03.83	1000000.00	-2
0772	01	14.90106	14.90605	01.12	03.16	04.71	30.23	-0.02
0574	01	14.45555	14.46555	01.60	00.69	01.13	33.54	-0.04
0674	01	00.00000	00.00000	00.87	01.15	02.84	33.58	-0.04
1075	04	08.50266	08.51266	11.12	04.94	09.78	35.47	-0.10
1076	04	08.75460	08.75960	08.73	06.77	09.70	37.20	-0.12
0976	03	06.42988	06.43488	10.40	10.40	07.99	37.16	-0.09
0573	01	10.10461	10.10961	10.54	04.48	01.13	31.81	-0.04
