RAW	190606	194753	432015	02
GEOM1	00.00	00.00	0.000000	0.000000	0.000000	0.000000	00.00	00.00	00.00	00.00	1000000.00	-3
GEOM2	00.00	00.00	0.000000	0.000000	0.000000	0.000000	00.00	00.00	00.00	00.00	0000.000	0000.000	1000000.00	-3
LDF	21.124539	0.067136	46.690727	0.155126	0114879.3	0044949.2	02.85	02.62	-1
GLDF	00.00	19.91	0.000000	0.150000	0.000000	0.150001	00.00	51.43	00.00	01.41	0114879.3	0000001.4	02.85	1000000.00	-2
0977	01	01.93651	01.92652	02.26	01.55	07.92	38.89	-0.09
0972	04	09.86103	09.85604	33.64	07.77	08.14	30.22	00.02
1073	02	06.63286	06.63286	05.92	05.15	09.86	32.00	-0.03
1072	02	00.00000	00.00000	03.03	02.38	09.86	30.29	00.00
1072	04	09.55345	09.54846	09.81	08.02	09.86	30.29	00.00
0572	01	03.37045	03.36545	01.59	02.21	01.20	30.14	-0.04
