RAW	190608	031304	672678	02
GEOM1	00.00	00.00	0.000000	0.000000	0.000000	0.000000	00.00	00.00	00.00	00.00	1000000.00	-3
GEOM2	00.00	00.00	0.000000	0.000000	0.000000	0.000000	00.00	00.00	00.00	00.00	0000.000	0000.000	1000000.00	-3
LDF	12.642852	0.061526	48.042892	0.151001	0087419.4	0033317.3	02.26	00.35	-1
GLDF	00.00	20.93	0.000000	0.150000	0.000000	0.150000	00.00	63.79	00.00	01.41	0087419.4	0000001.4	02.26	1000000.00	-2
0472	03	00.00000	00.00000	03.03	02.19	-0.52	30.05	-0.03
0878	01	04.09056	04.08057	01.83	04.07	06.34	40.13	-0.02
0873	01	06.17526	06.17026	01.34	01.10	06.42	31.99	-0.03
0573	04	02.39246	02.39246	16.59	13.14	01.13	31.81	-0.04
0473	04	02.60372	02.60372	07.04	06.96	-0.52	31.76	-0.03
0475	01	04.20216	04.20715	01.82	01.01	-0.66	35.24	-0.01
