RAW	190607	141534	677730	02
GEOM1	00.00	00.00	0.000000	0.000000	0.000000	0.000000	00.00	00.00	00.00	00.00	1000000.00	-3
GEOM2	00.00	00.00	0.000000	0.000000	0.000000	0.000000	00.00	00.00	00.00	00.00	-003.896	0002.583	1000000.00	-3
LDF	13.549450	0.149983	46.542525	0.150000	1387280.5	1031255.6	55.53	00.00	-2
GLDF	00.00	26.08	0.000000	0.150000	0.000000	0.150001	00.00	76.35	00.00	01.41	1387280.5	0000001.4	55.53	1000000.00	-2
0472	04	05.42186	05.42186	06.01	02.69	-0.52	30.05	-0.03
0673	01	12.50506	12.50506	01.46	01.20	02.92	31.83	-0.04
0675	01	06.93100	06.93100	01.82	02.91	02.84	35.32	-0.04
1073	01	01.08000	01.08000	01.31	00.68	09.86	32.00	-0.03
0672	03	04.92226	04.92226	05.18	05.25	02.92	30.12	-0.04
0572	01	00.00000	00.00000	01.00	00.79	01.20	30.14	-0.04
0572	04	05.42632	05.42632	03.96	04.58	01.20	30.14	-0.04
