RAW	190620	055820	911738	02
GEOM1	00.00	00.00	0.000000	0.000000	0.000000	0.000000	00.00	00.00	00.00	00.00	1000000.00	-3
GEOM2	00.00	00.00	0.000000	0.000000	0.000000	0.000000	00.00	00.00	00.00	00.00	0000.000	0000.000	1000000.00	-3
LDF	17.361327	0.169181	50.870612	0.150789	0075805.0	0075180.9	02.05	01.83	-1
GLDF	00.00	30.89	0.000000	0.150000	0.000000	0.150001	00.00	67.24	00.00	01.41	0075805.0	0000001.4	02.05	1000000.00	-2
0774	04	06.27157	06.26657	03.58	03.94	04.56	33.62	-0.05
0874	01	00.00000	00.00000	01.48	01.22	06.35	33.66	-0.06
0874	04	06.65552	06.65052	04.72	03.70	06.35	33.66	-0.06
1076	01	09.00289	08.99789	01.34	01.67	09.70	37.20	-0.12
0775	03	09.08203	09.07204	06.88	06.33	04.56	35.35	-0.05
0974	01	11.58326	11.58326	01.53	00.91	08.06	33.70	-0.06
