RAW	190619	104836	850952	03
GEOM1	06.90	00.06	13.633517	0.149696	51.856207	0.149913	19.05	07.33	130.20	19.73	00.00	-2
GEOM2	06.94	00.10	13.633519	0.146956	51.856208	0.134795	23.32	12.37	111.33	38.26	0000.236	0011.108	00.00	-3
LDF	13.656890	0.122006	51.838653	0.133524	0740716.8	0321234.6	37.02	00.07	-1
GLDF	06.89	00.04	13.659093	0.119512	51.835387	0.129192	18.59	05.87	131.09	16.66	0756914.7	0375558.0	36.64	00.08	-1
0576	04	07.60545	07.60545	04.89	06.85	01.05	37.01	-0.02
0575	04	06.95987	06.95487	54.91	61.84	01.13	35.27	-0.03
0675	04	06.74251	06.74251	17.47	06.43	02.84	35.32	-0.04
0676	02	13.02300	13.01301	00.71	10.62	02.77	37.09	-0.03
1073	01	00.00000	00.00000	01.65	01.19	09.86	32.00	-0.03
