RAW	190603	070517	181872	03
GEOM1	04.55	00.07	16.516701	0.149997	50.805346	0.149979	15.38	05.64	307.72	31.90	00.00	-2
GEOM2	04.63	00.52	16.516664	0.149770	50.805413	0.149624	11.51	20.50	293.41	114.98	0000.873	0021.701	00.00	-3
LDF	16.482771	0.162967	50.847757	0.060799	0107195.8	0044889.2	03.22	01.95	00
GLDF	04.53	00.06	16.463467	0.170896	50.849806	0.051501	15.13	04.53	308.91	25.74	0112796.0	0049297.8	03.39	02.82	00
0774	04	04.84898	04.85397	10.20	20.05	04.56	33.62	-0.05
0574	01	00.00000	00.00000	01.26	01.42	01.13	33.54	-0.04
0576	02	10.75796	10.75796	01.35	02.15	01.05	37.01	-0.02
0675	04	04.43643	04.43643	04.62	04.29	02.84	35.32	-0.04
0775	04	04.54322	04.54322	09.22	05.04	04.56	35.35	-0.05
