RAW	190627	090000	654001	02
GEOM1	00.00	00.00	0.000000	0.000000	0.000000	0.000000	00.00	00.00	00.00	00.00	1000000.00	-3
GEOM2	00.00	00.00	0.000000	0.000000	0.000000	0.000000	00.00	00.00	00.00	00.00	0000.000	0000.000	1000000.00	-3
LDF	14.344752	0.078728	46.568942	0.150470	0043721.8	0020381.1	01.23	00.21	-1
GLDF	00.00	25.89	0.000000	0.150000	0.000000	0.150001	00.00	73.68	00.00	01.41	0043721.8	0000001.4	01.23	1000000.00	-2
0772	02	04.97789	04.97289	03.03	03.81	04.71	30.23	-0.02
0777	01	00.00000	00.00000	01.36	01.72	04.48	38.84	-0.02
0977	01	11.69532	11.70032	01.26	01.32	07.92	38.89	-0.09
0775	01	06.26309	06.26309	01.98	01.95	04.56	35.35	-0.05
0672	04	07.26976	07.27475	06.00	04.47	02.92	30.12	-0.04
0572	04	07.30107	07.30107	03.87	04.38	01.20	30.14	-0.04
