RAW	190618	094605	109872	03
GEOM1	07.10	00.14	12.857975	0.150323	47.222509	0.150394	71.81	02.86	106.63	01.51	00.00	-2
GEOM2	07.11	03.86	12.857976	0.150216	47.222507	0.150291	72.86	245.09	107.09	147.37	0000.591	0158.219	00.00	-3
LDF	12.829040	0.148340	47.221416	0.150794	0000002.3	0000000.8	02.30	01.41	00
GLDF	07.11	00.14	12.835291	0.145661	47.221960	0.150644	73.59	01.51	106.99	01.08	0000000.6	0000000.8	02.46	01.03	00
0472	04	06.78716	06.78716	06.90	04.03	-0.52	30.05	-0.03
0576	01	00.00000	00.00000	01.50	01.85	01.05	37.01	-0.02
0978	01	04.33213	04.33213	01.52	01.71	07.91	40.63	-0.05
0573	04	07.92869	07.92869	03.79	09.81	01.13	31.81	-0.04
0572	04	06.37413	06.37413	03.89	05.38	01.20	30.14	-0.04
