RAW	190625	153515	803358	02
GEOM1	00.00	00.00	0.000000	0.000000	0.000000	0.000000	00.00	00.00	00.00	00.00	1000000.00	-3
GEOM2	00.00	00.00	0.000000	0.000000	0.000000	0.000000	00.00	00.00	00.00	00.00	0000.000	0000.000	1000000.00	-3
LDF	19.813448	0.129877	52.991657	0.122071	0435833.7	0194670.5	15.63	00.13	-1
GLDF	00.00	28.89	0.000000	0.150000	0.000000	0.150000	00.00	54.91	00.00	01.41	0435833.7	0000001.4	15.63	1000000.00	-2
0673	01	02.33302	02.33302	01.39	01.86	02.92	31.83	-0.04
0876	04	01.86335	01.86335	04.68	05.66	06.27	37.12	-0.05
0976	03	00.29319	00.29319	12.61	06.28	07.99	37.16	-0.09
0975	01	00.00000	00.00000	00.93	01.65	07.99	35.38	-0.08
0975	04	01.29413	01.29413	06.18	09.80	07.99	35.38	-0.08
1073	01	08.93805	08.93805	01.83	04.02	09.86	32.00	-0.03
