RAW	190615	022958	001352	01
GEOM1	00.00	00.00	0.000000	0.000000	0.000000	0.000000	00.00	00.00	00.00	00.00	1000000.00	-4
GEOM2	00.00	00.00	0.000000	0.000000	0.000000	0.000000	00.00	00.00	00.00	00.00	0000.000	0000.000	1000000.00	-4
LDF	18.664890	0.151306	48.432500	0.173699	0000001.0	0124827.0	03.46	1000000.00	-3
GLDF	00.00	34.14	0.000000	0.150000	0.000000	0.150000	00.00	77.69	00.00	01.41	0000001.0	0000001.4	00.00	1000000.00	-4
0873	04	04.76706	04.76706	08.32	07.82	06.42	31.99	-0.03
0973	02	01.71590	01.71590	11.95	10.45	08.07	31.96	-0.03
0676	01	00.00000	00.00000	01.28	01.93	02.77	37.09	-0.03
0972	01	00.82115	00.94106	00.00	01.38	08.14	30.22	00.02
0773	02	01.86952	01.87451	04.69	04.90	04.63	31.89	-0.04
