RAW	190614	114914	467259	02
GEOM1	00.00	00.00	0.000000	0.000000	0.000000	0.000000	00.00	00.00	00.00	00.00	1000000.00	-3
GEOM2	00.00	00.00	0.000000	0.000000	0.000000	0.000000	00.00	00.00	00.00	00.00	0000.000	0000.000	1000000.00	-3
LDF	18.247615	0.152235	49.334005	0.111560	0060642.0	0040132.0	01.75	01.37	-1
GLDF	00.00	27.62	0.000000	0.150000	0.000000	0.150000	00.00	58.65	00.00	01.41	0060642.0	0000001.4	01.75	1000000.00	-2
0774	03	06.89391	06.89391	02.79	02.96	04.56	33.62	-0.05
0372	01	12.29565	12.30564	01.14	01.13	-2.24	30.01	-0.01
0873	04	03.83001	03.83001	05.52	04.84	06.42	31.99	-0.03
0874	04	05.38423	05.38423	08.32	03.53	06.35	33.66	-0.06
0775	01	12.44046	12.44046	00.55	00.73	04.56	35.35	-0.05
0972	02	00.00000	00.00000	02.17	01.81	08.14	30.22	00.02
