RAW	190628	105148	652992	03
GEOM1	07.64	00.12	16.430672	0.150003	47.483186	0.150055	53.26	02.36	83.33	03.64	00.00	-2
GEOM2	07.66	00.40	16.430683	0.149648	47.483228	0.144589	52.55	16.36	84.19	15.30	0000.882	0016.726	00.00	-3
LDF	16.377266	0.171085	47.501778	0.119908	0001677.1	0001129.8	01.68	01.81	00
GLDF	07.65	00.10	16.347704	0.183042	47.505980	0.114673	53.36	02.13	83.51	02.96	0001811.1	0001460.8	01.97	02.61	00
0772	04	07.09844	07.09844	02.98	04.25	04.71	30.23	-0.02
0575	01	11.79146	11.79146	01.17	00.76	01.13	35.27	-0.03
1076	01	00.00000	00.00000	01.41	00.80	09.70	37.20	-0.12
0773	04	08.40193	08.40193	07.62	08.81	04.63	31.89	-0.04
0672	04	06.90027	06.90027	05.14	03.57	02.92	30.12	-0.04
