RAW	190622	184701	095904	03
GEOM1	00.72	00.15	14.135811	0.149942	48.794847	0.150388	75.10	04.78	69.97	01.01	00.00	-2
GEOM2	00.73	04.60	14.135801	0.150018	48.794847	0.150069	76.12	420.29	69.95	37.15	0000.813	0175.580	00.00	-3
LDF	14.129317	0.147200	48.797375	0.149797	0000000.1	0000000.0	02.37	00.22	00
GLDF	00.72	00.15	14.126079	0.145928	48.798818	0.151285	75.14	01.67	70.00	00.85	0000000.1	0000000.3	02.35	00.32	00
0574	04	01.58968	01.58968	04.96	06.91	01.13	33.54	-0.04
0673	04	00.62340	00.62340	06.08	10.40	02.92	31.83	-0.04
0972	01	03.20591	03.21091	00.96	01.09	08.14	30.22	00.02
0573	04	00.00000	00.00000	07.20	02.97	01.13	31.81	-0.04
0473	01	01.17244	01.17244	01.37	01.32	-0.52	31.76	-0.03
