RAW	190608	133659	767232	03
GEOM1	01.31	00.11	15.816963	0.149984	50.525261	0.149997	40.24	04.34	20.38	06.93	00.00	-2
GEOM2	01.36	10.35	15.816925	0.149991	50.525212	0.149998	41.79	231.44	23.14	466.14	0000.911	0374.812	00.00	-3
LDF	15.970647	0.124773	50.542129	0.171095	0012825.0	0007900.0	01.92	04.45	00
GLDF	01.41	00.09	15.997514	0.096133	50.542854	0.174982	39.99	03.70	18.03	06.17	0014239.9	0010574.5	01.87	05.92	00
0774	04	01.91055	01.90056	09.12	06.67	04.56	33.62	-0.05
0674	04	00.83938	00.82939	06.73	04.20	02.84	33.58	-0.04
0675	04	01.31472	01.30973	06.47	03.93	02.84	35.32	-0.04
0972	01	00.00000	00.00000	01.94	00.80	08.14	30.22	00.02
0475	01	07.76903	07.76903	03.54	03.07	-0.66	35.24	-0.01
