RAW	190627	130300	043294	03
GEOM1	07.59	00.11	11.721641	0.149554	46.506704	0.140836	53.35	23.29	61.57	10.92	00.00	-2
GEOM2	07.57	00.03	11.721595	0.071015	46.506699	0.094013	30.84	42.82	38.69	96.74	0002.215	0002.267	00.00	-3
LDF	11.721569	0.123769	46.506531	0.147874	0015350.4	0007026.7	09.27	00.00	-1
GLDF	07.59	00.11	11.721641	0.114652	46.506704	0.134473	53.35	20.19	61.57	09.41	0015351.3	0067213.3	28.90	00.00	-1
0372	04	07.02074	07.01574	03.77	04.42	-2.24	30.01	-0.01
0472	04	07.59013	07.59513	03.11	02.62	-0.52	30.05	-0.03
0575	01	10.19316	10.18816	01.30	00.95	01.13	35.27	-0.03
0676	01	00.00000	00.00000	01.98	01.28	02.77	37.09	-0.03
0572	04	08.43287	08.43787	04.14	04.01	01.20	30.14	-0.04
0572	01	14.47877	14.47877	01.18	00.85	01.20	30.14	-0.04
