RAW	190615	071201	110075	01
GEOM1	00.00	00.00	0.000000	0.000000	0.000000	0.000000	00.00	00.00	00.00	00.00	1000000.00	-4
GEOM2	00.00	00.00	0.000000	0.000000	0.000000	0.000000	00.00	00.00	00.00	00.00	0000.000	0000.000	1000000.00	-4
LDF	13.370100	0.150268	49.984100	0.152367	0000001.0	0077591.5	02.16	1000000.00	-3
GLDF	00.00	36.04	0.000000	0.150000	0.000000	0.150000	00.00	110.25	00.00	01.41	0000001.0	0000001.4	00.00	1000000.00	-4
0372	01	13.29416	13.29916	00.89	01.17	-2.24	30.01	-0.01
0574	04	06.93487	06.93986	07.56	05.70	01.13	33.54	-0.04
0576	02	07.26445	07.26945	05.23	05.44	01.05	37.01	-0.02
0575	02	09.37092	09.37592	05.16	04.69	01.13	35.27	-0.03
0876	01	00.00000	00.00000	03.51	03.60	06.27	37.12	-0.05
0876	01	06.62546	06.63046	00.85	01.01	06.27	37.12	-0.05
