RAW	190604	141141	965698	02
GEOM1	00.00	00.00	0.000000	0.000000	0.000000	0.000000	00.00	00.00	00.00	00.00	1000000.00	-3
GEOM2	00.00	00.00	0.000000	0.000000	0.000000	0.000000	00.00	00.00	00.00	00.00	0000.000	0000.000	1000000.00	-3
LDF	16.770592	0.152775	52.548249	0.104070	0050254.4	0032003.5	01.47	01.19	-1
GLDF	00.00	28.76	0.000000	0.150000	0.000000	0.150001	00.00	68.49	00.00	01.41	0050254.4	0000001.4	01.47	1000000.00	-2
0774	02	04.14743	04.15243	03.80	02.75	04.56	33.62	-0.05
0574	01	06.67017	06.67517	02.55	03.17	01.13	33.54	-0.04
0776	04	06.70765	06.71264	03.40	05.44	04.49	37.09	-0.04
0775	04	05.88107	05.88606	04.17	11.66	04.56	35.35	-0.05
0974	01	03.47517	03.48516	02.13	00.56	08.06	33.70	-0.06
0475	01	00.00000	00.00000	00.36	00.68	-0.66	35.24	-0.01
