RAW	190619	165106	344645	02
GEOM1	00.00	00.00	0.000000	0.000000	0.000000	0.000000	00.00	00.00	00.00	00.00	1000000.00	-3
GEOM2	00.00	00.00	0.000000	0.000000	0.000000	0.000000	00.00	00.00	00.00	00.00	0000.000	0000.000	1000000.00	-3
LDF	13.370177	0.150000	49.538663	0.149958	0230545.9	0198302.7	07.21	00.00	-2
GLDF	00.00	24.53	0.000000	0.150000	0.000000	0.150001	00.00	75.50	00.00	01.41	0230545.9	0000001.4	07.21	1000000.00	-2
0574	04	06.74356	06.74856	13.98	08.22	01.13	33.54	-0.04
0674	02	09.36359	09.36359	06.06	11.57	02.84	33.58	-0.04
0575	01	14.41289	14.40790	00.72	01.27	01.13	35.27	-0.03
0873	02	00.00000	00.00000	01.34	01.58	06.42	31.99	-0.03
0573	04	06.23484	06.23484	03.91	03.78	01.13	31.81	-0.04
0773	02	08.35839	08.35839	03.27	03.08	04.63	31.89	-0.04
