RAW	190606	014402	983391	02
GEOM1	00.00	00.00	0.000000	0.000000	0.000000	0.000000	00.00	00.00	00.00	00.00	1000000.00	-3
GEOM2	00.00	00.00	0.000000	0.000000	0.000000	0.000000	00.00	00.00	00.00	00.00	0000.000	0000.000	1000000.00	-3
LDF	17.740521	0.076306	48.379062	0.150029	0057225.3	0024661.3	01.66	00.10	-1
GLDF	00.00	27.59	0.000000	0.150000	0.000000	0.150000	00.00	59.31	00.00	01.41	0057225.3	0000001.4	01.66	1000000.00	-2
0977	01	00.00000	00.00000	01.58	01.10	07.92	38.89	-0.09
0873	04	03.96039	03.96039	03.70	05.48	06.42	31.99	-0.03
0973	02	12.39173	12.38674	01.84	02.09	08.07	31.96	-0.03
0874	02	06.42104	06.42104	04.09	09.47	06.35	33.66	-0.06
0773	04	03.81093	03.81093	05.93	04.84	04.63	31.89	-0.04
