RAW	190606	050513	027877	03
GEOM1	06.16	00.14	16.267011	0.150034	49.207094	0.149918	62.43	02.55	97.98	02.36	00.00	-2
GEOM2	06.17	08.65	16.267005	0.150177	49.207041	0.150052	62.91	283.97	98.17	81.97	0001.138	0400.838	00.00	-3
LDF	15.966278	0.100229	49.434988	0.149282	0000299.4	0000104.8	07.06	01.35	00
GLDF	06.13	00.13	16.130263	0.136393	49.157086	0.140103	61.85	02.78	99.08	02.14	0000323.4	0000347.6	05.88	02.68	00
0774	04	06.89983	06.89983	03.65	02.52	04.56	33.62	-0.05
0472	01	13.09375	13.09375	01.94	01.31	-0.52	30.05	-0.03
0674	04	07.08737	07.08737	04.57	06.74	02.84	33.58	-0.04
0575	03	08.00762	08.00762	01.16	02.71	01.13	35.27	-0.03
1072	01	00.00000	00.00000	02.12	01.60	09.86	30.29	00.00
0773	04	05.35306	05.34806	03.33	13.16	04.63	31.89	-0.04
0672	02	12.98190	12.98190	02.08	01.58	02.92	30.12	-0.04
