RAW	190619	220312	293624	01
GEOM1	00.00	00.00	0.000000	0.000000	0.000000	0.000000	00.00	00.00	00.00	00.00	1000000.00	-4
GEOM2	00.00	00.00	0.000000	0.000000	0.000000	0.000000	00.00	00.00	00.00	00.00	0000.000	0000.000	1000000.00	-4
LDF	11.724624	0.107128	46.485900	0.150066	0000001.0	0442758.5	43.70	1000000.00	-3
GLDF	00.00	29.67	0.000000	0.150000	0.000000	0.150000	00.00	115.27	00.00	01.41	0000001.0	0000001.4	00.00	1000000.00	-4
0772	01	02.05943	02.05943	01.39	02.49	04.71	30.23	-0.02
0472	04	07.72255	07.71755	11.04	06.28	-0.52	30.05	-0.03
0576	01	11.23417	11.23417	01.09	01.09	01.05	37.01	-0.02
0777	01	00.00000	00.00000	02.79	02.02	04.48	38.84	-0.02
0474	02	07.11956	07.11956	04.44	06.70	-0.59	33.51	-0.01
0473	02	04.42512	04.42512	06.35	07.71	-0.52	31.76	-0.03
