RAW	190608	072125	360916	01
GEOM1	00.00	00.00	0.000000	0.000000	0.000000	0.000000	00.00	00.00	00.00	00.00	1000000.00	-4
GEOM2	00.00	00.00	0.000000	0.000000	0.000000	0.000000	00.00	00.00	00.00	00.00	0000.000	0000.000	1000000.00	-4
LDF	11.724624	0.173581	46.485900	0.160348	0000001.0	0001951.9	00.13	1000000.00	-3
GLDF	00.00	39.50	0.000000	0.150000	0.000000	0.150000	00.00	106.89	00.00	01.41	0000001.0	0000001.4	00.00	1000000.00	-4
0472	04	02.88043	02.87543	03.77	02.91	-0.52	30.05	-0.03
0576	01	07.71950	07.72449	03.24	02.02	01.05	37.01	-0.02
0672	02	02.45398	02.45398	07.76	05.31	02.92	30.12	-0.04
0572	02	00.00000	00.00000	05.83	07.86	01.20	30.14	-0.04
0572	01	04.50194	04.50194	01.36	01.34	01.20	30.14	-0.04
