RAW	190628	092614	147984	02
GEOM1	00.00	00.00	0.000000	0.000000	0.000000	0.000000	00.00	00.00	00.00	00.00	1000000.00	-3
GEOM2	00.00	00.00	0.000000	0.000000	0.000000	0.000000	00.00	00.00	00.00	00.00	-000.551	0005.073	1000000.00	-3
LDF	12.909457	0.178641	49.468939	0.154116	0034649.8	0040773.0	00.82	02.19	-1
GLDF	00.00	25.60	0.000000	0.150000	0.000000	0.150001	00.00	81.72	00.00	01.41	0034649.8	0000001.4	00.82	1000000.00	-2
0574	04	07.47251	07.47251	08.88	08.38	01.13	33.54	-0.04
0675	01	05.64239	05.53247	01.68	00.00	02.84	35.32	-0.04
0978	01	01.98612	01.98112	01.09	01.64	07.91	40.63	-0.05
0975	01	01.71942	01.71942	03.29	03.38	07.99	35.38	-0.08
1072	01	00.00000	00.00000	04.53	01.26	09.86	30.29	00.00
0573	03	06.17994	06.17994	06.50	03.79	01.13	31.81	-0.04
0573	01	12.08591	12.09091	00.35	00.33	01.13	31.81	-0.04
0474	04	06.26239	06.26239	04.28	04.66	-0.59	33.51	-0.01
0572	01	03.20384	03.20884	01.22	00.95	01.20	30.14	-0.04
