RAW	190621	194858	786850	03
GEOM1	03.23	00.15	14.410826	0.149757	48.117510	0.150515	89.16	14.69	121.28	00.62	00.78	-2
GEOM2	03.24	00.36	14.402686	0.146880	48.112807	0.142581	84.93	308.03	121.73	17.77	0000.054	0006.038	00.00	-3
LDF	14.402666	  -nan	48.112549	  -nan	0000001.0	      nan	2112987386721627561117945081148761047791613088132745336766667633709617607941678324537767688901746112096838529568505874165429960704.00	1000000.00	00
GLDF	03.23	 -nan	14.410826	  -nan	48.117510	  -nan	89.16	 -nan	121.28	 -nan	0000001.0	      nan	2112987386721627561117945081148761047791613088132745336766667633709617607941678324537767688901746112096838529568505874165429960704.00	1000000.00	00
0472	04	03.27032	03.27532	01.75	01.95	-0.52	30.05	-0.03
0576	01	00.00000	00.00000	01.58	03.20	01.05	37.01	-0.02
0673	04	02.97424	02.97424	08.17	19.79	02.92	31.83	-0.04
0977	01	06.47994	06.48494	01.39	03.02	07.92	38.89	-0.09
0573	04	03.89301	03.89801	06.83	04.08	01.13	31.81	-0.04
0672	02	00.73224	00.74224	07.00	03.43	02.92	30.12	-0.04
0475	01	08.27784	08.27784	01.13	01.08	-0.66	35.24	-0.01
