RAW	190613	133357	354494	02
GEOM1	00.00	00.00	0.000000	0.000000	0.000000	0.000000	00.00	00.00	00.00	00.00	1000000.00	-3
GEOM2	00.00	00.00	0.000000	0.000000	0.000000	0.000000	00.00	00.00	00.00	00.00	0000.000	0000.000	1000000.00	-3
LDF	18.629147	0.149979	49.245686	0.071326	0042700.6	0017927.4	01.19	00.05	-1
GLDF	00.00	28.37	0.000000	0.150000	0.000000	0.150000	00.00	58.44	00.00	01.41	0042700.6	0000001.4	01.19	1000000.00	-2
0873	02	00.00000	00.00000	01.39	01.59	06.42	31.99	-0.03
0873	04	03.97728	03.97728	04.05	06.64	06.42	31.99	-0.03
0874	04	03.95523	03.95523	05.50	04.01	06.35	33.66	-0.06
0776	01	03.51313	03.51313	00.98	01.21	04.49	37.09	-0.04
0974	02	07.37439	07.36940	06.12	07.67	08.06	33.70	-0.06
1073	01	00.71456	00.70456	00.46	01.14	09.86	32.00	-0.03
0872	02	10.89766	10.89266	01.38	01.48	06.35	30.23	00.01
