RAW	190613	123011	545772	02
GEOM1	00.00	00.00	0.000000	0.000000	0.000000	0.000000	00.00	00.00	00.00	00.00	1000000.00	-3
GEOM2	00.00	00.00	0.000000	0.000000	0.000000	0.000000	00.00	00.00	00.00	00.00	0000.000	0000.000	1000000.00	-3
LDF	13.404183	0.150694	47.465989	0.068686	0055957.3	0022325.5	01.63	00.37	-1
GLDF	00.00	23.66	0.000000	0.150000	0.000000	0.150001	00.00	71.40	00.00	01.41	0055957.3	0000001.4	01.63	1000000.00	-2
0574	02	07.24536	07.24036	15.24	03.91	01.13	33.54	-0.04
0674	02	02.77850	02.77351	01.49	02.10	02.84	33.58	-0.04
0676	01	05.57757	05.57757	02.42	01.72	02.77	37.09	-0.03
0573	04	05.34333	05.33833	09.30	06.27	01.13	31.81	-0.04
0572	01	00.00000	00.00000	01.35	01.37	01.20	30.14	-0.04
0572	04	06.10086	06.09586	07.11	04.21	01.20	30.14	-0.04
