RAW	190614	030440	993425	02
GEOM1	00.00	00.00	0.000000	0.000000	0.000000	0.000000	00.00	00.00	00.00	00.00	1000000.00	-3
GEOM2	00.00	00.00	0.000000	0.000000	0.000000	0.000000	00.00	00.00	00.00	00.00	0000.000	0000.000	1000000.00	-3
LDF	17.781822	0.100740	50.080664	0.151273	0042022.0	0025734.0	01.16	00.54	-1
GLDF	04.77	 -nan	17.841868	  -nan	48.451350	  -nan	89.86	 -nan	336.13	 -nan	-1391880418.3	      nan	  nan	1000000.00	-2
0774	04	04.93971	04.93971	03.79	02.95	04.56	33.62	-0.05
0973	02	11.88350	11.88350	01.30	01.82	08.07	31.96	-0.03
0874	04	04.00410	04.00410	04.66	05.29	06.35	33.66	-0.06
0776	01	07.03435	07.03435	00.60	00.83	04.49	37.09	-0.04
0974	02	05.94419	05.94419	11.39	07.11	08.06	33.70	-0.06
0676	01	00.00000	00.00000	01.64	02.06	02.77	37.09	-0.03
