RAW	190620	161051	329575	02
GEOM1	00.00	00.00	0.000000	0.000000	0.000000	0.000000	00.00	00.00	00.00	00.00	1000000.00	-3
GEOM2	00.00	00.00	0.000000	0.000000	0.000000	0.000000	00.00	00.00	00.00	00.00	0000.000	0000.000	1000000.00	-3
LDF	16.905646	0.154367	47.660358	0.184369	0027651.3	0035044.4	00.48	01.46	-1
GLDF	00.00	26.19	0.000000	0.150000	0.000000	0.150000	00.00	56.58	00.00	01.41	0027651.3	0000001.4	00.48	1000000.00	-2
0772	04	02.40620	02.40620	03.52	03.74	04.71	30.23	-0.02
0372	01	04.32227	04.32726	03.07	01.53	-2.24	30.01	-0.01
0575	01	00.00000	00.00000	01.24	00.80	01.13	35.27	-0.03
0773	04	01.42341	01.42341	05.55	09.30	04.63	31.89	-0.04
0872	02	04.07365	04.07365	04.89	06.83	06.35	30.23	00.01
