RAW	190618	154052	436127	02
GEOM1	00.00	00.00	0.000000	0.000000	0.000000	0.000000	00.00	00.00	00.00	00.00	1000000.00	-3
GEOM2	00.00	00.00	0.000000	0.000000	0.000000	0.000000	00.00	00.00	00.00	00.00	0000.000	0000.000	1000000.00	-3
LDF	19.310317	0.119089	56.194379	0.116727	0440895.1	0137971.9	15.83	00.03	-1
GLDF	00.00	28.60	0.000000	0.150000	0.000000	0.150000	00.00	57.42	00.00	01.41	0440895.1	0000001.4	15.83	1000000.00	-2
0977	02	00.00000	00.00000	04.70	05.53	07.92	38.89	-0.09
0978	04	02.89316	02.89815	10.70	07.81	07.91	40.63	-0.05
0874	01	04.17758	04.18258	02.54	01.18	06.35	33.66	-0.06
0877	04	02.49428	02.49928	10.19	07.26	06.20	38.86	-0.05
0975	01	06.60260	06.61259	01.69	00.57	07.99	35.38	-0.08
