RAW	190628	051027	611411	03
GEOM1	03.91	00.17	13.340967	0.149999	51.172576	0.149996	39.40	23.82	64.33	57.71	00.00	-2
GEOM2	03.92	00.24	13.340918	0.149771	51.172768	0.149124	35.66	46.83	94.20	1198.19	0002.959	0003.918	00.00	-3
LDF	13.333601	0.151612	51.491879	0.153186	0074093.8	0046739.5	10.25	01.76	00
GLDF	03.95	00.15	13.319028	0.159132	51.229558	0.173320	44.79	20.77	55.48	29.01	0018231.5	0042339.7	05.46	04.25	00
0574	04	03.34470	03.33971	06.03	04.64	01.13	33.54	-0.04
0576	01	02.18937	02.18437	00.40	01.32	01.05	37.01	-0.02
0576	04	05.43713	05.43713	04.78	04.39	01.05	37.01	-0.02
0575	03	03.72625	03.73125	07.00	11.31	01.13	35.27	-0.03
1075	01	00.00000	00.00000	01.60	01.47	09.78	35.47	-0.10
0877	01	08.77332	08.76833	00.90	03.21	06.20	38.86	-0.05
0573	04	02.85187	02.85687	02.20	00.63	01.13	31.81	-0.04
