RAW	190609	061440	521308	02
GEOM1	00.00	00.00	0.000000	0.000000	0.000000	0.000000	00.00	00.00	00.00	00.00	1000000.00	-3
GEOM2	00.00	00.00	0.000000	0.000000	0.000000	0.000000	00.00	00.00	00.00	00.00	0000.000	0000.000	1000000.00	-3
LDF	17.938602	0.152741	48.834056	0.169244	0058299.7	0059128.5	01.69	01.91	-1
GLDF	-3.85	 -nan	18.675248	  -nan	49.103361	  -nan	89.75	 -nan	150.87	 -nan	-2104574809.7	      nan	  nan	1000000.00	-2
0873	04	01.94896	01.95896	08.79	04.18	06.42	31.99	-0.03
0874	04	00.66929	00.67429	04.04	04.40	06.35	33.66	-0.06
0776	01	06.17156	06.18155	01.56	02.10	04.49	37.09	-0.04
0773	03	00.00000	00.00000	05.07	08.31	04.63	31.89	-0.04
0475	01	03.44612	03.45111	07.59	03.00	-0.66	35.24	-0.01
