RAW	190605	131740	554868	03
GEOM1	05.25	00.14	12.957615	0.149945	47.236347	0.149330	69.11	04.20	332.57	01.54	00.00	-2
GEOM2	05.26	00.31	12.957648	0.140773	47.236309	0.146932	66.51	45.65	332.59	04.31	0000.514	0011.096	00.00	-3
LDF	12.974065	0.152764	47.294863	0.151611	0000008.0	0000004.4	01.28	01.99	00
GLDF	05.24	00.14	12.977130	0.149250	47.268756	0.152928	72.35	02.22	332.92	01.19	0000001.2	0000002.0	01.70	01.71	00
0472	04	04.61797	04.61298	03.04	03.32	-0.52	30.05	-0.03
0573	02	01.78997	01.78497	01.70	02.73	01.13	31.81	-0.04
0573	04	05.20264	05.20264	05.64	04.14	01.13	31.81	-0.04
0773	01	00.00000	00.00000	01.47	01.79	04.63	31.89	-0.04
0572	04	05.95644	05.95644	04.40	03.46	01.20	30.14	-0.04
