RAW	190606	082724	510324	02
GEOM1	00.00	00.00	0.000000	0.000000	0.000000	0.000000	00.00	00.00	00.00	00.00	1000000.00	-3
GEOM2	00.00	00.00	0.000000	0.000000	0.000000	0.000000	00.00	00.00	00.00	00.00	0000.000	0000.000	1000000.00	-3
LDF	14.385735	0.116680	48.264342	0.152743	0050223.5	0035872.3	01.47	01.17	-1
GLDF	00.00	25.78	0.000000	0.150000	0.000000	0.150000	00.00	64.59	00.00	01.41	0050223.5	0000001.4	01.47	1000000.00	-2
0673	04	02.69574	02.69074	07.13	07.37	02.92	31.83	-0.04
0674	02	00.00000	00.00000	42.88	10.65	02.84	33.58	-0.04
0573	04	02.85531	02.85031	05.25	02.93	01.13	31.81	-0.04
0473	02	08.68979	08.68479	01.43	01.57	-0.52	31.76	-0.03
0672	01	05.65622	05.65122	00.75	00.39	02.92	30.12	-0.04
