RAW	190618	001149	079479	03
GEOM1	08.39	00.14	14.569220	0.150158	49.663360	0.150153	66.19	01.71	107.23	01.53	00.00	-2
GEOM2	08.39	00.30	14.569257	0.148777	49.663313	0.139747	66.47	07.89	107.41	12.33	0001.096	0018.308	00.00	-3
LDF	14.565302	0.169082	49.722188	0.141826	0000050.7	0000020.4	02.79	02.96	00
GLDF	08.46	00.13	14.563599	0.171612	49.743980	0.136737	66.04	01.51	107.11	01.31	0000054.8	0000041.6	02.87	04.29	00
0574	04	09.04242	09.04242	05.53	07.99	01.13	33.54	-0.04
0673	04	07.04748	07.04748	04.53	04.12	02.92	31.83	-0.04
0674	04	08.58764	08.59264	09.54	11.93	02.84	33.58	-0.04
0876	01	07.82967	07.82967	02.57	03.48	06.27	37.12	-0.05
0474	01	00.00000	00.00000	01.53	01.26	-0.59	33.51	-0.01
