RAW	190622	100315	773652	03
GEOM1	07.51	00.11	20.814885	0.149970	52.358369	0.150002	42.12	02.98	02.87	04.38	00.00	-2
GEOM2	07.54	07.26	20.814884	0.149982	52.358363	0.150056	42.90	126.66	04.43	346.40	0000.910	0423.822	00.00	-3
LDF	20.937153	0.108497	52.599186	0.087421	0057141.7	0017748.7	13.29	04.61	00
GLDF	07.61	00.07	20.957435	0.092567	52.619549	0.069746	42.29	02.91	03.05	03.22	0059813.1	0025548.5	13.35	05.30	00
0674	01	10.43747	10.43747	01.94	02.87	02.84	33.58	-0.04
0973	01	00.00000	00.00000	01.88	00.91	08.07	31.96	-0.03
1075	04	08.42961	08.42461	11.23	17.73	09.78	35.47	-0.10
0976	04	07.30328	07.30328	08.93	16.63	07.99	37.16	-0.09
0975	04	07.18931	07.18432	17.83	16.79	07.99	35.38	-0.08
