RAW	190620	120057	062170	02
GEOM1	00.00	00.00	0.000000	0.000000	0.000000	0.000000	00.00	00.00	00.00	00.00	1000000.00	-3
GEOM2	00.00	00.00	0.000000	0.000000	0.000000	0.000000	00.00	00.00	00.00	00.00	0000.000	0000.000	1000000.00	-3
LDF	13.333869	0.149899	52.585670	0.072098	0052320.7	0021524.0	01.53	00.00	-1
GLDF	00.00	29.62	0.000000	0.150000	0.000000	0.150001	00.00	81.18	00.00	01.41	0052320.7	0000001.4	01.53	1000000.00	-2
0574	02	07.80540	07.80540	06.98	04.09	01.13	33.54	-0.04
0576	04	06.84295	06.84295	04.40	05.77	01.05	37.01	-0.02
0575	04	05.33193	05.33193	05.64	04.48	01.13	35.27	-0.03
0977	01	09.03673	09.03673	02.86	01.85	07.92	38.89	-0.09
1073	01	00.00000	00.00000	01.87	01.57	09.86	32.00	-0.03
