RAW	190623	153756	512835	03
GEOM1	06.54	00.11	17.252754	0.149973	51.029345	0.150015	40.40	03.52	139.95	08.26	00.00	-2
GEOM2	06.59	00.47	17.252810	0.148277	51.029298	0.148823	38.78	18.14	141.84	17.99	0000.960	0017.101	00.00	-3
LDF	17.295790	0.158162	50.966847	0.096811	0013612.4	0006892.9	01.82	01.07	00
GLDF	06.48	00.10	17.317158	0.158772	50.956380	0.081288	40.24	02.81	140.89	06.58	0014848.5	0008503.5	01.99	01.42	00
0774	04	06.51338	06.51837	03.37	02.42	04.56	33.62	-0.05
0472	01	08.44090	08.44090	03.50	00.75	-0.52	30.05	-0.03
0674	02	14.04698	14.04698	04.30	02.62	02.84	33.58	-0.04
0874	04	05.66167	05.66167	03.30	04.22	06.35	33.66	-0.06
1075	01	07.20998	07.21498	02.36	02.15	09.78	35.47	-0.10
0775	04	07.15715	07.15715	11.14	05.44	04.56	35.35	-0.05
0474	01	00.00000	00.00000	01.58	01.51	-0.59	33.51	-0.01
0572	01	09.19925	09.19925	01.01	01.52	01.20	30.14	-0.04
