RAW	190622	034947	016221	03
GEOM1	05.34	00.14	12.790030	0.149907	47.681829	0.150112	65.98	01.83	334.78	01.84	00.00	-2
GEOM2	05.35	00.32	12.790003	0.141306	47.681859	0.147741	66.43	12.75	334.77	04.99	0001.056	0016.373	00.00	-3
LDF	12.824432	0.145193	47.660282	0.156637	0000032.5	0000013.8	01.18	00.93	00
GLDF	05.40	00.13	12.838517	0.141569	47.648307	0.154518	66.14	01.52	334.72	01.52	0000031.0	0000022.2	01.25	01.33	00
0675	01	05.77486	05.77486	02.62	02.53	02.84	35.32	-0.04
1076	01	03.16744	03.16744	01.73	02.04	09.70	37.20	-0.12
0976	01	00.00000	00.00000	00.68	01.28	07.99	37.16	-0.09
0573	04	05.64620	05.64120	03.47	04.35	01.13	31.81	-0.04
0473	04	04.28893	04.28394	05.44	04.02	-0.52	31.76	-0.03
0572	04	06.35685	06.35685	04.17	04.31	01.20	30.14	-0.04
