RAW	190608	001216	286577	02
GEOM1	00.00	00.00	0.000000	0.000000	0.000000	0.000000	00.00	00.00	00.00	00.00	1000000.00	-3
GEOM2	00.00	00.00	0.000000	0.000000	0.000000	0.000000	00.00	00.00	00.00	00.00	0000.000	0000.000	1000000.00	-3
LDF	17.420172	0.066266	55.096066	0.155884	0153192.1	0063282.4	03.97	01.93	-1
GLDF	00.00	21.94	0.000000	0.150000	0.000000	0.150000	00.00	59.25	00.00	01.41	0153192.1	0000001.4	03.97	1000000.00	-2
0777	04	06.13785	06.13785	39.03	26.83	04.48	38.84	-0.02
0978	01	01.71161	01.71161	01.27	01.35	07.91	40.63	-0.05
0876	03	08.59359	08.59359	05.46	03.90	06.27	37.12	-0.05
0877	04	05.59896	05.59896	05.42	11.74	06.20	38.86	-0.05
1073	01	00.00000	00.00000	01.83	01.53	09.86	32.00	-0.03
1073	01	03.50266	03.49766	01.49	01.23	09.86	32.00	-0.03
