RAW	190608	085047	770715	02
GEOM1	00.00	00.00	0.000000	0.000000	0.000000	0.000000	00.00	00.00	00.00	00.00	1000000.00	-3
GEOM2	00.00	00.00	0.000000	0.000000	0.000000	0.000000	00.00	00.00	00.00	00.00	0000.000	0000.000	1000000.00	-3
LDF	13.412218	0.154091	47.278769	0.131560	0039129.8	0033476.9	01.04	01.55	-1
GLDF	00.00	23.91	0.000000	0.150000	0.000000	0.150001	00.00	69.11	00.00	01.41	0039129.8	0000001.4	01.04	1000000.00	-2
0472	02	06.91613	06.91613	04.07	02.40	-0.52	30.05	-0.03
0877	01	12.30987	12.30987	02.05	02.76	06.20	38.86	-0.05
0676	01	00.00000	00.00000	01.02	01.73	02.77	37.09	-0.03
0573	04	04.37611	04.38111	05.45	03.08	01.13	31.81	-0.04
0474	01	03.40995	03.40995	01.64	00.90	-0.59	33.51	-0.01
0572	04	04.71357	04.71357	10.30	06.99	01.20	30.14	-0.04
