RAW	190601	081739	175893	03
GEOM1	02.43	00.15	13.362954	0.150125	50.773817	0.149848	85.71	33.86	195.49	01.37	00.00	-2
GEOM2	02.39	00.13	13.362922	0.148388	50.773802	0.149205	31.23	76.50	210.99	76.13	0001.012	0003.670	00.00	-3
LDF	13.058098	0.000000	50.858219	0.000000	0000000.0	0000000.0	00.00	12.58	00
GLDF	02.43	00.00	13.362772	0.000000	50.774009	0.000000	85.67	00.00	195.49	00.00	0000000.0	0000000.0	00.00	11.99	00
0372	01	08.48218	08.48718	01.67	00.78	-2.24	30.01	-0.01
0574	04	02.64955	02.64455	06.62	13.33	01.13	33.54	-0.04
0576	04	01.92503	01.92503	00.90	02.15	01.05	37.01	-0.02
0674	02	04.99544	04.99544	03.69	32.91	02.84	33.58	-0.04
0575	04	02.19543	02.19543	04.34	03.72	01.13	35.27	-0.03
0776	01	00.00000	00.00000	01.52	01.03	04.49	37.09	-0.04
1076	01	10.57932	10.57932	01.99	01.62	09.70	37.20	-0.12
1073	01	02.76548	02.76548	01.51	01.17	09.86	32.00	-0.03
