RAW	190601	020700	172017	03
GEOM1	07.01	00.12	12.296009	0.150007	52.067711	0.149934	53.10	05.52	273.29	03.07	00.00	-2
GEOM2	07.04	00.49	12.296003	0.149746	52.067731	0.146507	52.90	19.01	274.20	18.53	0001.003	0020.481	00.00	-3
LDF	12.314653	0.076803	52.092190	0.150665	0004950.9	0001630.5	08.43	00.82	00
GLDF	06.99	00.12	12.313352	0.066841	52.100215	0.151853	53.61	04.31	273.44	02.28	0004529.7	0003954.1	09.00	01.18	00
0576	04	06.04927	06.04927	04.17	05.28	01.05	37.01	-0.02
0673	01	08.59805	08.59306	00.77	00.71	02.92	31.83	-0.04
0575	04	07.43049	07.43049	03.60	04.85	01.13	35.27	-0.03
1072	01	12.30941	12.30442	01.57	02.68	09.86	30.29	00.00
0872	01	00.00000	00.00000	01.55	01.24	06.35	30.23	00.01
0475	04	07.31939	07.31939	13.80	12.18	-0.66	35.24	-0.01
