RAW	190606	122715	682175	02
GEOM1	00.00	00.00	0.000000	0.000000	0.000000	0.000000	00.00	00.00	00.00	00.00	1000000.00	-3
GEOM2	00.00	00.00	0.000000	0.000000	0.000000	0.000000	00.00	00.00	00.00	00.00	0000.000	0000.000	1000000.00	-3
LDF	15.159513	0.150011	47.421216	0.064161	0063371.2	0022907.0	01.81	00.00	-1
GLDF	00.00	24.05	0.000000	0.150000	0.000000	0.150001	00.00	64.76	00.00	01.41	0063371.2	0000001.4	01.81	1000000.00	-2
0772	01	02.52669	02.53168	01.16	00.99	04.71	30.23	-0.02
0472	01	00.00000	00.00000	00.77	03.85	-0.52	30.05	-0.03
0673	04	05.88607	05.89107	05.54	07.90	02.92	31.83	-0.04
0675	01	06.01356	06.01856	01.66	01.50	02.84	35.32	-0.04
0672	04	04.80831	04.81330	06.57	06.47	02.92	30.12	-0.04
