RAW	190601	013925	428104	02
GEOM1	00.00	00.00	0.000000	0.000000	0.000000	0.000000	00.00	00.00	00.00	00.00	1000000.00	-3
GEOM2	00.00	00.00	0.000000	0.000000	0.000000	0.000000	00.00	00.00	00.00	00.00	0000.000	0000.000	1000000.00	-3
LDF	12.987177	0.135922	47.102506	0.125808	0289967.6	0151828.6	09.94	00.20	-1
GLDF	00.00	25.95	0.000000	0.150000	0.000000	0.150001	00.00	84.12	00.00	01.41	0289967.6	0000001.4	09.94	1000000.00	-2
0774	01	06.87500	06.86501	01.42	02.14	04.56	33.62	-0.05
0472	04	07.04582	07.04082	03.61	04.13	-0.52	30.05	-0.03
0573	02	00.00000	00.00000	01.10	02.45	01.13	31.81	-0.04
0573	04	08.93889	08.93889	08.50	03.11	01.13	31.81	-0.04
0572	03	09.11614	09.11614	10.19	03.79	01.20	30.14	-0.04
