RAW	190624	083905	450539	03
GEOM1	04.81	00.09	13.926263	0.139403	46.551456	0.152701	37.78	03.29	182.58	22.82	03.15	-2
GEOM2	04.78	00.13	13.858166	0.122520	46.549098	0.149672	44.12	23.38	185.69	259.85	0009.894	0004.517	00.00	-3
LDF	13.802090	0.158629	46.549080	0.151613	0058952.4	0039030.9	10.26	00.99	-1
GLDF	04.82	00.10	13.901270	0.148511	46.552887	0.155636	37.96	02.76	182.90	18.52	0041338.7	0027792.3	05.03	06.60	-1
0772	01	02.32193	02.44684	00.00	00.42	04.71	30.23	-0.02
0472	04	06.78663	06.79162	04.60	02.52	-0.52	30.05	-0.03
0777	01	00.00000	00.00000	01.43	01.17	04.48	38.84	-0.02
0672	04	04.14470	04.14470	08.04	06.73	02.92	30.12	-0.04
0572	04	05.15098	05.15098	04.14	05.57	01.20	30.14	-0.04
