RAW	190630	113613	616065	02
GEOM1	00.00	00.00	0.000000	0.000000	0.000000	0.000000	00.00	00.00	00.00	00.00	1000000.00	-3
GEOM2	00.00	00.00	0.000000	0.000000	0.000000	0.000000	00.00	00.00	00.00	00.00	0000.000	0000.000	1000000.00	-3
LDF	13.330358	0.150000	48.137616	0.149975	0730511.3	0548917.8	27.51	00.00	-2
GLDF	00.00	13.71	0.000000	0.150000	0.000000	0.150000	00.00	48.49	00.00	01.41	0730511.3	0000001.4	27.51	1000000.00	-2
0472	03	00.00000	00.00000	03.86	02.22	-0.52	30.05	-0.03
0873	01	03.58528	03.59027	02.22	00.69	06.42	31.99	-0.03
1076	01	00.94576	00.94576	02.36	02.51	09.70	37.20	-0.12
0573	05	01.89059	01.89059	138.31	78.49	01.13	31.81	-0.04
0572	04	03.23953	03.23454	05.97	03.71	01.20	30.14	-0.04
