RAW	190630	220038	854597	02
GEOM1	00.00	00.00	0.000000	0.000000	0.000000	0.000000	00.00	00.00	00.00	00.00	1000000.00	-3
GEOM2	00.00	00.00	0.000000	0.000000	0.000000	0.000000	00.00	00.00	00.00	00.00	0000.000	0000.000	1000000.00	-3
LDF	11.108235	0.150401	46.484665	0.150046	0010532.8	0012404.6	00.20	02.52	-1
GLDF	00.00	25.97	0.000000	0.150000	0.000000	0.150001	00.00	81.34	00.00	01.41	0010532.8	0000001.4	00.20	1000000.00	-2
0372	03	06.95227	06.95227	16.32	07.01	-2.24	30.01	-0.01
0472	04	06.45473	06.45473	03.88	04.93	-0.52	30.05	-0.03
1075	01	00.00000	00.00000	01.35	01.35	09.78	35.47	-0.10
0877	01	01.99726	01.99726	01.44	01.92	06.20	38.86	-0.05
1073	01	03.56710	03.56710	01.86	02.24	09.86	32.00	-0.03
0572	04	08.05223	08.05723	04.62	04.06	01.20	30.14	-0.04
