RAW	190605	221850	110629	02
GEOM1	00.00	00.00	0.000000	0.000000	0.000000	0.000000	00.00	00.00	00.00	00.00	1000000.00	-3
GEOM2	00.00	00.00	0.000000	0.000000	0.000000	0.000000	00.00	00.00	00.00	00.00	0000.000	0000.000	1000000.00	-3
LDF	18.210921	0.171607	49.343516	0.164545	0310233.4	0274154.9	10.77	01.87	-1
GLDF	00.00	23.43	0.000000	0.150000	0.000000	0.150001	00.00	60.35	00.00	01.41	0310233.4	0000001.4	10.77	1000000.00	-2
0774	04	07.96987	07.97486	08.64	01.97	04.56	33.62	-0.05
0777	01	00.00000	00.00000	01.40	01.05	04.48	38.84	-0.02
0878	01	14.53937	14.53437	00.97	02.19	06.34	40.13	-0.02
0873	04	06.93150	06.92650	16.12	11.64	06.42	31.99	-0.03
0874	03	06.18853	06.18853	06.03	11.10	06.35	33.66	-0.06
0974	02	01.47520	01.47520	01.80	01.29	08.06	33.70	-0.06
