RAW	190614	003414	474678	02
GEOM1	00.00	00.00	0.000000	0.000000	0.000000	0.000000	00.00	00.00	00.00	00.00	1000000.00	-3
GEOM2	00.00	00.00	0.000000	0.000000	0.000000	0.000000	00.00	00.00	00.00	00.00	0000.000	0000.000	1000000.00	-3
LDF	13.900824	0.154328	48.665753	0.174643	0042625.8	0048851.9	01.19	02.60	-1
GLDF	00.00	23.05	0.000000	0.150000	0.000000	0.150001	00.00	73.32	00.00	01.41	0042625.8	0000001.4	01.19	1000000.00	-2
0472	02	12.83673	12.83673	03.05	03.23	-0.52	30.05	-0.03
0574	01	00.00000	00.00000	00.47	01.02	01.13	33.54	-0.04
0574	04	06.83035	06.83535	05.53	04.82	01.13	33.54	-0.04
0673	03	08.45051	08.45551	06.54	07.28	02.92	31.83	-0.04
0777	01	04.46308	04.46808	01.95	01.67	04.48	38.84	-0.02
0676	01	00.24028	00.24028	01.12	02.11	02.77	37.09	-0.03
0573	04	05.99994	06.13485	15.85	08.36	01.13	31.81	-0.04
