RAW	190618	163834	952948	02
GEOM1	00.00	00.00	0.000000	0.000000	0.000000	0.000000	00.00	00.00	00.00	00.00	1000000.00	-3
GEOM2	00.00	00.00	0.000000	0.000000	0.000000	0.000000	00.00	00.00	00.00	00.00	0000.000	0000.000	1000000.00	-3
LDF	11.437926	0.149952	46.893982	0.149992	0663118.3	0490061.1	24.75	00.00	-2
GLDF	00.00	19.25	0.000000	0.150000	0.000000	0.150001	00.00	89.33	00.00	01.41	0663118.3	0000001.4	24.75	1000000.00	-2
0372	04	08.97236	08.97236	06.72	04.03	-2.24	30.01	-0.01
0472	01	00.00000	00.00000	01.16	00.22	-0.52	30.05	-0.03
0472	04	09.28367	09.28367	04.76	33.34	-0.52	30.05	-0.03
0974	01	15.45598	15.45098	00.52	01.12	08.06	33.70	-0.06
0473	03	06.93280	06.92781	09.59	06.00	-0.52	31.76	-0.03
