RAW	190627	034903	215774	02
GEOM1	00.00	00.00	0.000000	0.000000	0.000000	0.000000	00.00	00.00	00.00	00.00	1000000.00	-3
GEOM2	00.00	00.00	0.000000	0.000000	0.000000	0.000000	00.00	00.00	00.00	00.00	0000.000	0000.000	1000000.00	-3
LDF	16.839954	0.149946	49.192599	0.069337	0056046.1	0022025.9	01.63	00.00	-1
GLDF	00.00	27.04	0.000000	0.150000	0.000000	0.150001	00.00	63.58	00.00	01.41	0056046.1	0000001.4	01.63	1000000.00	-2
0774	04	05.15717	05.14718	04.66	06.41	04.56	33.62	-0.05
0673	02	08.46018	08.45519	08.52	05.06	02.92	31.83	-0.04
0876	01	12.94352	12.93353	00.77	01.32	06.27	37.12	-0.05
0776	01	00.00000	00.00000	01.82	00.94	04.49	37.09	-0.04
0773	04	05.39991	05.38991	04.86	06.32	04.63	31.89	-0.04
