RAW	190601	005208	457611	03
GEOM1	00.37	00.09	14.752058	0.150000	50.654466	0.149993	29.80	04.39	64.99	11.42	00.00	-2
GEOM2	00.44	11.04	14.752029	0.150003	50.654483	0.150026	29.39	67.22	72.82	1307.33	0000.858	0495.145	00.00	-3
LDF	14.660211	0.173775	50.781123	0.077833	0056042.1	0028254.2	03.06	02.73	00
GLDF	00.40	00.08	14.621621	0.179353	50.781605	0.067785	30.71	03.12	65.30	08.89	0057925.7	0033362.7	03.54	03.44	00
0574	04	00.00000	00.00000	04.17	05.77	01.13	33.54	-0.04
0674	04	00.24042	00.24042	11.50	10.82	02.84	33.58	-0.04
0675	04	01.01917	01.09911	10.92	07.86	02.84	35.32	-0.04
1072	01	02.72925	02.72925	04.61	04.75	09.86	30.29	00.00
0473	01	05.89040	05.88540	01.06	01.22	-0.52	31.76	-0.03
