RAW	190619	032421	939149	02
GEOM1	00.00	00.00	0.000000	0.000000	0.000000	0.000000	00.00	00.00	00.00	00.00	1000000.00	-3
GEOM2	00.00	00.00	0.000000	0.000000	0.000000	0.000000	00.00	00.00	00.00	00.00	0000.000	0000.000	1000000.00	-3
LDF	17.206556	0.178891	54.150691	0.153533	0064475.9	0068711.8	01.83	02.57	-1
GLDF	00.00	28.15	0.000000	0.150000	0.000000	0.150000	00.00	57.27	00.00	01.41	0064475.9	0000001.4	01.83	1000000.00	-2
0372	01	06.76196	06.76196	01.98	03.87	-2.24	30.01	-0.01
0777	03	02.63924	02.63924	08.17	06.92	04.48	38.84	-0.02
0977	01	04.93436	04.93436	01.38	01.23	07.92	38.89	-0.09
0978	01	05.52806	05.52806	01.23	00.79	07.91	40.63	-0.05
0876	04	00.00000	00.00000	03.79	06.97	06.27	37.12	-0.05
0776	04	01.16672	01.17171	12.47	06.29	04.49	37.09	-0.04
