RAW	190622	011601	928417	02
GEOM1	00.00	00.00	0.000000	0.000000	0.000000	0.000000	00.00	00.00	00.00	00.00	1000000.00	-3
GEOM2	00.00	00.00	0.000000	0.000000	0.000000	0.000000	00.00	00.00	00.00	00.00	0000.000	0000.000	1000000.00	-3
LDF	12.166244	0.122527	49.454926	0.118099	0632031.8	0236207.3	23.48	00.01	-1
GLDF	00.00	22.37	0.000000	0.150000	0.000000	0.150001	00.00	77.88	00.00	01.41	0632031.8	0000001.4	23.48	1000000.00	-2
0574	04	06.47458	06.47458	14.43	04.24	01.13	33.54	-0.04
0878	01	00.69816	00.69816	00.97	04.01	06.34	40.13	-0.02
0974	01	05.57743	05.58242	01.24	00.74	08.06	33.70	-0.06
0972	01	00.00000	00.00000	01.01	00.92	08.14	30.22	00.02
1072	01	02.60309	02.60808	01.62	01.08	09.86	30.29	00.00
0474	03	05.72097	05.72597	11.62	15.64	-0.59	33.51	-0.01
0473	04	07.55265	07.55764	06.62	11.48	-0.52	31.76	-0.03
