RAW	190620	053741	677665	02
GEOM1	00.00	00.00	0.000000	0.000000	0.000000	0.000000	00.00	00.00	00.00	00.00	1000000.00	-3
GEOM2	00.00	00.00	0.000000	0.000000	0.000000	0.000000	00.00	00.00	00.00	00.00	0000.000	0000.000	1000000.00	-3
LDF	12.793099	0.184448	48.822957	0.183009	0120596.8	0147428.4	02.99	03.38	-1
GLDF	00.00	21.29	0.000000	0.150000	0.000000	0.150000	00.00	59.75	00.00	01.41	0120596.8	0000001.4	02.99	1000000.00	-2
0574	02	02.95050	02.95050	06.36	04.87	01.13	33.54	-0.04
0978	01	07.93991	07.93991	01.29	02.10	07.91	40.63	-0.05
0876	01	00.29403	00.29403	05.52	02.64	06.27	37.12	-0.05
0573	04	00.00000	00.00000	17.65	12.99	01.13	31.81	-0.04
0474	04	00.02095	00.02595	03.85	09.76	-0.59	33.51	-0.01
