RAW	190630	071129	614750	02
GEOM1	00.00	00.00	0.000000	0.000000	0.000000	0.000000	00.00	00.00	00.00	00.00	1000000.00	-3
GEOM2	00.00	00.00	0.000000	0.000000	0.000000	0.000000	00.00	00.00	00.00	00.00	0000.000	0000.000	1000000.00	-3
LDF	16.048222	0.151146	50.618687	0.177463	0075107.4	0075876.4	02.04	02.27	-1
GLDF	05.68	01.49	19.931757	0.046109	50.294889	0.124425	12.83	02.00	267.68	15.17	66911555.4	2839914.8	4204.88	1000000.00	-2
0774	04	07.82516	07.82516	05.68	03.48	04.56	33.62	-0.05
0472	01	00.00000	00.00000	01.68	00.43	-0.52	30.05	-0.03
0674	03	05.39894	05.39894	09.42	05.19	02.84	33.58	-0.04
0976	01	09.80999	09.80999	01.20	02.41	07.99	37.16	-0.09
0775	04	07.81770	07.81770	04.28	06.00	04.56	35.35	-0.05
0572	01	00.22044	00.22044	01.39	01.03	01.20	30.14	-0.04
