RAW	190609	014733	327347	02
GEOM1	00.00	00.00	0.000000	0.000000	0.000000	0.000000	00.00	00.00	00.00	00.00	1000000.00	-3
GEOM2	00.00	00.00	0.000000	0.000000	0.000000	0.000000	00.00	00.00	00.00	00.00	0000.000	0000.000	1000000.00	-3
LDF	13.979203	0.238399	52.151790	0.153319	0044584.3	0064217.5	01.27	02.21	-1
GLDF	00.00	27.49	0.000000	0.150000	0.000000	0.150001	00.00	75.88	00.00	01.41	0044584.3	0000001.4	01.27	1000000.00	-2
0576	03	08.77934	08.77934	03.92	03.49	01.05	37.01	-0.02
0575	01	00.00000	00.00000	01.11	01.24	01.13	35.27	-0.03
0575	04	06.22075	06.21076	07.47	07.41	01.13	35.27	-0.03
0675	04	06.40716	06.40217	05.56	04.42	02.84	35.32	-0.04
0973	01	03.70992	03.70992	01.55	01.06	08.07	31.96	-0.03
0874	01	02.75597	02.75098	02.92	01.06	06.35	33.66	-0.06
