RAW	190616	032321	435483	02
GEOM1	00.00	00.00	0.000000	0.000000	0.000000	0.000000	00.00	00.00	00.00	00.00	1000000.00	-3
GEOM2	00.00	00.00	0.000000	0.000000	0.000000	0.000000	00.00	00.00	00.00	00.00	0000.000	0000.000	1000000.00	-3
LDF	19.681607	0.116783	56.367405	0.132247	0159715.1	0081096.3	04.20	00.03	-1
GLDF	00.00	34.22	0.000000	0.150000	0.000000	0.150000	00.00	66.99	00.00	01.41	0159715.1	0000001.4	04.20	1000000.00	-2
0774	01	13.33121	13.34121	03.52	01.67	04.56	33.62	-0.05
0675	01	09.40466	09.41465	03.06	01.15	02.84	35.32	-0.04
0777	02	00.55920	00.56420	04.17	02.45	04.48	38.84	-0.02
0977	04	05.49405	05.49904	04.56	05.06	07.92	38.89	-0.09
0978	03	04.13691	04.14190	05.72	06.28	07.91	40.63	-0.05
0878	04	06.69194	06.69694	04.58	05.29	06.34	40.13	-0.02
0874	01	00.00000	00.00000	05.30	04.15	06.35	33.66	-0.06
