RAW	190624	234818	160372	02
GEOM1	00.00	00.00	0.000000	0.000000	0.000000	0.000000	00.00	00.00	00.00	00.00	1000000.00	-3
GEOM2	00.00	00.00	0.000000	0.000000	0.000000	0.000000	00.00	00.00	00.00	00.00	0000.000	0000.000	1000000.00	-3
LDF	11.615313	0.150824	50.870251	0.075041	0057450.3	0024896.5	01.67	00.43	-1
GLDF	00.00	26.54	0.000000	0.150000	0.000000	0.150001	00.00	86.02	00.00	01.41	0057450.3	0000001.4	01.67	1000000.00	-2
0772	01	08.56134	08.56134	07.90	06.12	04.71	30.23	-0.02
0774	01	00.00000	00.00000	02.88	02.40	04.56	33.62	-0.05
0673	01	05.74094	05.74594	02.69	01.45	02.92	31.83	-0.04
0575	02	03.48259	03.48259	17.49	26.36	01.13	35.27	-0.03
0877	01	01.32723	01.32223	00.48	01.13	06.20	38.86	-0.05
0474	04	06.62120	06.62120	04.47	05.65	-0.59	33.51	-0.01
0475	04	05.79850	05.79350	07.91	06.27	-0.66	35.24	-0.01
