RAW	190628	034336	536265	02
GEOM1	00.00	00.00	0.000000	0.000000	0.000000	0.000000	00.00	00.00	00.00	00.00	1000000.00	-3
GEOM2	00.00	00.00	0.000000	0.000000	0.000000	0.000000	00.00	00.00	00.00	00.00	0000.000	0000.000	1000000.00	-3
LDF	17.647970	0.076538	50.077782	0.150577	0061900.4	0026874.9	01.77	00.29	-1
GLDF	00.00	27.91	0.000000	0.150000	0.000000	0.150001	00.00	67.83	00.00	01.41	0061900.4	0000001.4	01.77	1000000.00	-2
0774	04	08.43470	08.43470	04.20	08.48	04.56	33.62	-0.05
0876	01	12.61485	12.61485	00.75	00.79	06.27	37.12	-0.05
0873	01	00.00000	00.00000	01.54	01.07	06.42	31.99	-0.03
0874	04	07.87537	07.87537	04.21	05.46	06.35	33.66	-0.06
0775	01	01.78443	01.78943	01.26	01.13	04.56	35.35	-0.05
0974	02	05.38639	05.38639	07.88	06.93	08.06	33.70	-0.06
