RAW	190611	102349	459764	02
GEOM1	00.00	00.00	0.000000	0.000000	0.000000	0.000000	00.00	00.00	00.00	00.00	1000000.00	-3
GEOM2	00.00	00.00	0.000000	0.000000	0.000000	0.000000	00.00	00.00	00.00	00.00	0000.000	0000.000	1000000.00	-3
LDF	18.214374	0.160173	49.585210	0.152921	0022680.6	0025976.3	00.27	01.89	-1
GLDF	00.00	27.86	0.000000	0.150000	0.000000	0.150001	00.00	64.40	00.00	01.41	0022680.6	0000001.4	00.27	1000000.00	-2
0774	04	06.03889	06.03889	04.68	02.44	04.56	33.62	-0.05
0873	03	04.20751	04.20751	04.59	05.28	06.42	31.99	-0.03
0874	04	06.97320	06.96820	05.79	10.47	06.35	33.66	-0.06
0874	02	11.34025	11.33526	01.08	02.13	06.35	33.66	-0.06
0877	01	05.67119	05.67119	01.21	01.12	06.20	38.86	-0.05
1073	01	00.00000	00.00000	02.23	01.36	09.86	32.00	-0.03
