RAW	190606	124333	754468	02
GEOM1	00.00	00.00	0.000000	0.000000	0.000000	0.000000	00.00	00.00	00.00	00.00	1000000.00	-3
GEOM2	00.00	00.00	0.000000	0.000000	0.000000	0.000000	00.00	00.00	00.00	00.00	0000.000	0000.000	1000000.00	-3
LDF	15.971223	0.063371	48.299321	0.150661	0076076.5	0027046.4	02.05	00.37	-1
GLDF	00.00	23.39	0.000000	0.150000	0.000000	0.150000	00.00	55.70	00.00	01.41	0076076.5	0000001.4	02.05	1000000.00	-2
0673	04	01.03683	01.03183	10.47	08.27	02.92	31.83	-0.04
0978	01	10.60104	10.59604	01.96	01.96	07.91	40.63	-0.05
0873	02	04.28626	04.28126	12.87	07.03	06.42	31.99	-0.03
0873	01	06.86449	06.85950	00.68	01.00	06.42	31.99	-0.03
1076	01	00.00000	00.00000	05.93	01.85	09.70	37.20	-0.12
0775	01	06.49211	06.49211	01.73	01.04	04.56	35.35	-0.05
0474	01	08.34698	08.34198	18.36	10.44	-0.59	33.51	-0.01
0773	04	02.35386	02.34886	08.90	04.93	04.63	31.89	-0.04
