RAW	190625	103054	270743	02
GEOM1	00.00	00.00	0.000000	0.000000	0.000000	0.000000	00.00	00.00	00.00	00.00	1000000.00	-3
GEOM2	00.00	00.00	0.000000	0.000000	0.000000	0.000000	00.00	00.00	00.00	00.00	0000.000	0000.000	1000000.00	-3
LDF	15.103327	0.150000	49.622144	0.149942	0465767.4	0345721.6	16.81	00.00	-2
GLDF	04.19	00.04	15.174994	0.057885	49.467836	0.102096	65.02	03.93	193.15	01.67	0000189.0	0000327.5	13.47	1000000.00	-2
0673	04	04.51129	04.51129	04.30	08.02	02.92	31.83	-0.04
0674	04	04.17868	04.17868	26.38	15.23	02.84	33.58	-0.04
0876	01	00.74249	00.74748	03.28	02.10	06.27	37.12	-0.05
1076	01	00.00000	00.00000	04.71	02.29	09.70	37.20	-0.12
0672	02	02.37684	02.37684	06.07	03.79	02.92	30.12	-0.04
