RAW	190628	090530	628426	03
GEOM1	-0.09	00.06	13.842756	0.149791	46.552446	0.149812	03.47	19.49	204.85	654.28	00.07	-2
GEOM2	-0.12	00.54	13.842009	0.150174	46.552132	0.150031	04.56	427.62	152.57	10229.68	0006.409	0012.917	00.00	-3
LDF	13.801531	0.160838	46.551504	0.150744	0448752.3	0352118.5	16.27	00.80	-1
GLDF	-0.09	00.05	13.778518	0.164330	46.551699	0.145474	04.51	18.75	208.33	462.26	0483048.8	0347752.7	17.74	01.25	-1
0472	04	00.75033	00.75532	02.64	02.34	-0.52	30.05	-0.03
0977	01	06.34944	06.34444	01.48	00.93	07.92	38.89	-0.09
0978	01	03.60595	03.60095	00.61	02.07	07.91	40.63	-0.05
0776	01	05.24269	05.25268	02.54	00.47	04.49	37.09	-0.04
0676	01	00.21978	00.21478	01.20	02.02	02.77	37.09	-0.03
0672	04	00.08601	00.08601	06.28	04.49	02.92	30.12	-0.04
0572	04	00.00000	00.00000	05.92	03.24	01.20	30.14	-0.04
