RAW	190616	143446	485723	02
GEOM1	00.00	00.00	0.000000	0.000000	0.000000	0.000000	00.00	00.00	00.00	00.00	1000000.00	-3
GEOM2	00.00	00.00	0.000000	0.000000	0.000000	0.000000	00.00	00.00	00.00	00.00	0000.000	0000.000	1000000.00	-3
LDF	12.369959	0.181075	47.267244	0.149392	0098064.9	0092340.9	02.47	01.82	-1
GLDF	00.00	25.73	0.000000	0.150000	0.000000	0.150001	00.00	74.04	00.00	01.41	0098064.9	0000001.4	02.47	1000000.00	-2
0472	04	03.96529	03.96529	03.27	04.60	-0.52	30.05	-0.03
0873	01	00.00000	00.00000	01.61	01.91	06.42	31.99	-0.03
1075	01	10.13743	10.13743	00.85	00.90	09.78	35.47	-0.10
0473	03	05.41674	05.41674	06.76	06.71	-0.52	31.76	-0.03
0572	04	05.34450	05.34450	04.31	05.95	01.20	30.14	-0.04
