RAW	190613	192443	175500	02
GEOM1	00.00	00.00	0.000000	0.000000	0.000000	0.000000	00.00	00.00	00.00	00.00	1000000.00	-3
GEOM2	00.00	00.00	0.000000	0.000000	0.000000	0.000000	00.00	00.00	00.00	00.00	0000.000	0000.000	1000000.00	-3
LDF	16.844997	0.153028	49.072716	0.115680	0044930.2	0032491.6	01.28	01.26	-1
GLDF	00.00	26.58	0.000000	0.150000	0.000000	0.150000	00.00	58.67	00.00	01.41	0044930.2	0000001.4	01.28	1000000.00	-2
0774	04	02.53822	02.53822	03.97	04.37	04.56	33.62	-0.05
0775	02	00.39734	00.40234	04.89	05.49	04.56	35.35	-0.05
0974	01	00.00000	00.00000	02.81	01.32	08.06	33.70	-0.06
0474	01	03.10292	03.10292	01.00	01.55	-0.59	33.51	-0.01
0773	04	02.53047	02.53547	08.36	06.97	04.63	31.89	-0.04
