RAW	190611	225925	982008	03
GEOM1	06.74	00.15	11.359440	0.149594	47.045354	0.148678	87.48	09.59	135.01	00.83	00.34	-2
GEOM2	06.74	00.16	11.359472	0.147483	47.045348	0.144014	88.95	258.41	135.09	04.33	0000.970	0003.209	00.00	-3
LDF	11.328614	0.000000	47.014534	0.000000	-000000.0	0000000.0	  nan	1000000.00	00
GLDF	06.73	00.00	11.282666	0.000000	46.968694	0.000000	87.44	00.00	142.53	00.00	0000000.0	0000000.0	00.00	137.73	00
0372	04	07.32305	07.31805	03.90	04.79	-2.24	30.01	-0.01
0472	04	06.08796	06.08796	13.09	05.54	-0.52	30.05	-0.03
0673	01	00.00000	00.00000	01.97	00.98	02.92	31.83	-0.04
0676	01	00.20796	00.19797	01.32	01.79	02.77	37.09	-0.03
0473	04	07.32197	07.31698	08.72	04.81	-0.52	31.76	-0.03
