RAW	190630	071638	840679	03
GEOM1	00.84	00.13	16.768119	0.149864	52.395034	0.149876	55.66	31.12	146.58	15.32	00.00	-2
GEOM2	00.82	00.10	16.768016	0.148896	52.395264	0.146465	31.79	31.37	115.34	118.97	0002.087	0003.060	00.00	-3
LDF	16.836745	0.144948	52.575199	0.102062	0001662.8	0000698.7	01.21	03.52	00
GLDF	00.87	00.14	16.799527	0.149714	52.461499	0.148985	71.56	01.99	151.54	01.06	0000004.2	0000006.4	04.83	01.65	00
0774	04	00.00000	00.00000	03.19	01.61	04.56	33.62	-0.05
0774	02	03.75245	03.75245	03.51	05.20	04.56	33.62	-0.05
0675	01	07.30089	07.30589	00.73	01.11	02.84	35.32	-0.04
0776	04	01.44460	01.44959	12.46	05.88	04.49	37.09	-0.04
0775	04	00.58915	00.58915	03.88	12.02	04.56	35.35	-0.05
