RAW	190616	171138	056689	02
GEOM1	00.00	00.00	0.000000	0.000000	0.000000	0.000000	00.00	00.00	00.00	00.00	1000000.00	-3
GEOM2	00.00	00.00	0.000000	0.000000	0.000000	0.000000	00.00	00.00	00.00	00.00	0000.000	0000.000	1000000.00	-3
LDF	15.837036	0.062321	53.529632	0.150414	0073924.3	0025816.1	02.01	00.21	-1
GLDF	00.00	27.20	0.000000	0.150000	0.000000	0.150000	00.00	66.82	00.00	01.41	0073924.3	0000001.4	02.01	1000000.00	-2
0772	01	08.50809	08.50809	01.97	02.05	04.71	30.23	-0.02
0574	01	06.13268	06.12768	01.09	01.29	01.13	33.54	-0.04
0674	01	04.88234	04.88234	01.61	01.55	02.84	33.58	-0.04
0876	02	01.41732	01.42232	05.77	07.06	06.27	37.12	-0.05
0873	01	09.99279	09.99779	01.04	01.14	06.42	31.99	-0.03
0776	04	04.51621	04.52120	08.51	05.37	04.49	37.09	-0.04
0676	04	04.60684	04.60684	05.78	11.63	02.77	37.09	-0.03
1073	01	02.30403	02.30403	02.91	01.12	09.86	32.00	-0.03
0872	01	00.00000	00.00000	01.53	00.72	06.35	30.23	00.01
