RAW	190606	074932	552009	02
GEOM1	00.00	00.00	0.000000	0.000000	0.000000	0.000000	00.00	00.00	00.00	00.00	1000000.00	-3
GEOM2	00.00	00.00	0.000000	0.000000	0.000000	0.000000	00.00	00.00	00.00	00.00	0000.000	0000.000	1000000.00	-3
LDF	12.363757	0.130775	52.487389	0.129183	0283917.6	0139818.4	09.68	00.88	-1
GLDF	-40.93	  nan	28.643963	   nan	64.127721	   nan	89.99	  nan	281.66	  nan	6825271.4	      nan	00.00	1000000.00	-2
0576	04	06.93869	06.94368	04.87	05.93	01.05	37.01	-0.02
0575	02	03.83331	03.83831	03.67	09.57	01.13	35.27	-0.03
0978	01	13.16303	13.16802	00.38	00.33	07.91	40.63	-0.05
0474	01	09.52945	09.53445	00.82	01.17	-0.59	33.51	-0.01
0475	04	07.14508	07.15008	06.93	08.56	-0.66	35.24	-0.01
0572	01	00.00000	00.00000	02.32	03.24	01.20	30.14	-0.04
0572	01	10.74271	10.74770	00.95	00.60	01.20	30.14	-0.04
