RAW	190608	113354	978452	03
GEOM1	02.72	00.16	19.687943	0.149998	48.749072	0.150006	06.50	16.66	281.61	245.83	00.00	-2
GEOM2	02.95	00.60	19.687927	0.149062	48.749057	0.148914	36.91	85.36	225.88	23.77	0000.458	0011.801	00.00	-3
LDF	19.674247	0.156880	48.757827	0.154236	0030061.6	0032440.5	01.15	03.90	00
GLDF	02.71	00.14	19.665950	0.161570	48.762510	0.157157	06.50	15.79	278.00	204.28	0031868.8	0034620.2	00.73	05.79	00
0673	01	05.69925	05.70424	01.25	00.63	02.92	31.83	-0.04
0977	01	06.20719	06.20219	00.55	01.36	07.92	38.89	-0.09
0873	02	00.00000	00.00000	33.18	27.79	06.42	31.99	-0.03
0973	04	02.86688	02.86688	07.12	05.40	08.07	31.96	-0.03
0874	04	02.89672	02.89672	03.64	06.14	06.35	33.66	-0.06
0776	01	01.83774	01.83774	05.62	04.80	04.49	37.09	-0.04
0975	01	00.63035	00.63534	01.73	00.52	07.99	35.38	-0.08
0972	04	03.59625	03.59625	01.74	02.47	08.14	30.22	00.02
