RAW	190614	170739	364371	03
GEOM1	07.53	00.15	16.415518	0.150010	48.710522	0.149950	74.29	01.46	08.62	01.53	00.00	-2
GEOM2	07.53	03.51	16.415474	0.150012	48.710499	0.149998	74.56	11.61	09.12	256.02	0000.670	0218.269	00.00	-3
LDF	16.411935	0.149904	48.723671	0.145897	0000000.3	0000000.1	02.42	01.47	00
GLDF	07.51	00.14	16.406666	0.149343	48.713050	0.145296	73.76	00.93	08.52	01.31	0000000.5	0000000.5	02.53	01.84	00
0774	04	08.14899	08.14400	04.54	04.07	04.56	33.62	-0.05
0673	04	06.28715	06.28215	04.89	04.84	02.92	31.83	-0.04
0675	02	00.00000	00.00000	03.51	01.02	02.84	35.32	-0.04
0773	04	07.92882	07.92382	14.40	04.89	04.63	31.89	-0.04
0475	01	08.43889	08.42890	01.62	02.04	-0.66	35.24	-0.01
