RAW	190625	042115	279158	02
GEOM1	00.00	00.00	0.000000	0.000000	0.000000	0.000000	00.00	00.00	00.00	00.00	1000000.00	-3
GEOM2	00.00	00.00	0.000000	0.000000	0.000000	0.000000	00.00	00.00	00.00	00.00	0000.000	0000.000	1000000.00	-3
LDF	13.897431	0.150022	47.448074	0.087039	0100911.1	0053411.8	02.53	00.84	-1
GLDF	00.00	24.07	0.000000	0.150000	0.000000	0.150000	00.00	62.65	00.00	01.41	0100911.1	0000001.4	02.53	1000000.00	-2
0673	03	04.02460	04.02460	04.84	04.62	02.92	31.83	-0.04
0976	01	00.00000	00.00000	01.79	00.83	07.99	37.16	-0.09
1073	01	09.20037	09.20037	00.67	02.85	09.86	32.00	-0.03
0573	04	00.80512	00.80512	06.74	03.95	01.13	31.81	-0.04
0572	04	01.75629	01.75629	07.12	07.19	01.20	30.14	-0.04
