RAW	190614	090846	720326	02
GEOM1	00.00	00.00	0.000000	0.000000	0.000000	0.000000	00.00	00.00	00.00	00.00	1000000.00	-3
GEOM2	00.00	00.00	0.000000	0.000000	0.000000	0.000000	00.00	00.00	00.00	00.00	0000.000	0000.000	1000000.00	-3
LDF	15.102569	0.150005	49.980571	0.088315	2484675.1	0750188.9	105.13	00.02	-1
GLDF	00.00	22.92	0.000000	0.150000	0.000000	0.150000	00.00	57.90	00.00	01.41	2484675.1	0000001.4	105.13	1000000.00	-2
0673	04	00.61079	00.61579	12.48	08.53	02.92	31.83	-0.04
0674	03	02.22280	02.22280	31.91	22.56	02.84	33.58	-0.04
0675	04	03.19644	03.20143	11.20	06.84	02.84	35.32	-0.04
0978	01	00.69263	00.69263	04.04	02.36	07.91	40.63	-0.05
0878	01	00.00000	00.00000	01.04	01.00	06.34	40.13	-0.02
0973	01	01.93964	01.93964	01.99	02.76	08.07	31.96	-0.03
