RAW	190625	075508	572203	03
GEOM1	04.12	00.15	19.958098	0.150585	53.987055	0.149363	88.08	05.05	201.55	00.68	00.00	-2
GEOM2	04.12	00.07	19.958082	0.072738	53.987028	0.126630	87.59	120.37	201.48	15.22	0000.517	0017.251	00.00	-3
LDF	19.921136	0.000000	54.001618	0.000000	0000000.0	0000000.0	21762404706863946924032.00	1000000.00	-1
GLDF	04.12	00.00	19.921146	0.000000	54.001624	0.000000	88.07	00.00	202.74	00.00	0000000.0	0000000.0	54273588909645.77	1000000.00	-1
0574	01	08.75967	08.75967	04.54	01.60	01.13	33.54	-0.04
0977	04	03.45974	03.45974	07.83	05.49	07.92	38.89	-0.09
0876	04	05.61613	05.61613	04.88	03.87	06.27	37.12	-0.05
0976	04	04.00778	04.01278	20.29	15.97	07.99	37.16	-0.09
1072	01	00.00000	00.00000	01.86	01.30	09.86	30.29	00.00
