RAW	190619	123452	798735	03
GEOM1	07.24	00.11	17.382836	0.150000	49.428290	0.150005	22.53	06.58	273.85	18.14	00.00	-2
GEOM2	07.36	17.43	17.382835	0.150014	49.428298	0.150034	24.29	213.75	280.67	886.90	0001.066	0467.144	00.00	-3
LDF	17.457031	0.172356	49.325970	0.138103	0050945.0	0039843.6	01.89	02.57	00
GLDF	07.28	00.09	17.483139	0.177951	49.300146	0.113166	23.45	05.36	272.57	14.44	0056590.0	0041556.7	02.15	03.39	00
0774	04	07.13410	07.13410	03.72	04.05	04.56	33.62	-0.05
0878	01	01.18130	01.17631	00.68	01.33	06.34	40.13	-0.02
0874	04	07.28597	07.28597	04.40	03.12	06.35	33.66	-0.06
0874	01	11.15336	11.14836	00.50	00.74	06.35	33.66	-0.06
1076	01	04.85319	04.84819	00.83	01.48	09.70	37.20	-0.12
0676	01	14.67929	14.67929	01.11	00.62	02.77	37.09	-0.03
0473	01	00.00000	00.00000	01.85	01.67	-0.52	31.76	-0.03
0773	04	07.84227	07.83727	03.99	05.06	04.63	31.89	-0.04
