RAW	190622	203409	981224	03
GEOM1	08.18	00.12	17.293907	0.149998	50.910495	0.150004	28.54	08.23	38.33	11.10	00.00	-2
GEOM2	08.27	00.65	17.293899	0.149217	50.910490	0.149490	30.94	12.83	34.47	22.65	0001.130	0020.363	00.00	-3
LDF	17.305539	0.159197	51.024504	0.083755	0048069.3	0023816.6	02.48	02.92	00
GLDF	08.22	00.10	17.315238	0.163731	51.035458	0.076911	28.00	07.33	40.08	09.76	0050850.8	0033235.4	02.40	04.06	00
0774	04	07.88727	07.89726	03.95	04.24	04.56	33.62	-0.05
0874	04	08.68868	08.68868	04.62	04.76	06.35	33.66	-0.06
0775	04	08.38183	08.39182	09.57	07.01	04.56	35.35	-0.05
0972	01	00.00000	00.00000	00.89	01.21	08.14	30.22	00.02
1072	01	12.00897	12.01397	01.45	01.51	09.86	30.29	00.00
