RAW	190611	221330	845327	02
GEOM1	00.00	00.00	0.000000	0.000000	0.000000	0.000000	00.00	00.00	00.00	00.00	1000000.00	-3
GEOM2	00.00	00.00	0.000000	0.000000	0.000000	0.000000	00.00	00.00	00.00	00.00	0000.000	0000.000	1000000.00	-3
LDF	14.405765	0.106653	48.264556	0.154970	0082739.3	0052757.4	02.18	02.32	-1
GLDF	00.00	21.91	0.000000	0.150000	0.000000	0.150000	00.00	61.75	00.00	01.41	0082739.3	0000001.4	02.18	1000000.00	-2
0673	04	03.65578	03.65078	15.79	11.42	02.92	31.83	-0.04
0975	01	00.00000	00.00000	02.21	02.06	07.99	35.38	-0.08
0573	04	03.82537	03.83037	05.89	06.50	01.13	31.81	-0.04
0473	01	09.61049	09.61049	00.91	01.18	-0.52	31.76	-0.03
0572	02	00.83938	00.83938	12.29	06.48	01.20	30.14	-0.04
