RAW	190620	131830	284493	02
GEOM1	00.00	00.00	0.000000	0.000000	0.000000	0.000000	00.00	00.00	00.00	00.00	1000000.00	-3
GEOM2	00.00	00.00	0.000000	0.000000	0.000000	0.000000	00.00	00.00	00.00	00.00	0000.000	0000.000	1000000.00	-3
LDF	14.395814	0.097691	46.568407	0.152042	0042605.5	0025631.4	01.19	00.83	-1
GLDF	00.00	25.11	0.000000	0.150000	0.000000	0.150000	00.00	63.62	00.00	01.41	0042605.5	0000001.4	01.19	1000000.00	-2
0772	02	00.89654	00.90154	03.64	03.44	04.71	30.23	-0.02
0472	02	00.00000	00.00000	04.78	02.96	-0.52	30.05	-0.03
0873	01	05.72599	05.72599	00.98	00.76	06.42	31.99	-0.03
1075	01	05.42933	05.42933	00.89	01.28	09.78	35.47	-0.10
0672	04	03.06379	03.06379	07.05	05.96	02.92	30.12	-0.04
0572	04	02.98044	02.98044	04.42	03.52	01.20	30.14	-0.04
