RAW	190608	085203	959204	02
GEOM1	00.00	00.00	0.000000	0.000000	0.000000	0.000000	00.00	00.00	00.00	00.00	1000000.00	-3
GEOM2	00.00	00.00	0.000000	0.000000	0.000000	0.000000	00.00	00.00	00.00	00.00	0000.000	0000.000	1000000.00	-3
LDF	17.651690	0.143404	49.444222	0.151067	0096094.0	0073298.3	02.43	01.39	-1
GLDF	00.00	30.71	0.000000	0.150000	0.000000	0.150001	00.00	65.20	00.00	01.41	0096094.0	0000001.4	02.43	1000000.00	-2
0774	04	04.79612	04.92103	04.08	02.17	04.56	33.62	-0.05
0874	04	05.95077	05.95077	05.03	05.22	06.35	33.66	-0.06
1076	01	06.58149	06.58149	01.38	01.81	09.70	37.20	-0.12
0974	01	00.00000	00.00000	01.28	01.17	08.06	33.70	-0.06
0773	03	07.02520	07.03019	05.53	03.83	04.63	31.89	-0.04
