RAW	190628	105135	788476	03
GEOM1	04.96	00.13	16.122120	0.150129	51.364076	0.150107	62.20	03.74	37.17	02.49	00.00	-2
GEOM2	04.99	00.27	16.122114	0.141007	51.364072	0.144974	58.60	30.20	35.77	13.00	0000.359	0009.924	00.00	-3
LDF	16.080740	0.166256	51.371455	0.162260	0000055.1	0000039.8	00.31	03.80	00
GLDF	04.92	00.14	16.051266	0.185849	51.385598	0.177747	62.53	03.37	37.59	02.30	0000055.2	0000068.7	00.00	05.57	00
0774	02	00.00000	00.00000	02.21	00.86	04.56	33.62	-0.05
0774	04	04.85669	04.85669	03.46	02.62	04.56	33.62	-0.05
0675	04	04.49807	04.49807	05.44	04.63	02.84	35.32	-0.04
0876	01	03.52548	03.53047	00.69	00.27	06.27	37.12	-0.05
0775	04	05.70110	05.69610	03.97	05.27	04.56	35.35	-0.05
