RAW	190602	164542	238637	02
GEOM1	00.00	00.00	0.000000	0.000000	0.000000	0.000000	00.00	00.00	00.00	00.00	1000000.00	-3
GEOM2	00.00	00.00	0.000000	0.000000	0.000000	0.000000	00.00	00.00	00.00	00.00	0000.000	0000.000	1000000.00	-3
LDF	16.768595	0.151238	52.596031	0.065416	0085202.1	0031179.0	02.22	00.70	-1
GLDF	00.00	25.74	0.000000	0.150000	0.000000	0.150000	00.00	61.52	00.00	01.41	0085202.1	0000001.4	02.22	1000000.00	-2
0774	02	06.31143	06.31143	09.41	08.06	04.56	33.62	-0.05
0372	01	12.73339	12.73339	00.99	01.36	-2.24	30.01	-0.01
0873	02	02.84357	02.84357	02.33	01.26	06.42	31.99	-0.03
0776	04	04.16693	04.16693	06.35	07.78	04.49	37.09	-0.04
0775	04	04.03412	04.03912	15.25	06.16	04.56	35.35	-0.05
0773	01	00.00000	00.00000	00.85	01.30	04.63	31.89	-0.04
