RAW	190605	125118	870504	03
GEOM1	00.98	00.14	12.971580	0.150100	52.765335	0.149777	67.10	03.68	124.48	02.37	00.00	-2
GEOM2	01.00	00.26	12.971582	0.144292	52.765334	0.139569	68.81	25.58	125.59	17.99	0000.506	0013.613	00.00	-3
LDF	13.115497	0.128918	52.923382	0.122262	0000046.1	0000012.8	04.67	05.79	00
GLDF	01.03	00.14	13.135925	0.125292	52.943393	0.119101	66.78	03.97	123.66	02.56	0000051.9	0000082.0	04.47	07.54	00
0576	04	01.34896	01.35396	09.59	27.84	01.05	37.01	-0.02
0576	01	04.51678	04.52178	00.97	01.65	01.05	37.01	-0.02
0575	04	00.00000	00.00000	07.72	04.21	01.13	35.27	-0.03
1076	01	02.16584	02.17084	00.98	01.38	09.70	37.20	-0.12
0475	04	00.95346	00.95845	05.82	06.39	-0.66	35.24	-0.01
