RAW	190608	155934	375821	02
GEOM1	00.00	00.00	0.000000	0.000000	0.000000	0.000000	00.00	00.00	00.00	00.00	1000000.00	-3
GEOM2	00.00	00.00	0.000000	0.000000	0.000000	0.000000	00.00	00.00	00.00	00.00	0000.000	0000.000	1000000.00	-3
LDF	21.279146	0.104305	47.196136	0.152025	0111253.9	0064944.1	02.76	01.84	-1
GLDF	00.00	25.02	0.000000	0.150000	0.000000	0.150001	00.00	55.22	00.00	01.41	0111253.9	0000001.4	02.76	1000000.00	-2
0472	01	06.29832	06.29832	01.18	01.44	-0.52	30.05	-0.03
1075	01	00.00000	00.00000	01.94	00.78	09.78	35.47	-0.10
1076	01	11.77672	11.77172	01.45	03.02	09.70	37.20	-0.12
0972	04	07.55225	07.55725	07.45	07.06	08.14	30.22	00.02
1073	03	07.19650	07.20150	06.64	04.26	09.86	32.00	-0.03
1072	04	08.77231	08.76732	05.09	07.40	09.86	30.29	00.00
0474	01	10.04587	10.04587	01.13	00.94	-0.59	33.51	-0.01
