RAW	190619	063136	936814	03
GEOM1	07.73	00.14	18.766339	0.150476	49.694750	0.151246	61.51	06.06	149.46	04.23	00.00	-2
GEOM2	07.78	00.22	18.766282	0.135944	49.694789	0.146447	52.90	31.91	155.47	25.52	0000.156	0006.563	00.00	-3
LDF	19.220103	0.122143	50.362056	0.131674	0000146.7	0000062.7	00.85	01.77	00
GLDF	07.73	00.13	18.735555	0.150405	49.659635	0.151799	62.32	04.48	149.21	03.17	0000851.9	0001433.3	24.11	01.12	-1
0674	01	11.30775	11.29776	00.37	00.87	02.84	33.58	-0.04
0978	01	02.46737	02.46737	06.41	00.42	07.91	40.63	-0.05
0874	04	08.07271	08.07271	07.31	03.86	06.35	33.66	-0.06
0974	04	06.85333	06.84834	04.23	04.57	08.06	33.70	-0.06
0975	03	05.55719	05.55219	06.84	05.44	07.99	35.38	-0.08
0773	01	00.00000	00.00000	01.27	01.16	04.63	31.89	-0.04
0773	04	08.73904	08.73404	03.80	02.34	04.63	31.89	-0.04
0572	01	00.67923	00.67423	01.15	01.67	01.20	30.14	-0.04
0572	01	05.56091	05.56091	01.38	01.11	01.20	30.14	-0.04
