RAW	190619	143033	719931	02
GEOM1	00.00	00.00	0.000000	0.000000	0.000000	0.000000	00.00	00.00	00.00	00.00	1000000.00	-3
GEOM2	00.00	00.00	0.000000	0.000000	0.000000	0.000000	00.00	00.00	00.00	00.00	0000.000	0000.000	1000000.00	-3
LDF	12.702517	0.101387	46.538566	0.153508	0055872.6	0034708.8	01.63	01.54	-1
GLDF	00.00	22.34	0.000000	0.150000	0.000000	0.150000	00.00	64.68	00.00	01.41	0055872.6	0000001.4	01.63	1000000.00	-2
0372	02	00.00000	00.00000	04.24	03.29	-2.24	30.01	-0.01
0472	04	02.26074	02.26074	03.49	06.59	-0.52	30.05	-0.03
0977	01	03.84849	03.84349	01.11	01.36	07.92	38.89	-0.09
0876	01	01.53807	01.53307	00.96	02.13	06.27	37.12	-0.05
0475	01	05.59825	05.59825	01.45	00.78	-0.66	35.24	-0.01
0475	01	08.55628	08.55628	01.52	01.51	-0.66	35.24	-0.01
0572	04	02.46195	02.46195	13.12	06.49	01.20	30.14	-0.04
