RAW	190601	145725	578510	03
GEOM1	07.65	00.13	10.970419	0.150001	47.014695	0.149984	40.28	06.98	109.01	05.42	00.00	-2
GEOM2	07.71	00.67	10.970428	0.149628	47.014682	0.148586	42.23	14.32	108.92	05.59	0001.189	0019.538	00.00	-3
LDF	10.827756	0.129438	47.024868	0.158958	0013578.3	0008779.3	02.05	03.37	00
GLDF	07.69	00.12	10.796771	0.101878	47.029525	0.162008	39.93	07.07	110.01	04.48	0015314.1	0013618.2	02.00	04.59	00
0372	04	07.60903	07.60903	03.91	07.40	-2.24	30.01	-0.01
0472	04	07.26373	07.26373	04.11	02.14	-0.52	30.05	-0.03
0978	01	01.36747	01.36747	01.45	01.61	07.91	40.63	-0.05
0972	01	00.00000	00.00000	02.01	02.05	08.14	30.22	00.02
0473	04	08.36877	08.36877	04.52	03.68	-0.52	31.76	-0.03
