RAW	190629	105836	854416	02
GEOM1	00.00	00.00	0.000000	0.000000	0.000000	0.000000	00.00	00.00	00.00	00.00	1000000.00	-3
GEOM2	00.00	00.00	0.000000	0.000000	0.000000	0.000000	00.00	00.00	00.00	00.00	0000.000	0000.000	1000000.00	-3
LDF	17.690887	0.085031	48.662999	0.150646	0095096.4	0045973.8	02.41	01.17	-1
GLDF	00.00	24.77	0.000000	0.150000	0.000000	0.150000	00.00	55.15	00.00	01.41	0095096.4	0000001.4	02.41	1000000.00	-2
0774	03	01.32452	01.32951	02.77	02.76	04.56	33.62	-0.05
0873	04	02.31933	02.31933	07.84	05.26	06.42	31.99	-0.03
0973	01	04.63968	04.63968	00.99	01.36	08.07	31.96	-0.03
1075	01	00.00000	00.00000	02.10	01.02	09.78	35.47	-0.10
0773	04	03.71913	03.72412	09.30	06.18	04.63	31.89	-0.04
