RAW	190601	145742	679050	02
GEOM1	00.00	00.00	0.000000	0.000000	0.000000	0.000000	00.00	00.00	00.00	00.00	1000000.00	-3
GEOM2	00.00	00.00	0.000000	0.000000	0.000000	0.000000	00.00	00.00	00.00	00.00	0000.000	0000.000	1000000.00	-3
LDF	17.274354	0.153655	49.633802	0.170650	0024490.5	0029482.3	00.34	02.03	-1
GLDF	03.14	00.88	15.181455	0.148154	44.681063	0.149918	23.93	01.35	00.54	00.89	3632574.1	0000000.9	249.77	1000000.00	-2
0774	04	04.08012	04.08012	07.97	09.63	04.56	33.62	-0.05
0878	01	00.00000	00.00000	01.21	02.26	06.34	40.13	-0.02
0874	03	07.45222	07.45222	03.29	05.04	06.35	33.66	-0.06
1076	01	11.50468	11.49969	00.87	01.50	09.70	37.20	-0.12
0773	04	05.58137	05.58137	03.57	04.39	04.63	31.89	-0.04
