RAW	190620	225020	912218	02
GEOM1	00.00	00.00	0.000000	0.000000	0.000000	0.000000	00.00	00.00	00.00	00.00	1000000.00	-3
GEOM2	00.00	00.00	0.000000	0.000000	0.000000	0.000000	00.00	00.00	00.00	00.00	-005.454	0003.387	1000000.00	-3
LDF	18.612433	0.151141	48.181387	0.130171	1544181.4	0770627.1	62.45	01.25	-1
GLDF	00.36	00.12	18.569138	0.141208	48.033837	0.135295	63.42	02.92	19.89	01.87	0001214.2	0001725.9	55.15	1000000.00	-2
0472	01	01.11314	01.10814	01.08	01.32	-0.52	30.05	-0.03
0873	03	00.81143	00.81143	04.90	07.03	06.42	31.99	-0.03
0873	02	05.33334	05.33334	03.13	07.90	06.42	31.99	-0.03
0874	04	01.11607	01.12107	07.28	05.41	06.35	33.66	-0.06
0872	04	00.00000	00.00000	14.21	07.39	06.35	30.23	00.01
