RAW	190615	010630	345614	02
GEOM1	00.00	00.00	0.000000	0.000000	0.000000	0.000000	00.00	00.00	00.00	00.00	1000000.00	-3
GEOM2	00.00	00.00	0.000000	0.000000	0.000000	0.000000	00.00	00.00	00.00	00.00	0000.000	0000.000	1000000.00	-3
LDF	19.797877	0.128506	49.108991	0.120210	0316664.1	0137203.7	11.02	00.28	-1
GLDF	00.00	26.27	0.000000	0.150000	0.000000	0.150001	00.00	57.88	00.00	01.41	0316664.1	0000001.4	11.02	1000000.00	-2
0774	02	00.00000	00.00000	02.16	02.30	04.56	33.62	-0.05
0673	02	07.25879	07.26379	01.95	00.96	02.92	31.83	-0.04
0977	01	06.96662	06.96662	01.49	02.31	07.92	38.89	-0.09
0876	01	11.29840	11.29840	02.19	02.45	06.27	37.12	-0.05
0873	04	07.19089	07.18589	04.56	06.38	06.42	31.99	-0.03
0973	03	04.47561	04.47561	04.80	06.11	08.07	31.96	-0.03
0974	04	05.50796	05.50796	07.12	09.43	08.06	33.70	-0.06
