RAW	190624	051651	179109	02
GEOM1	00.00	00.00	0.000000	0.000000	0.000000	0.000000	00.00	00.00	00.00	00.00	1000000.00	-3
GEOM2	00.00	00.00	0.000000	0.000000	0.000000	0.000000	00.00	00.00	00.00	00.00	0000.000	0000.000	1000000.00	-3
LDF	13.370032	0.150000	50.376581	0.150050	0360999.0	0284384.6	12.72	00.00	-2
GLDF	00.00	22.68	0.000000	0.150000	0.000000	0.150000	00.00	68.41	00.00	01.41	0360999.0	0000001.4	12.72	1000000.00	-2
0574	04	04.54884	04.54385	19.91	14.09	01.13	33.54	-0.04
0674	02	00.00000	00.00000	01.65	01.40	02.84	33.58	-0.04
0575	04	03.56981	03.56481	04.61	05.36	01.13	35.27	-0.03
0475	02	00.09641	00.09141	01.73	01.68	-0.66	35.24	-0.01
0475	02	01.48548	01.48048	11.59	07.89	-0.66	35.24	-0.01
