RAW	190626	095746	012588	02
GEOM1	00.00	00.00	0.000000	0.000000	0.000000	0.000000	00.00	00.00	00.00	00.00	1000000.00	-3
GEOM2	00.00	00.00	0.000000	0.000000	0.000000	0.000000	00.00	00.00	00.00	00.00	0000.000	0000.000	1000000.00	-3
LDF	18.022572	0.150540	48.368031	0.150124	0013527.2	0015405.9	00.09	02.35	-1
GLDF	00.00	29.28	0.000000	0.150000	0.000000	0.150000	00.00	56.66	00.00	01.41	0013527.2	0000001.4	00.09	1000000.00	-2
0575	01	09.72487	09.72487	00.55	01.46	01.13	35.27	-0.03
0873	04	03.97938	03.97938	03.47	05.86	06.42	31.99	-0.03
0973	04	03.07836	03.08336	04.18	03.91	08.07	31.96	-0.03
0776	01	02.12122	02.12122	01.12	01.18	04.49	37.09	-0.04
0974	02	00.00000	00.00000	01.50	01.90	08.06	33.70	-0.06
0773	03	05.49989	05.50489	08.80	12.54	04.63	31.89	-0.04
