RAW	190617	234349	706610	01
GEOM1	00.00	00.00	0.000000	0.000000	0.000000	0.000000	00.00	00.00	00.00	00.00	1000000.00	-4
GEOM2	00.00	00.00	0.000000	0.000000	0.000000	0.000000	00.00	00.00	00.00	00.00	0000.000	0000.000	1000000.00	-4
LDF	13.369800	0.134049	51.714800	0.125785	0000001.0	0245270.1	18.52	1000000.00	-3
GLDF	00.00	46.86	0.000000	0.150000	0.000000	0.150000	00.00	102.07	00.00	01.41	0000001.0	0000001.4	00.00	1000000.00	-4
0575	04	00.67121	00.67121	02.65	03.83	01.13	35.27	-0.03
0978	01	04.64201	04.63701	00.82	01.60	07.91	40.63	-0.05
0876	02	03.95792	03.95792	04.23	04.69	06.27	37.12	-0.05
0776	02	06.60651	06.60651	05.33	05.56	04.49	37.09	-0.04
0676	02	04.84491	04.84491	05.22	07.42	02.77	37.09	-0.03
0972	01	00.00000	00.00000	02.71	01.81	08.14	30.22	00.02
0475	01	09.71313	09.71313	01.30	01.26	-0.66	35.24	-0.01
