RAW	190615	113804	394127	03
GEOM1	06.80	00.08	14.226808	0.149996	48.736835	0.150002	08.88	05.10	177.94	50.22	00.00	-2
GEOM2	06.89	12.46	14.226792	0.150000	48.736841	0.150002	08.09	97.67	163.43	1951.22	0001.146	0490.673	00.00	-3
LDF	14.170743	0.066525	48.821560	0.183340	0234308.9	0126246.0	07.95	03.21	00
GLDF	06.81	00.07	14.164263	0.060279	48.893722	0.193153	09.09	04.70	175.53	38.65	0280669.2	0157574.4	10.18	04.43	00
0772	01	00.00000	00.00000	01.20	01.22	04.71	30.23	-0.02
0673	04	06.81430	06.81430	06.54	06.27	02.92	31.83	-0.04
0674	04	06.91905	06.91405	09.08	06.79	02.84	33.58	-0.04
0776	02	02.84695	02.85194	03.23	03.92	04.49	37.09	-0.04
0775	02	02.19871	02.19871	04.14	02.49	04.56	35.35	-0.05
0573	04	07.03837	07.04337	14.20	15.68	01.13	31.81	-0.04
0572	01	05.48370	05.48370	00.82	00.86	01.20	30.14	-0.04
