RAW	190615	205555	921252	03
GEOM1	07.34	00.15	18.973541	0.149915	54.902249	0.150732	79.16	01.83	198.30	01.07	00.00	-2
GEOM2	07.35	00.12	18.973541	0.101212	54.902236	0.140750	80.46	18.24	198.81	06.67	0000.251	0009.292	00.00	-3
LDF	19.051208	0.147992	54.635416	0.141468	0000000.0	0000000.0	00.93	07.74	00
GLDF	07.35	00.15	19.056996	0.149373	54.612590	0.160058	77.69	02.85	199.08	00.84	0000000.0	0000000.0	02.04	09.02	00
0977	04	06.12626	06.12626	06.07	06.97	07.92	38.89	-0.09
0878	02	11.94775	11.94775	00.85	02.32	06.34	40.13	-0.02
0876	04	08.22273	08.22273	04.74	05.43	06.27	37.12	-0.05
0775	01	01.86606	01.87105	00.64	00.90	04.56	35.35	-0.05
0877	04	07.73375	07.72876	09.85	10.55	06.20	38.86	-0.05
0474	01	11.80457	11.80457	00.79	00.99	-0.59	33.51	-0.01
0475	01	00.00000	00.00000	01.41	02.49	-0.66	35.24	-0.01
