RAW	190602	063359	899316	02
GEOM1	00.00	00.00	0.000000	0.000000	0.000000	0.000000	00.00	00.00	00.00	00.00	1000000.00	-3
GEOM2	00.00	00.00	0.000000	0.000000	0.000000	0.000000	00.00	00.00	00.00	00.00	0000.000	0000.000	1000000.00	-3
LDF	15.516555	0.150041	50.031113	0.150000	0221625.6	0193328.4	06.80	00.00	-2
GLDF	00.00	25.64	0.000000	0.150000	0.000000	0.150001	00.00	73.22	00.00	01.41	0221625.6	0000001.4	06.80	1000000.00	-2
0774	04	08.38153	08.36154	04.63	02.71	04.56	33.62	-0.05
0674	04	09.14789	09.15288	13.17	08.80	02.84	33.58	-0.04
0876	01	00.00000	00.00000	00.83	00.79	06.27	37.12	-0.05
0474	01	00.44322	00.44822	02.33	00.93	-0.59	33.51	-0.01
0773	02	05.82513	05.83012	13.67	06.14	04.63	31.89	-0.04
