RAW	190603	011350	766657	03
GEOM1	03.33	00.13	17.437019	0.149876	50.774976	0.149935	60.41	03.11	251.16	02.19	00.00	-2
GEOM2	03.35	00.40	17.437048	0.148920	50.774982	0.143976	59.72	19.47	251.71	10.65	0000.860	0016.099	00.00	-3
LDF	17.741728	0.106644	50.385514	0.150079	0000569.2	0000235.3	08.39	04.07	00
GLDF	03.28	00.14	17.572187	0.222978	50.798089	0.166615	60.36	03.14	251.83	01.88	0000343.3	0000460.2	03.06	09.01	00
0774	04	04.14574	04.14574	04.73	04.33	04.56	33.62	-0.05
0777	01	00.00000	00.00000	00.90	00.76	04.48	38.84	-0.02
0873	03	03.53917	03.53917	02.49	04.73	06.42	31.99	-0.03
0874	04	03.64973	03.64973	06.19	07.20	06.35	33.66	-0.06
0775	04	02.73538	02.73538	06.87	08.45	04.56	35.35	-0.05
0974	02	06.91586	06.91086	02.62	03.57	08.06	33.70	-0.06
0475	01	09.56411	09.55912	01.97	02.64	-0.66	35.24	-0.01
