RAW	190603	010736	909954	02
GEOM1	00.00	00.00	0.000000	0.000000	0.000000	0.000000	00.00	00.00	00.00	00.00	1000000.00	-3
GEOM2	00.00	00.00	0.000000	0.000000	0.000000	0.000000	00.00	00.00	00.00	00.00	0000.000	0000.000	1000000.00	-3
LDF	14.476192	0.122368	47.757265	0.130959	0340661.0	0156067.2	11.93	00.19	-1
GLDF	00.00	24.87	0.000000	0.150000	0.000000	0.150001	00.00	67.07	00.00	01.41	0340661.0	0000001.4	11.93	1000000.00	-2
0673	03	03.14840	03.14341	05.83	05.16	02.92	31.83	-0.04
0575	01	10.75452	10.75452	02.89	01.20	01.13	35.27	-0.03
0573	04	05.01484	05.00984	04.76	09.10	01.13	31.81	-0.04
0672	04	04.06393	04.05893	04.69	04.81	02.92	30.12	-0.04
0572	02	00.00000	00.00000	01.84	01.07	01.20	30.14	-0.04
