RAW	190618	010708	437791	02
GEOM1	00.00	00.00	0.000000	0.000000	0.000000	0.000000	00.00	00.00	00.00	00.00	1000000.00	-3
GEOM2	00.00	00.00	0.000000	0.000000	0.000000	0.000000	00.00	00.00	00.00	00.00	0000.000	0000.000	1000000.00	-3
LDF	12.989159	0.171029	50.979676	0.179971	0148553.4	0164138.0	03.82	02.76	-1
GLDF	00.00	22.53	0.000000	0.150000	0.000000	0.150001	00.00	77.88	00.00	01.41	0148553.4	0000001.4	03.82	1000000.00	-2
0574	03	08.77424	08.77424	05.63	05.26	01.13	33.54	-0.04
0575	04	06.38792	06.39292	10.43	24.27	01.13	35.27	-0.03
0972	01	00.00000	00.00000	02.19	06.07	08.14	30.22	00.02
0972	01	04.47196	04.47196	02.01	02.43	08.14	30.22	00.02
0474	04	07.46232	07.46232	04.49	06.95	-0.59	33.51	-0.01
0872	01	13.81561	13.81561	01.05	01.45	06.35	30.23	00.01
