RAW	190602	113526	969633	02
GEOM1	00.00	00.00	0.000000	0.000000	0.000000	0.000000	00.00	00.00	00.00	00.00	1000000.00	-3
GEOM2	00.00	00.00	0.000000	0.000000	0.000000	0.000000	00.00	00.00	00.00	00.00	0000.000	0000.000	1000000.00	-3
LDF	14.546287	0.166519	51.202407	0.167538	0090414.7	0098427.8	02.32	03.06	-1
GLDF	00.00	23.68	0.000000	0.150000	0.000000	0.150001	00.00	72.11	00.00	01.41	0090414.7	0000001.4	02.32	1000000.00	-2
0574	04	07.12077	07.12077	06.13	05.72	01.13	33.54	-0.04
0674	02	08.89439	08.89439	08.49	08.72	02.84	33.58	-0.04
0675	04	06.77930	06.78430	15.34	12.59	02.84	35.32	-0.04
1075	01	00.00000	00.00000	00.64	00.83	09.78	35.47	-0.10
1075	01	13.80069	13.79569	00.95	00.98	09.78	35.47	-0.10
0877	01	05.56883	05.56883	02.07	01.28	06.20	38.86	-0.05
