RAW	190626	023924	624947	02
GEOM1	00.00	00.00	0.000000	0.000000	0.000000	0.000000	00.00	00.00	00.00	00.00	1000000.00	-3
GEOM2	00.00	00.00	0.000000	0.000000	0.000000	0.000000	00.00	00.00	00.00	00.00	-011.040	0005.923	1000000.00	-3
LDF	21.274891	0.059424	48.431479	0.147764	0093656.2	0029826.3	02.38	01.87	-1
GLDF	00.00	24.51	0.000000	0.150000	0.000000	0.150000	00.00	48.26	00.00	01.41	0093656.2	0000001.4	02.38	1000000.00	-2
0575	01	07.05603	07.05603	00.73	01.68	01.13	35.27	-0.03
0777	01	00.00000	00.00000	01.13	01.06	04.48	38.84	-0.02
0873	01	02.71088	02.71088	01.17	01.15	06.42	31.99	-0.03
0873	03	03.25052	03.25551	04.26	03.86	06.42	31.99	-0.03
0973	04	03.53381	03.53381	03.35	05.88	08.07	31.96	-0.03
1073	04	03.01734	03.02234	12.49	14.01	09.86	32.00	-0.03
