RAW	190615	150434	125184	02
GEOM1	00.00	00.00	0.000000	0.000000	0.000000	0.000000	00.00	00.00	00.00	00.00	1000000.00	-3
GEOM2	00.00	00.00	0.000000	0.000000	0.000000	0.000000	00.00	00.00	00.00	00.00	0000.000	0000.000	1000000.00	-3
LDF	16.908000	0.154181	47.606849	0.068019	0083296.3	0033855.3	02.19	02.00	-1
GLDF	00.00	20.68	0.000000	0.150000	0.000000	0.150001	00.00	54.88	00.00	01.41	0083296.3	0000001.4	02.19	1000000.00	-2
0772	04	05.24325	05.24825	09.88	05.66	04.71	30.23	-0.02
0774	02	07.56988	07.57987	03.30	02.59	04.56	33.62	-0.05
0774	02	10.94258	10.94758	04.67	08.10	04.56	33.62	-0.05
0978	01	04.79605	04.80105	01.93	01.40	07.91	40.63	-0.05
0873	01	07.19560	07.20060	02.02	00.76	06.42	31.99	-0.03
0877	01	00.00000	00.00000	01.60	03.10	06.20	38.86	-0.05
0773	04	04.63992	04.64491	19.99	13.24	04.63	31.89	-0.04
