RAW	190622	015507	833844	03
GEOM1	01.68	00.11	12.973067	0.150000	47.285627	0.149982	28.65	05.36	278.45	16.46	00.00	-2
GEOM2	01.78	00.63	12.973073	0.149773	47.285615	0.149009	28.13	04.39	270.09	47.01	0001.052	0019.791	00.00	-3
LDF	12.940072	0.163549	47.390216	0.100062	0027469.4	0016970.9	01.40	02.36	00
GLDF	01.63	00.08	12.905550	0.181721	47.396002	0.088033	26.88	04.59	273.39	15.87	0035455.9	0025516.6	01.62	03.08	00
0472	04	02.23554	02.23554	03.71	03.23	-0.52	30.05	-0.03
0673	01	00.00000	00.00000	01.20	01.50	02.92	31.83	-0.04
0974	01	03.79100	03.79600	05.28	01.59	08.06	33.70	-0.06
0972	01	00.31134	00.31134	04.46	01.82	08.14	30.22	00.02
1072	01	04.93090	04.93090	01.16	01.09	09.86	30.29	00.00
0573	04	01.38191	01.38191	06.55	05.31	01.13	31.81	-0.04
0572	04	02.16685	02.16685	04.28	04.11	01.20	30.14	-0.04
