RAW	190605	141607	263622	03
GEOM1	06.74	00.15	14.731873	0.150175	46.583504	0.152197	82.32	24.27	281.19	01.30	00.00	-2
GEOM2	06.74	00.07	14.731859	0.148742	46.583482	0.149250	13.09	34.47	33.95	222.09	0000.025	0002.728	00.00	-3
LDF	14.759201	0.153903	46.583779	0.150156	0000000.0	0000000.0	00.00	1000000.00	-1
GLDF	06.74	00.15	14.754169	0.157767	46.587414	0.154300	80.93	00.43	281.29	00.83	0000000.0	0000000.0	00.00	1000000.00	-1
0772	04	07.18804	07.19304	02.41	01.81	04.71	30.23	-0.02
0772	01	13.15897	13.15897	01.49	01.14	04.71	30.23	-0.02
0472	02	04.41285	04.41285	02.89	02.01	-0.52	30.05	-0.03
0575	01	00.00000	00.00000	01.46	01.31	01.13	35.27	-0.03
1072	01	12.40684	12.41183	01.21	01.88	09.86	30.29	00.00
0672	04	06.85801	06.85801	06.14	07.55	02.92	30.12	-0.04
0572	04	06.53207	06.53207	07.26	04.54	01.20	30.14	-0.04
