RAW	190615	124037	345225	02
GEOM1	00.00	00.00	0.000000	0.000000	0.000000	0.000000	00.00	00.00	00.00	00.00	1000000.00	-3
GEOM2	00.00	00.00	0.000000	0.000000	0.000000	0.000000	00.00	00.00	00.00	00.00	0000.000	0000.000	1000000.00	-3
LDF	19.632591	0.215416	50.121688	0.153699	0025323.1	0037914.5	00.37	01.35	-1
GLDF	00.00	29.74	0.000000	0.150000	0.000000	0.150001	00.00	63.23	00.00	01.41	0025323.1	0000001.4	00.37	1000000.00	-2
0777	01	00.00000	00.00000	00.44	01.00	04.48	38.84	-0.02
0978	01	00.50341	00.50841	01.95	01.86	07.91	40.63	-0.05
0973	02	04.59149	04.59649	03.84	07.33	08.07	31.96	-0.03
0874	04	07.73638	07.74137	03.52	03.09	06.35	33.66	-0.06
0974	04	07.11925	07.12425	05.56	07.59	08.06	33.70	-0.06
