RAW	190606	063135	769943	02
GEOM1	00.00	00.00	0.000000	0.000000	0.000000	0.000000	00.00	00.00	00.00	00.00	1000000.00	-3
GEOM2	00.00	00.00	0.000000	0.000000	0.000000	0.000000	00.00	00.00	00.00	00.00	0000.000	0000.000	1000000.00	-3
LDF	12.692832	0.119969	52.371685	0.114722	0654044.5	0205763.7	24.38	00.12	-1
GLDF	00.00	23.09	0.000000	0.150000	0.000000	0.150000	00.00	73.92	00.00	01.41	0654044.5	0000001.4	24.38	1000000.00	-2
0576	01	01.72345	01.72844	01.65	00.78	01.05	37.01	-0.02
0576	04	04.20174	04.20674	14.76	09.96	01.05	37.01	-0.02
0575	03	06.07037	06.07037	07.69	07.66	01.13	35.27	-0.03
0777	01	00.00000	00.00000	00.91	01.22	04.48	38.84	-0.02
0878	01	06.56191	06.56191	01.47	02.31	06.34	40.13	-0.02
0775	01	03.52064	03.52064	02.10	02.92	04.56	35.35	-0.05
0475	04	04.78934	04.78435	11.65	09.41	-0.66	35.24	-0.01
