RAW	190611	074055	211424	03
GEOM1	08.14	00.11	16.444162	0.150011	47.268181	0.149999	45.24	02.80	36.56	04.02	00.00	-2
GEOM2	08.17	00.44	16.444208	0.147626	47.268214	0.148534	44.95	10.93	37.13	10.21	0001.179	0020.865	00.00	-3
LDF	16.377179	0.115874	47.313248	0.082453	0013028.3	0004056.8	03.75	00.49	00
GLDF	08.12	00.08	16.366035	0.107999	47.313154	0.071143	45.35	02.16	37.09	03.34	0012944.2	0005438.9	04.04	00.57	00
0772	04	08.23392	08.22892	06.78	08.99	04.71	30.23	-0.02
0874	02	13.32794	13.32294	01.02	01.78	06.35	33.66	-0.06
0976	01	00.00000	00.00000	01.01	01.04	07.99	37.16	-0.09
0773	04	08.91374	08.91374	07.98	08.77	04.63	31.89	-0.04
0672	04	07.21077	07.20577	07.30	04.54	02.92	30.12	-0.04
