RAW	190607	224118	818550	02
GEOM1	00.00	00.00	0.000000	0.000000	0.000000	0.000000	00.00	00.00	00.00	00.00	1000000.00	-3
GEOM2	00.00	00.00	0.000000	0.000000	0.000000	0.000000	00.00	00.00	00.00	00.00	0000.000	0000.000	1000000.00	-3
LDF	12.348101	0.218383	47.721057	0.151717	0044512.0	0056952.7	01.27	02.02	-1
GLDF	00.00	25.66	0.000000	0.150000	0.000000	0.150001	00.00	82.88	00.00	01.41	0044512.0	0000001.4	01.27	1000000.00	-2
0472	03	05.66675	05.66176	03.36	04.95	-0.52	30.05	-0.03
0876	01	06.93838	06.93339	02.03	01.07	06.27	37.12	-0.05
0975	01	00.00000	00.00000	01.86	01.85	07.99	35.38	-0.08
0573	04	07.10847	07.09848	04.94	04.65	01.13	31.81	-0.04
0473	04	07.93064	07.92564	06.51	05.41	-0.52	31.76	-0.03
