RAW	190605	191648	721072	02
GEOM1	00.00	00.00	0.000000	0.000000	0.000000	0.000000	00.00	00.00	00.00	00.00	1000000.00	-3
GEOM2	00.00	00.00	0.000000	0.000000	0.000000	0.000000	00.00	00.00	00.00	00.00	0000.000	0000.000	1000000.00	-3
LDF	16.802852	0.150375	50.964694	0.079809	0042966.5	0020295.1	01.20	00.16	-1
GLDF	00.00	30.40	0.000000	0.150000	0.000000	0.150000	00.00	62.58	00.00	01.41	0042966.5	0000001.4	01.20	1000000.00	-2
0774	04	01.82011	01.82011	04.96	02.95	04.56	33.62	-0.05
0674	01	02.26963	02.26963	01.57	01.09	02.84	33.58	-0.04
0775	04	02.86764	02.86764	03.91	05.87	04.56	35.35	-0.05
0877	01	03.39901	03.39901	00.80	01.63	06.20	38.86	-0.05
1072	01	05.20903	05.20903	01.36	01.27	09.86	30.29	00.00
0773	02	00.00000	00.00000	10.42	05.57	04.63	31.89	-0.04
