RAW	190608	124318	554481	02
GEOM1	00.00	00.00	0.000000	0.000000	0.000000	0.000000	00.00	00.00	00.00	00.00	1000000.00	-3
GEOM2	00.00	00.00	0.000000	0.000000	0.000000	0.000000	00.00	00.00	00.00	00.00	0000.000	0000.000	1000000.00	-3
LDF	12.601627	0.129761	47.427821	0.126261	0209091.9	0102003.8	06.22	00.41	-1
GLDF	00.00	25.54	0.000000	0.150000	0.000000	0.150001	00.00	73.72	00.00	01.41	0209091.9	0000001.4	06.22	1000000.00	-2
0472	04	04.43122	04.42622	06.61	02.21	-0.52	30.05	-0.03
0977	01	10.68137	10.68137	02.29	01.05	07.92	38.89	-0.09
0973	01	00.00000	00.00000	00.57	00.34	08.07	31.96	-0.03
0573	04	04.35088	04.34588	05.54	05.85	01.13	31.81	-0.04
0572	02	02.31729	02.31229	04.11	03.04	01.20	30.14	-0.04
