RAW	190602	061509	866449	02
GEOM1	00.00	00.00	0.000000	0.000000	0.000000	0.000000	00.00	00.00	00.00	00.00	1000000.00	-3
GEOM2	00.00	00.00	0.000000	0.000000	0.000000	0.000000	00.00	00.00	00.00	00.00	0000.000	0000.000	1000000.00	-3
LDF	12.871760	0.127247	47.020401	0.126011	0296185.6	0140076.3	10.20	00.01	-1
GLDF	00.00	25.87	0.000000	0.150000	0.000000	0.150000	00.00	65.67	00.00	01.41	0296185.6	0000001.4	10.20	1000000.00	-2
0472	04	00.61556	00.61556	07.64	02.68	-0.52	30.05	-0.03
1076	01	02.73376	02.72876	02.02	01.49	09.70	37.20	-0.12
1072	01	08.95764	08.95764	01.72	01.14	09.86	30.29	00.00
0573	04	00.00000	00.00000	04.36	04.37	01.13	31.81	-0.04
0572	03	02.28123	02.28123	05.40	07.19	01.20	30.14	-0.04
