RAW	190614	101206	037565	02
GEOM1	00.00	00.00	0.000000	0.000000	0.000000	0.000000	00.00	00.00	00.00	00.00	1000000.00	-3
GEOM2	00.00	00.00	0.000000	0.000000	0.000000	0.000000	00.00	00.00	00.00	00.00	0000.000	0000.000	1000000.00	-3
LDF	12.090729	0.155033	49.515783	0.155484	0032742.7	0036984.1	00.73	02.55	-1
GLDF	06.24	24858552680525369344.00	12.261031	24858552680525369344.000000	49.356091	24858552680525369344.000000	32.51	24858552680525369344.00	53.55	24858552680525369344.00	2284596290.2	0000000.0	12.32	1000000.00	-2
0372	01	07.96955	07.96955	01.60	02.10	-2.24	30.01	-0.01
0574	02	03.26750	03.27250	08.56	06.60	01.13	33.54	-0.04
0876	01	00.00000	00.00000	00.96	01.16	06.27	37.12	-0.05
0973	01	05.42157	05.42657	06.84	04.86	08.07	31.96	-0.03
0874	01	07.09640	07.09640	00.81	01.26	06.35	33.66	-0.06
0573	04	06.09442	06.09442	05.40	03.75	01.13	31.81	-0.04
0474	04	06.29475	06.29475	16.43	11.12	-0.59	33.51	-0.01
