RAW	190619	084212	193061	02
GEOM1	00.00	00.00	0.000000	0.000000	0.000000	0.000000	00.00	00.00	00.00	00.00	1000000.00	-3
GEOM2	00.00	00.00	0.000000	0.000000	0.000000	0.000000	00.00	00.00	00.00	00.00	0000.000	0000.000	1000000.00	-3
LDF	18.080653	0.255953	48.398724	0.154908	0025453.7	0048311.1	00.38	02.57	-1
GLDF	00.00	23.55	0.000000	0.150000	0.000000	0.150000	00.00	49.50	00.00	01.41	0025453.7	0000001.4	00.38	1000000.00	-2
0772	02	03.45685	03.45185	01.65	03.37	04.71	30.23	-0.02
0575	01	08.41302	08.40802	01.00	00.68	01.13	35.27	-0.03
0873	04	00.04055	00.03555	04.20	21.11	06.42	31.99	-0.03
0973	02	02.52673	02.51673	05.15	06.19	08.07	31.96	-0.03
0773	04	00.00000	00.00000	06.15	04.03	04.63	31.89	-0.04
