RAW	190620	154918	577231	02
GEOM1	00.00	00.00	0.000000	0.000000	0.000000	0.000000	00.00	00.00	00.00	00.00	1000000.00	-3
GEOM2	00.00	00.00	0.000000	0.000000	0.000000	0.000000	00.00	00.00	00.00	00.00	0000.000	0000.000	1000000.00	-3
LDF	15.723457	0.178227	47.672245	0.151653	0043618.6	0048078.1	01.23	01.94	-1
GLDF	00.00	27.79	0.000000	0.150000	0.000000	0.150000	00.00	63.35	00.00	01.41	0043618.6	0000001.4	01.23	1000000.00	-2
0673	04	03.30693	03.30193	04.54	05.25	02.92	31.83	-0.04
0673	01	08.12373	08.12373	00.53	00.79	02.92	31.83	-0.04
0773	01	00.00000	00.00000	00.89	01.26	04.63	31.89	-0.04
0773	04	03.87236	03.87236	03.33	05.18	04.63	31.89	-0.04
0672	03	05.95334	05.95334	05.10	04.84	02.92	30.12	-0.04
