RAW	190608	142814	662862	02
GEOM1	00.00	00.00	0.000000	0.000000	0.000000	0.000000	00.00	00.00	00.00	00.00	1000000.00	-3
GEOM2	00.00	00.00	0.000000	0.000000	0.000000	0.000000	00.00	00.00	00.00	00.00	0000.000	0000.000	1000000.00	-3
LDF	18.993309	0.159109	55.866942	0.159616	0055014.5	0057736.6	01.61	01.81	-1
GLDF	-17.79	  nan	18.065187	   nan	61.286959	   nan	89.98	  nan	50.02	  nan	22228982698.5	      nan	00.00	1000000.00	-2
0575	01	09.03233	09.03233	00.35	00.48	01.13	35.27	-0.03
0977	02	00.00000	00.00000	01.03	01.93	07.92	38.89	-0.09
0978	04	05.76057	05.76057	03.50	03.60	07.91	40.63	-0.05
0878	02	03.61775	03.61775	03.75	09.26	06.34	40.13	-0.02
0877	04	06.21970	06.21970	05.78	09.99	06.20	38.86	-0.05
0877	02	11.56613	11.56613	01.77	02.02	06.20	38.86	-0.05
0473	01	09.49028	09.48528	01.20	01.12	-0.52	31.76	-0.03
