RAW	190612	211840	028254	02
GEOM1	00.00	00.00	0.000000	0.000000	0.000000	0.000000	00.00	00.00	00.00	00.00	1000000.00	-3
GEOM2	00.00	00.00	0.000000	0.000000	0.000000	0.000000	00.00	00.00	00.00	00.00	0000.000	0000.000	1000000.00	-3
LDF	19.175968	0.126310	54.957656	0.153562	0083795.3	0059859.7	02.20	02.25	-1
GLDF	00.00	28.99	0.000000	0.150000	0.000000	0.150000	00.00	54.68	00.00	01.41	0083795.3	0000001.4	02.20	1000000.00	-2
0675	01	06.93604	06.93104	00.72	00.47	02.84	35.32	-0.04
0977	04	00.63897	00.63897	06.93	05.65	07.92	38.89	-0.09
0876	03	02.73050	02.72550	04.79	02.94	06.27	37.12	-0.05
0877	04	00.00000	00.00000	12.55	07.19	06.20	38.86	-0.05
0773	01	01.73559	01.73559	00.63	00.80	04.63	31.89	-0.04
0872	01	03.13552	03.12553	00.78	01.64	06.35	30.23	00.01
