RAW	190624	135819	928950	02
GEOM1	00.00	00.00	0.000000	0.000000	0.000000	0.000000	00.00	00.00	00.00	00.00	1000000.00	-3
GEOM2	00.00	00.00	0.000000	0.000000	0.000000	0.000000	00.00	00.00	00.00	00.00	0000.000	0000.000	1000000.00	-3
LDF	10.435073	0.150033	46.458422	0.150000	0184402.5	0170789.0	05.16	00.00	-2
GLDF	00.00	23.52	0.000000	0.150000	0.000000	0.150001	00.00	83.40	00.00	01.41	0184402.5	0000001.4	05.16	1000000.00	-2
0772	01	00.00000	00.00000	01.29	00.95	04.71	30.23	-0.02
0372	04	06.04239	06.04239	09.51	08.71	-2.24	30.01	-0.01
0472	04	04.96483	04.96483	02.77	03.28	-0.52	30.05	-0.03
0673	02	04.90536	04.90036	02.10	04.49	02.92	31.83	-0.04
0777	01	05.47649	05.47649	01.62	01.63	04.48	38.84	-0.02
0572	02	06.94025	06.94525	15.36	05.60	01.20	30.14	-0.04
