RAW	190615	120818	759917	02
GEOM1	00.00	00.00	0.000000	0.000000	0.000000	0.000000	00.00	00.00	00.00	00.00	1000000.00	-3
GEOM2	00.00	00.00	0.000000	0.000000	0.000000	0.000000	00.00	00.00	00.00	00.00	0000.000	0000.000	1000000.00	-3
LDF	11.013507	0.167360	47.473897	0.167846	0288589.5	0258287.3	09.88	02.61	-1
GLDF	00.00	20.88	0.000000	0.150000	0.000000	0.150001	00.00	91.31	00.00	01.41	0288589.5	0000001.4	09.88	1000000.00	-2
0372	04	08.33092	08.33591	07.04	06.42	-2.24	30.01	-0.01
0472	02	06.37934	06.37934	03.81	03.26	-0.52	30.05	-0.03
0573	02	14.12206	14.12206	02.59	01.09	01.13	31.81	-0.04
0473	04	09.25469	09.25469	11.23	14.15	-0.52	31.76	-0.03
0872	01	10.91373	10.90874	01.05	03.94	06.35	30.23	00.01
0572	01	00.00000	00.00000	00.80	01.21	01.20	30.14	-0.04
