RAW	190617	115945	867466	03
GEOM1	00.83	00.14	16.003221	0.149829	50.338870	0.149931	62.93	02.42	23.79	02.91	00.00	-2
GEOM2	00.84	00.27	16.003199	0.138861	50.338852	0.147229	64.29	19.40	24.81	13.97	0000.773	0013.557	00.00	-3
LDF	16.715398	0.148828	50.277213	0.150316	0000249.1	0000136.3	06.59	00.06	-1
GLDF	00.87	00.13	16.057957	0.121082	50.331918	0.146555	63.16	02.03	23.77	02.42	0000071.8	0000052.1	00.38	00.99	00
0774	04	01.42686	01.42686	05.76	02.83	04.56	33.62	-0.05
0674	04	00.00000	00.00000	04.54	06.51	02.84	33.58	-0.04
0874	03	01.29827	01.29328	04.97	03.96	06.35	33.66	-0.06
1075	01	01.86193	01.86193	03.26	04.95	09.78	35.47	-0.10
0775	04	02.10254	02.10254	01.11	02.96	04.56	35.35	-0.05
0474	01	03.29173	03.29173	00.95	01.96	-0.59	33.51	-0.01
