RAW	190610	194836	826702	02
GEOM1	00.00	00.00	0.000000	0.000000	0.000000	0.000000	00.00	00.00	00.00	00.00	1000000.00	-3
GEOM2	00.00	00.00	0.000000	0.000000	0.000000	0.000000	00.00	00.00	00.00	00.00	0000.000	0000.000	1000000.00	-3
LDF	17.824923	0.152068	54.737109	0.185069	0061912.2	0066682.6	01.77	02.47	-1
GLDF	00.00	30.84	0.000000	0.150000	0.000000	0.150000	00.00	57.68	00.00	01.41	0061912.2	0000001.4	01.77	1000000.00	-2
0372	01	01.00356	00.99856	00.35	00.96	-2.24	30.01	-0.01
0777	03	02.24274	02.24773	06.78	06.77	04.48	38.84	-0.02
0876	04	00.83241	00.83241	05.41	05.31	06.27	37.12	-0.05
0877	04	00.00000	00.00000	05.93	07.20	06.20	38.86	-0.05
0877	02	04.44204	04.44204	02.49	01.28	06.20	38.86	-0.05
