RAW	190608	084922	120782	03
GEOM1	00.77	00.12	16.085841	0.149906	48.033650	0.149999	42.48	04.40	155.23	09.70	00.00	-2
GEOM2	00.87	00.64	16.085912	0.148731	48.033615	0.149324	38.73	20.08	146.62	49.20	0000.640	0013.578	00.00	-3
LDF	15.827051	0.146152	47.481104	0.135315	0010234.0	0006275.8	01.67	01.87	00
GLDF	00.72	00.13	16.152116	0.170662	47.998626	0.169437	41.85	03.87	154.05	08.86	0008685.1	0009955.1	01.45	04.17	00
0772	04	00.00000	00.00000	03.79	04.27	04.71	30.23	-0.02
0774	04	01.31157	01.30658	02.04	02.11	04.56	33.62	-0.05
0673	04	01.47827	01.47827	05.09	05.62	02.92	31.83	-0.04
0978	01	01.31695	01.31695	00.60	01.75	07.91	40.63	-0.05
0973	01	07.12309	07.12309	00.86	00.85	08.07	31.96	-0.03
0672	03	01.70115	01.70115	05.31	05.92	02.92	30.12	-0.04
