RAW	190619	054248	588488	02
GEOM1	00.00	00.00	0.000000	0.000000	0.000000	0.000000	00.00	00.00	00.00	00.00	1000000.00	-3
GEOM2	00.00	00.00	0.000000	0.000000	0.000000	0.000000	00.00	00.00	00.00	00.00	0000.000	0000.000	1000000.00	-3
LDF	17.627494	0.126906	51.009852	0.129683	0269731.0	0127983.3	09.04	00.67	-1
GLDF	07.04	00.13	17.625451	0.119571	51.024964	0.133297	53.43	01.63	237.00	02.39	0008586.2	0000925.6	15.41	00.52	-2
0774	02	09.27948	09.28447	03.60	02.97	04.56	33.62	-0.05
0874	04	07.35592	07.36092	04.99	05.36	06.35	33.66	-0.06
1075	01	10.85945	10.86944	02.62	00.69	09.78	35.47	-0.10
0775	04	06.96785	06.97285	07.99	06.19	04.56	35.35	-0.05
0572	01	00.00000	00.00000	01.01	01.78	01.20	30.14	-0.04
