RAW	190611	220856	629639	02
GEOM1	00.00	00.00	0.000000	0.000000	0.000000	0.000000	00.00	00.00	00.00	00.00	1000000.00	-3
GEOM2	00.00	00.00	0.000000	0.000000	0.000000	0.000000	00.00	00.00	00.00	00.00	0000.000	0000.000	1000000.00	-3
LDF	18.624759	0.151874	49.345507	0.078492	0050971.1	0024067.3	01.49	00.85	-1
GLDF	00.00	26.16	0.000000	0.150000	0.000000	0.150001	00.00	58.41	00.00	01.41	0050971.1	0000001.4	01.49	1000000.00	-2
0575	01	09.35545	09.35545	00.71	00.45	01.13	35.27	-0.03
0675	01	00.00000	00.00000	00.73	01.04	02.84	35.32	-0.04
0977	01	04.22044	04.22044	02.19	01.02	07.92	38.89	-0.09
0978	01	05.13019	05.13019	00.83	01.78	07.91	40.63	-0.05
0873	04	06.18132	06.18132	05.56	04.72	06.42	31.99	-0.03
0874	04	04.64573	04.64573	12.58	04.25	06.35	33.66	-0.06
0974	02	02.84453	02.84952	08.62	06.42	08.06	33.70	-0.06
