RAW	190629	084923	771915	01
GEOM1	00.00	00.00	0.000000	0.000000	0.000000	0.000000	00.00	00.00	00.00	00.00	1000000.00	-4
GEOM2	00.00	00.00	0.000000	0.000000	0.000000	0.000000	00.00	00.00	00.00	00.00	0000.000	0000.000	1000000.00	-4
LDF	16.949040	0.118702	46.672700	0.150184	0000001.0	0452684.5	34.63	1000000.00	-3
GLDF	00.00	39.94	0.000000	0.150000	0.000000	0.150000	00.00	93.52	00.00	01.41	0000001.0	0000001.4	00.00	1000000.00	-4
0772	04	06.68542	06.68042	03.01	04.65	04.71	30.23	-0.02
0774	02	06.56760	06.55761	03.43	03.08	04.56	33.62	-0.05
0775	02	00.00000	00.00000	01.42	01.69	04.56	35.35	-0.05
0573	01	09.36543	09.36044	01.38	01.77	01.13	31.81	-0.04
0773	02	03.70833	03.70333	17.05	09.48	04.63	31.89	-0.04
