RAW	190626	110453	445170	02
GEOM1	00.00	00.00	0.000000	0.000000	0.000000	0.000000	00.00	00.00	00.00	00.00	1000000.00	-3
GEOM2	00.00	00.00	0.000000	0.000000	0.000000	0.000000	00.00	00.00	00.00	00.00	-018.204	0002.809	1000000.00	-3
LDF	15.231242	0.107847	46.607209	0.149996	1271670.6	0539612.4	50.49	00.02	-1
GLDF	-0.01	00.16	15.244922	0.100706	46.625019	0.147910	18.32	08.99	305.95	03.44	0861915.8	0473779.7	41.88	00.13	-2
0772	04	00.57118	00.57118	07.10	03.15	04.71	30.23	-0.02
0574	01	05.21938	05.21938	01.96	01.43	01.13	33.54	-0.04
0576	01	03.19481	03.19481	02.23	02.36	01.05	37.01	-0.02
0672	03	01.40643	01.40643	04.96	03.47	02.92	30.12	-0.04
0572	04	00.00000	00.00000	04.12	05.13	01.20	30.14	-0.04
