RAW	190606	115302	882611	02
GEOM1	00.00	00.00	0.000000	0.000000	0.000000	0.000000	00.00	00.00	00.00	00.00	1000000.00	-3
GEOM2	00.00	00.00	0.000000	0.000000	0.000000	0.000000	00.00	00.00	00.00	00.00	0000.000	0000.000	1000000.00	-3
LDF	18.628808	0.150082	47.523236	0.079069	0046486.7	0021381.9	01.34	00.09	-1
GLDF	00.00	28.23	0.000000	0.150000	0.000000	0.150000	00.00	57.35	00.00	01.41	0046486.7	0000001.4	01.34	1000000.00	-2
0372	01	04.26533	04.26034	01.36	01.90	-2.24	30.01	-0.01
0472	01	00.00000	00.00000	02.47	01.46	-0.52	30.05	-0.03
0873	04	02.80941	02.80441	04.20	03.89	06.42	31.99	-0.03
0874	02	04.55245	04.54246	04.03	02.62	06.35	33.66	-0.06
0872	04	04.42377	04.41877	03.57	05.90	06.35	30.23	00.01
