RAW	190608	042201	522109	02
GEOM1	00.00	00.00	0.000000	0.000000	0.000000	0.000000	00.00	00.00	00.00	00.00	1000000.00	-3
GEOM2	00.00	00.00	0.000000	0.000000	0.000000	0.000000	00.00	00.00	00.00	00.00	0000.000	0000.000	1000000.00	-3
LDF	12.802597	0.125055	47.230540	0.115426	0452975.0	0163323.7	16.30	00.40	-1
GLDF	03.51	00.08	12.674097	0.090063	47.479120	0.089291	68.15	03.67	180.68	01.79	0000050.9	0000108.8	13.24	1000000.00	-2
0472	04	04.44251	04.44251	08.70	07.08	-0.52	30.05	-0.03
0777	01	00.00000	00.00000	00.50	00.94	04.48	38.84	-0.02
0776	01	05.81322	05.81322	01.45	01.85	04.49	37.09	-0.04
0573	04	02.89070	02.88570	12.37	09.35	01.13	31.81	-0.04
0572	03	05.01507	05.01507	04.26	07.21	01.20	30.14	-0.04
