RAW	190620	105509	055504	02
GEOM1	00.00	00.00	0.000000	0.000000	0.000000	0.000000	00.00	00.00	00.00	00.00	1000000.00	-3
GEOM2	00.00	00.00	0.000000	0.000000	0.000000	0.000000	00.00	00.00	00.00	00.00	0000.000	0000.000	1000000.00	-3
LDF	17.363998	0.204149	54.209730	0.150925	0105516.4	0110691.1	02.63	02.51	-1
GLDF	00.00	29.29	0.000000	0.150000	0.000000	0.150000	00.00	66.94	00.00	01.41	0105516.4	0000001.4	02.63	1000000.00	-2
0777	03	08.54684	08.54684	10.48	04.45	04.48	38.84	-0.02
0876	04	07.01501	07.01501	07.36	04.88	06.27	37.12	-0.05
0776	04	05.58020	05.58020	06.13	07.21	04.49	37.09	-0.04
0877	02	00.00000	00.00000	02.72	03.42	06.20	38.86	-0.05
0474	01	08.81406	08.81406	01.55	01.29	-0.59	33.51	-0.01
