RAW	190617	164626	188992	02
GEOM1	00.00	00.00	0.000000	0.000000	0.000000	0.000000	00.00	00.00	00.00	00.00	1000000.00	-3
GEOM2	00.00	00.00	0.000000	0.000000	0.000000	0.000000	00.00	00.00	00.00	00.00	0000.000	0000.000	1000000.00	-3
LDF	15.155364	0.113565	53.509761	0.150503	1431117.6	0622323.3	57.46	00.49	-1
GLDF	00.00	28.21	0.000000	0.150000	0.000000	0.150000	00.00	63.47	00.00	01.41	1431117.6	0000001.4	57.46	1000000.00	-2
0576	04	00.08068	00.08068	04.17	06.73	01.05	37.01	-0.02
0977	01	05.87531	05.87031	01.69	00.75	07.92	38.89	-0.09
0776	04	01.47107	01.47107	09.23	07.26	04.49	37.09	-0.04
0676	03	00.00000	00.00000	10.05	07.01	02.77	37.09	-0.03
0975	01	03.05617	03.05117	01.37	01.71	07.99	35.38	-0.08
0975	01	06.57880	06.58379	01.16	00.48	07.99	35.38	-0.08
