RAW	190602	050317	584661	02
GEOM1	00.00	00.00	0.000000	0.000000	0.000000	0.000000	00.00	00.00	00.00	00.00	1000000.00	-3
GEOM2	00.00	00.00	0.000000	0.000000	0.000000	0.000000	00.00	00.00	00.00	00.00	0000.000	0000.000	1000000.00	-3
LDF	12.097754	0.175432	49.366320	0.153762	0050486.9	0055195.0	01.47	02.34	-1
GLDF	00.00	24.67	0.000000	0.150000	0.000000	0.150001	00.00	79.99	00.00	01.41	0050486.9	0000001.4	01.47	1000000.00	-2
0472	01	09.92830	09.93329	01.66	00.89	-0.52	30.05	-0.03
0574	04	05.97232	05.97232	04.95	04.74	01.13	33.54	-0.04
0576	01	12.77623	12.77623	01.64	01.73	01.05	37.01	-0.02
0674	01	06.46239	06.45739	00.72	01.73	02.84	33.58	-0.04
0978	01	00.00000	00.00000	01.03	00.64	07.91	40.63	-0.05
0474	04	06.75259	06.75259	12.30	07.51	-0.59	33.51	-0.01
0473	03	04.73305	04.73305	07.70	06.54	-0.52	31.76	-0.03
0572	02	09.90199	09.90199	02.73	02.60	01.20	30.14	-0.04
