RAW	190626	110415	183193	02
GEOM1	00.00	00.00	0.000000	0.000000	0.000000	0.000000	00.00	00.00	00.00	00.00	1000000.00	-3
GEOM2	00.00	00.00	0.000000	0.000000	0.000000	0.000000	00.00	00.00	00.00	00.00	0000.000	0000.000	1000000.00	-3
LDF	16.802700	0.153046	51.180237	0.212379	0015509.2	0024850.3	00.10	01.39	-1
GLDF	00.00	30.22	0.000000	0.150000	0.000000	0.150001	00.00	68.56	00.00	01.41	0015509.2	0000001.4	00.10	1000000.00	-2
0774	04	06.07559	06.07559	03.58	02.40	04.56	33.62	-0.05
0675	02	09.10537	09.10537	07.77	05.95	02.84	35.32	-0.04
0675	02	14.68653	14.68653	01.92	03.32	02.84	35.32	-0.04
0777	01	04.03088	04.03088	01.46	00.99	04.48	38.84	-0.02
0775	04	05.80835	05.81334	05.71	07.06	04.56	35.35	-0.05
0676	02	00.00000	00.00000	01.68	02.29	02.77	37.09	-0.03
0572	01	05.79997	05.79997	02.52	01.60	01.20	30.14	-0.04
