RAW	190623	153855	473799	02
GEOM1	00.00	00.00	0.000000	0.000000	0.000000	0.000000	00.00	00.00	00.00	00.00	1000000.00	-3
GEOM2	00.00	00.00	0.000000	0.000000	0.000000	0.000000	00.00	00.00	00.00	00.00	0000.000	0000.000	1000000.00	-3
LDF	15.754372	0.130170	47.320149	0.127911	0317586.8	0153356.4	11.05	00.76	-1
GLDF	00.00	23.81	0.000000	0.150000	0.000000	0.150000	00.00	53.77	00.00	01.41	0317586.8	0000001.4	11.05	1000000.00	-2
0772	04	00.00000	00.00000	07.18	03.92	04.71	30.23	-0.02
0673	04	00.50329	00.50829	10.41	07.36	02.92	31.83	-0.04
0776	01	05.94345	05.94345	01.17	01.59	04.49	37.09	-0.04
0573	01	00.80734	00.81234	01.21	00.75	01.13	31.81	-0.04
0672	03	02.19259	02.19259	05.45	03.76	02.92	30.12	-0.04
