RAW	190626	071610	695080	03
GEOM1	07.56	00.09	18.153246	0.149998	47.461442	0.150004	18.37	04.55	72.56	22.82	00.00	-2
GEOM2	07.64	00.65	18.153243	0.149771	47.461436	0.149511	17.92	05.14	79.27	50.42	0001.153	0023.916	00.00	-3
LDF	18.067121	0.180809	47.581130	0.076737	0130766.8	0072860.1	04.72	03.22	00
GLDF	07.57	00.07	18.013377	0.178581	47.589174	0.067964	19.10	03.75	71.96	18.63	0146820.2	0083528.4	05.72	04.20	00
0772	04	07.40024	07.40024	07.39	05.85	04.71	30.23	-0.02
0873	04	08.02093	08.02093	10.81	09.82	06.42	31.99	-0.03
0976	01	00.00000	00.00000	07.61	06.25	07.99	37.16	-0.09
0872	04	07.44325	07.44325	06.53	05.66	06.35	30.23	00.01
0475	01	03.55993	03.55993	01.08	01.13	-0.66	35.24	-0.01
