RAW	190615	170051	862552	03
GEOM1	04.55	00.10	14.447960	0.150065	53.251727	0.150008	38.78	03.36	38.32	08.67	00.00	-2
GEOM2	04.59	00.24	14.447917	0.145022	53.251681	0.146906	35.19	20.20	37.40	13.65	0000.475	0013.154	00.00	-3
LDF	14.294335	0.087663	53.230448	0.168914	0017805.6	0008728.9	01.83	03.06	00
GLDF	04.45	00.09	14.275981	0.066574	53.211271	0.179124	38.31	02.73	39.73	06.60	0020886.8	0010796.3	02.20	03.93	00
0772	01	02.68216	02.67716	01.41	01.80	04.71	30.23	-0.02
0574	01	00.00000	00.00000	01.73	00.94	01.13	33.54	-0.04
0576	04	04.16213	04.15713	06.32	05.42	01.05	37.01	-0.02
0575	04	03.61283	03.60783	03.97	04.96	01.13	35.27	-0.03
0676	04	04.97013	04.96513	24.92	15.95	02.77	37.09	-0.03
0972	01	07.07883	07.07383	03.74	04.48	08.14	30.22	00.02
0972	01	10.22669	10.21670	00.73	01.96	08.14	30.22	00.02
0572	01	04.34625	04.33626	00.92	03.02	01.20	30.14	-0.04
