RAW	190620	222925	793266	02
GEOM1	00.00	00.00	0.000000	0.000000	0.000000	0.000000	00.00	00.00	00.00	00.00	1000000.00	-3
GEOM2	00.00	00.00	0.000000	0.000000	0.000000	0.000000	00.00	00.00	00.00	00.00	0000.000	0000.000	1000000.00	-3
LDF	16.840397	0.149914	49.182065	0.052605	0112504.6	0031667.0	02.79	00.03	-1
GLDF	00.00	21.91	0.000000	0.150000	0.000000	0.150000	00.00	55.52	00.00	01.41	0112504.6	0000001.4	02.79	1000000.00	-2
0774	04	04.33632	04.33632	10.80	10.62	04.56	33.62	-0.05
0674	02	06.22698	06.22698	04.88	07.05	02.84	33.58	-0.04
0777	01	00.00000	00.00000	03.02	02.60	04.48	38.84	-0.02
0977	01	10.73588	10.73088	02.79	05.67	07.92	38.89	-0.09
0773	04	03.61707	03.61707	12.32	11.08	04.63	31.89	-0.04
