RAW	190615	093226	294808	03
GEOM1	02.38	00.12	12.341200	0.149996	47.352732	0.150003	31.05	07.47	23.12	08.08	00.00	-2
GEOM2	02.45	16.82	12.341153	0.150037	47.352718	0.150050	31.00	189.55	21.11	478.54	0001.319	0571.349	00.00	-3
LDF	12.380552	0.166912	47.482131	0.089578	0051903.1	0026854.7	03.13	03.66	00
GLDF	02.43	00.11	12.416385	0.181691	47.491629	0.084469	29.73	07.41	22.76	07.80	0062755.3	0049108.6	03.53	05.03	00
0472	04	02.07116	02.06616	02.76	02.85	-0.52	30.05	-0.03
0576	01	00.00000	00.00000	02.70	02.02	01.05	37.01	-0.02
0975	01	00.86850	00.86350	03.38	04.54	07.99	35.38	-0.08
0473	04	02.36857	02.36358	08.03	09.72	-0.52	31.76	-0.03
0572	04	02.91502	02.91002	04.68	08.40	01.20	30.14	-0.04
