RAW	190621	053806	235615	03
GEOM1	00.48	00.12	14.409718	0.150012	48.827507	0.149982	45.46	05.25	109.51	04.01	00.00	-2
GEOM2	00.52	00.59	14.409742	0.149528	48.827499	0.147947	46.98	14.19	109.83	06.53	0001.121	0019.413	00.00	-3
LDF	14.246099	0.138181	48.843233	0.160845	0010506.0	0006572.5	03.61	04.10	00
GLDF	00.54	00.12	14.207645	0.102490	48.851499	0.164054	45.22	05.47	110.21	03.19	0012141.0	0010583.4	03.43	05.51	00
0372	01	07.64771	07.64771	01.39	01.53	-2.24	30.01	-0.01
0673	04	00.00000	00.00000	03.98	04.91	02.92	31.83	-0.04
0674	04	01.24100	01.23601	04.48	06.01	02.84	33.58	-0.04
0878	01	05.64760	05.64760	02.20	01.45	06.34	40.13	-0.02
0573	04	00.44070	00.44070	04.56	08.68	01.13	31.81	-0.04
