RAW	190601	103913	357083	03
GEOM1	07.21	00.07	17.739815	0.149997	49.834342	0.149996	15.29	05.74	161.00	34.97	00.00	-2
GEOM2	07.29	07.07	17.739815	0.150007	49.834342	0.150000	14.90	71.50	184.54	1828.11	0001.017	0313.316	00.00	-3
LDF	17.752715	0.054878	49.806675	0.159908	0133830.1	0047562.6	04.20	01.77	00
GLDF	07.20	00.06	17.753494	0.047370	49.788268	0.168413	14.90	04.53	163.17	30.39	0139367.4	0053969.1	04.39	02.59	00
0774	01	00.00000	00.00000	01.44	00.95	04.56	33.62	-0.05
0774	04	07.58983	07.59482	10.96	09.26	04.56	33.62	-0.05
0874	04	07.13468	07.12969	18.92	11.84	06.35	33.66	-0.06
0473	01	15.50334	15.50334	00.79	00.97	-0.52	31.76	-0.03
0773	04	07.64232	07.64732	03.09	05.32	04.63	31.89	-0.04
