RAW	190606	110449	184973	03
GEOM1	03.63	00.10	19.004716	0.149981	49.089574	0.149933	32.05	05.88	236.39	10.45	00.00	-2
GEOM2	03.71	00.45	19.004744	0.149402	49.089595	0.148511	27.90	20.47	242.85	37.66	0000.768	0016.558	00.00	-3
LDF	18.997320	0.161639	49.272108	0.101239	0024164.3	0013371.9	01.44	04.14	00
GLDF	03.54	00.08	19.013807	0.171566	49.293852	0.072740	29.46	06.17	236.29	11.27	0033166.7	0022999.2	01.76	05.18	00
0777	01	07.05722	07.05722	02.01	01.51	04.48	38.84	-0.02
0873	04	04.09818	04.10317	07.38	06.51	06.42	31.99	-0.03
0973	04	03.78638	03.78638	04.09	04.18	08.07	31.96	-0.03
0874	04	03.45027	03.45027	08.08	06.64	06.35	33.66	-0.06
0974	01	00.00000	00.00000	00.58	00.97	08.06	33.70	-0.06
0974	02	08.57913	08.57913	02.42	01.57	08.06	33.70	-0.06
