RAW	190614	170457	316276	02
GEOM1	00.00	00.00	0.000000	0.000000	0.000000	0.000000	00.00	00.00	00.00	00.00	1000000.00	-3
GEOM2	00.00	00.00	0.000000	0.000000	0.000000	0.000000	00.00	00.00	00.00	00.00	0000.000	0000.000	1000000.00	-3
LDF	16.036566	0.150242	50.710531	0.187266	0085521.7	0087341.7	02.23	02.32	-1
GLDF	07.50	00.15	16.802725	0.149123	51.114658	0.154917	69.36	10.49	110.90	10.37	0000004.9	0000022.9	00.06	00.00	-2
0774	04	06.61448	06.61448	03.99	03.19	04.56	33.62	-0.05
0674	03	09.32542	09.32043	05.10	09.15	02.84	33.58	-0.04
0575	01	00.00000	00.00000	01.20	01.57	01.13	35.27	-0.03
0878	01	09.74542	09.75041	01.96	03.11	06.34	40.13	-0.02
0976	01	07.10010	07.09510	01.24	03.85	07.99	37.16	-0.09
0775	04	08.11850	08.11850	04.12	07.09	04.56	35.35	-0.05
