RAW	190609	003430	333311	02
GEOM1	00.00	00.00	0.000000	0.000000	0.000000	0.000000	00.00	00.00	00.00	00.00	1000000.00	-3
GEOM2	00.00	00.00	0.000000	0.000000	0.000000	0.000000	00.00	00.00	00.00	00.00	0000.000	0000.000	1000000.00	-3
LDF	15.159543	0.151077	47.354421	0.076340	0053030.3	0023768.7	01.55	00.49	-1
GLDF	00.00	24.78	0.000000	0.150000	0.000000	0.150001	00.00	64.78	00.00	01.41	0053030.3	0000001.4	01.55	1000000.00	-2
0673	04	05.05150	05.05649	03.99	05.80	02.92	31.83	-0.04
0873	01	10.82767	10.83267	02.03	01.09	06.42	31.99	-0.03
0974	01	05.94101	05.94101	01.33	00.96	08.06	33.70	-0.06
0573	02	07.88301	07.88801	04.57	04.37	01.13	31.81	-0.04
0473	02	00.00000	00.00000	04.38	03.96	-0.52	31.76	-0.03
0672	04	04.77171	04.78170	06.62	07.46	02.92	30.12	-0.04
