RAW	190619	173411	926481	02
GEOM1	00.00	00.00	0.000000	0.000000	0.000000	0.000000	00.00	00.00	00.00	00.00	1000000.00	-3
GEOM2	00.00	00.00	0.000000	0.000000	0.000000	0.000000	00.00	00.00	00.00	00.00	0000.000	0000.000	1000000.00	-3
LDF	12.950353	0.149654	47.427998	0.075099	0107902.6	0052164.6	02.69	00.60	-1
GLDF	03.01	00.15	14.810856	0.084548	47.894921	0.149970	11.35	02.50	285.39	01.03	0971385.3	0869093.8	41.09	1000000.00	-2
0472	03	05.36069	05.36069	05.07	05.39	-0.52	30.05	-0.03
0775	01	02.68524	02.69023	01.50	01.02	04.56	35.35	-0.05
0974	01	04.72767	04.73266	01.56	00.87	08.06	33.70	-0.06
0573	04	03.46213	03.46213	09.26	08.86	01.13	31.81	-0.04
0672	01	00.00000	00.00000	00.74	01.50	02.92	30.12	-0.04
0572	04	02.26825	02.26325	04.31	06.38	01.20	30.14	-0.04
