RAW	190606	123717	011380	02
GEOM1	00.00	00.00	0.000000	0.000000	0.000000	0.000000	00.00	00.00	00.00	00.00	1000000.00	-3
GEOM2	00.00	00.00	0.000000	0.000000	0.000000	0.000000	00.00	00.00	00.00	00.00	0000.000	0000.000	1000000.00	-3
LDF	17.639069	0.053501	55.289913	0.151093	0113616.9	0033458.0	02.82	00.62	-1
GLDF	00.00	25.19	0.000000	0.150000	0.000000	0.150000	00.00	57.45	00.00	01.41	0113616.9	0000001.4	02.82	1000000.00	-2
0673	01	00.16790	00.16290	01.67	01.55	02.92	31.83	-0.04
0777	04	02.84327	02.84327	13.32	06.65	04.48	38.84	-0.02
0878	02	05.76669	05.76669	05.06	04.07	06.34	40.13	-0.02
0877	04	02.86684	02.86184	12.73	16.68	06.20	38.86	-0.05
0676	02	00.00000	00.00000	01.94	01.49	02.77	37.09	-0.03
0473	01	08.24997	08.24997	02.52	01.23	-0.52	31.76	-0.03
