RAW	190609	010606	738811	02
GEOM1	00.00	00.00	0.000000	0.000000	0.000000	0.000000	00.00	00.00	00.00	00.00	1000000.00	-3
GEOM2	00.00	00.00	0.000000	0.000000	0.000000	0.000000	00.00	00.00	00.00	00.00	0000.000	0000.000	1000000.00	-3
LDF	11.691115	0.150627	49.022338	0.070355	0067867.5	0026922.9	01.90	00.36	-1
GLDF	00.00	24.37	0.000000	0.150000	0.000000	0.150000	00.00	72.96	00.00	01.41	0067867.5	0000001.4	01.90	1000000.00	-2
0472	02	00.00000	00.00000	04.52	02.54	-0.52	30.05	-0.03
0576	01	06.27292	06.27792	01.38	01.26	01.05	37.01	-0.02
0977	01	02.52846	02.53845	01.47	01.25	07.92	38.89	-0.09
0474	04	01.94997	01.95497	03.43	08.03	-0.59	33.51	-0.01
0473	04	03.39579	03.40079	07.01	08.48	-0.52	31.76	-0.03
0773	01	05.61531	05.62031	01.51	02.33	04.63	31.89	-0.04
