RAW	190608	065739	717447	02
GEOM1	00.00	00.00	0.000000	0.000000	0.000000	0.000000	00.00	00.00	00.00	00.00	1000000.00	-3
GEOM2	00.00	00.00	0.000000	0.000000	0.000000	0.000000	00.00	00.00	00.00	00.00	0000.000	0000.000	1000000.00	-3
LDF	16.348297	0.150776	54.373317	0.068390	0150934.5	0064043.6	03.90	01.27	-1
GLDF	00.00	25.90	0.000000	0.150000	0.000000	0.150001	00.00	69.30	00.00	01.41	0150934.5	0000001.4	03.90	1000000.00	-2
0777	04	07.70596	07.70596	10.80	09.67	04.48	38.84	-0.02
0777	01	13.66697	13.66697	01.23	01.24	04.48	38.84	-0.02
0978	01	00.85902	00.85902	01.70	01.53	07.91	40.63	-0.05
1075	01	00.00000	00.00000	01.27	01.10	09.78	35.47	-0.10
0776	04	07.97342	07.97342	12.36	07.58	04.49	37.09	-0.04
0676	03	05.40784	05.40784	05.74	05.65	02.77	37.09	-0.03
0872	01	11.20292	11.19793	01.09	00.85	06.35	30.23	00.01
0475	01	01.14125	01.13626	00.76	01.39	-0.66	35.24	-0.01
