RAW	190610	105847	092267	02
GEOM1	00.00	00.00	0.000000	0.000000	0.000000	0.000000	00.00	00.00	00.00	00.00	1000000.00	-3
GEOM2	00.00	00.00	0.000000	0.000000	0.000000	0.000000	00.00	00.00	00.00	00.00	0000.000	0000.000	1000000.00	-3
LDF	16.899695	0.151811	47.795908	0.174642	0006093.1	0009092.7	00.19	00.96	-1
GLDF	00.00	31.05	0.000000	0.150000	0.000000	0.150000	00.00	59.40	00.00	01.41	0006093.1	0000001.4	00.19	1000000.00	-2
0772	04	00.00000	00.00000	02.93	00.95	04.71	30.23	-0.02
0774	02	03.82267	03.81768	03.11	03.46	04.56	33.62	-0.05
0576	01	08.36800	08.36300	02.07	01.57	01.05	37.01	-0.02
0978	01	03.73214	03.72714	00.36	00.44	07.91	40.63	-0.05
0775	02	04.63639	04.63139	04.37	05.90	04.56	35.35	-0.05
0773	04	01.48721	01.47722	02.73	06.05	04.63	31.89	-0.04
