RAW	190601	131340	658974	03
GEOM1	06.68	00.14	12.221996	0.150050	47.734944	0.150073	64.29	01.85	204.51	01.90	00.00	-2
GEOM2	06.69	00.33	12.222046	0.141886	47.734995	0.148059	64.72	07.45	204.77	10.39	0001.099	0017.032	00.00	-3
LDF	12.174422	0.134628	47.730751	0.154942	0000067.9	0000029.1	01.61	01.36	00
GLDF	06.74	00.13	12.157912	0.127784	47.724038	0.152091	64.36	01.54	204.46	01.56	0000067.6	0000044.4	01.66	01.97	00
0472	04	07.61387	07.61387	03.93	04.19	-0.52	30.05	-0.03
0575	01	00.00000	00.00000	00.96	01.31	01.13	35.27	-0.03
0977	01	02.43998	02.43998	01.72	01.75	07.92	38.89	-0.09
0573	04	05.58118	05.58118	04.99	03.76	01.13	31.81	-0.04
0473	04	06.94816	06.94816	06.73	05.37	-0.52	31.76	-0.03
0475	01	00.44159	00.44159	00.88	01.06	-0.66	35.24	-0.01
