RAW	190607	032713	407952	03
GEOM1	00.33	00.11	15.605591	0.149980	47.266628	0.149948	36.68	04.87	247.24	08.95	00.00	-2
GEOM2	00.41	00.54	15.605589	0.149574	47.266647	0.148356	34.21	16.33	252.29	34.15	0000.887	0016.982	00.00	-3
LDF	15.618942	0.164437	47.393036	0.139234	0012635.4	0008907.3	01.19	03.14	00
GLDF	00.24	00.08	15.640235	0.178804	47.425710	0.099988	34.40	04.91	248.76	09.38	0018906.9	0015954.8	01.51	04.07	00
0772	04	00.56194	00.56194	03.45	03.40	04.71	30.23	-0.02
0574	02	07.00442	06.99943	01.26	02.24	01.13	33.54	-0.04
0673	04	00.00000	00.00000	04.35	06.55	02.92	31.83	-0.04
0975	01	00.66161	00.66161	01.81	01.49	07.99	35.38	-0.08
0672	04	00.90987	00.90987	05.80	03.95	02.92	30.12	-0.04
