RAW	190630	045440	944160	03
GEOM1	04.17	00.11	14.594646	0.150022	52.710272	0.150032	39.32	04.81	244.91	07.36	00.00	-2
GEOM2	04.23	00.48	14.594693	0.149212	52.710305	0.147863	41.21	14.09	241.99	22.86	0000.905	0018.298	00.00	-3
LDF	14.615111	0.160686	52.537248	0.095495	0018131.7	0008869.9	02.38	04.76	00
GLDF	04.26	00.09	14.613112	0.162702	52.521895	0.083620	38.74	04.33	247.63	07.02	0019807.1	0013422.6	02.25	06.30	00
0772	01	09.26458	09.26958	02.68	01.57	04.71	30.23	-0.02
0576	04	04.24484	04.24983	06.59	04.82	01.05	37.01	-0.02
0675	04	04.67256	04.67256	13.75	05.85	02.84	35.32	-0.04
0974	01	00.25690	00.26189	01.37	01.42	08.06	33.70	-0.06
0676	04	03.65440	03.65440	06.66	05.67	02.77	37.09	-0.03
0474	01	00.00000	00.00000	00.80	01.57	-0.59	33.51	-0.01
