RAW	190605	195219	542294	03
GEOM1	00.67	00.15	17.820753	0.143413	48.682470	0.149154	85.13	08.49	68.22	00.72	01.62	-2
GEOM2	00.64	01.00	17.783801	0.150005	48.697370	0.150010	88.01	686.00	68.03	14.70	0002.349	0020.648	00.00	-3
LDF	17.725307	0.000001	48.842041	0.000002	0000000.0	0000000.0	00.00	09.48	00
GLDF	00.67	00.01	17.835900	0.137444	48.678167	0.042968	85.10	00.01	68.19	00.55	0000000.0	0000000.0	00.00	15.06	00
0774	04	01.65146	01.65646	03.45	03.15	04.56	33.62	-0.05
0977	01	02.49478	02.49478	02.42	02.78	07.92	38.89	-0.09
0876	01	06.52101	06.52101	01.60	03.28	06.27	37.12	-0.05
0873	04	00.76450	00.76450	11.50	07.16	06.42	31.99	-0.03
0573	01	02.23492	02.23492	01.33	01.15	01.13	31.81	-0.04
0773	04	00.00000	00.00000	05.07	05.91	04.63	31.89	-0.04
