RAW	190605	205039	091524	02
GEOM1	00.00	00.00	0.000000	0.000000	0.000000	0.000000	00.00	00.00	00.00	00.00	1000000.00	-3
GEOM2	00.00	00.00	0.000000	0.000000	0.000000	0.000000	00.00	00.00	00.00	00.00	0000.000	0000.000	1000000.00	-3
LDF	15.070605	0.151959	51.323684	0.186824	1166204.5	0906218.8	45.92	02.79	-1
GLDF	00.00	22.63	0.000000	0.150000	0.000000	0.150000	00.00	57.35	00.00	01.41	1166204.5	0000001.4	45.92	1000000.00	-2
0674	04	01.29686	01.29186	27.42	06.98	02.84	33.58	-0.04
0675	03	01.61702	01.61202	07.10	13.52	02.84	35.32	-0.04
0776	02	09.00148	08.99648	06.03	03.92	04.49	37.09	-0.04
1076	01	00.00000	00.00000	00.82	00.87	09.70	37.20	-0.12
0676	04	00.78316	00.77817	08.16	05.37	02.77	37.09	-0.03
