RAW	190616	070257	900921	03
GEOM1	01.24	00.13	15.770233	0.149217	48.551326	0.149767	60.68	01.86	203.20	02.65	00.00	-2
GEOM2	01.26	00.17	15.770233	0.125014	48.551321	0.144544	58.79	22.08	202.38	11.91	0000.385	0011.202	00.00	-3
LDF	15.849363	0.138335	48.555026	0.178906	0000169.1	0000085.1	00.52	01.75	00
GLDF	01.16	00.12	15.876979	0.117919	48.553859	0.192982	60.62	01.52	203.45	02.30	0000184.2	0000114.5	01.31	02.44	00
0774	04	00.00000	00.00000	03.54	02.47	04.56	33.62	-0.05
0472	01	03.68905	03.68405	01.27	01.08	-0.52	30.05	-0.03
0673	04	01.85662	01.85162	14.92	10.76	02.92	31.83	-0.04
0474	01	02.42980	02.42481	01.52	02.74	-0.59	33.51	-0.01
0773	04	00.49024	00.48525	03.23	05.34	04.63	31.89	-0.04
