RAW	190608	064556	566600	02
GEOM1	00.00	00.00	0.000000	0.000000	0.000000	0.000000	00.00	00.00	00.00	00.00	1000000.00	-3
GEOM2	00.00	00.00	0.000000	0.000000	0.000000	0.000000	00.00	00.00	00.00	00.00	0000.000	0000.000	1000000.00	-3
LDF	18.506175	0.150008	54.858377	0.149977	0504597.2	0359312.1	18.35	00.00	-2
GLDF	00.00	28.81	0.000000	0.150000	0.000000	0.150000	00.00	60.04	00.00	01.41	0504597.2	0000001.4	18.35	1000000.00	-2
0772	01	00.00000	00.00000	01.57	00.81	04.71	30.23	-0.02
0777	02	09.27984	09.27984	04.02	02.41	04.48	38.84	-0.02
0878	03	03.08287	03.08287	04.87	03.77	06.34	40.13	-0.02
0876	04	03.36073	03.36073	07.99	08.01	06.27	37.12	-0.05
0877	04	03.67288	03.67288	05.00	08.67	06.20	38.86	-0.05
