RAW	190608	120626	783339	02
GEOM1	00.00	00.00	0.000000	0.000000	0.000000	0.000000	00.00	00.00	00.00	00.00	1000000.00	-3
GEOM2	00.00	00.00	0.000000	0.000000	0.000000	0.000000	00.00	00.00	00.00	00.00	0000.000	0000.000	1000000.00	-3
LDF	10.873996	0.082108	46.467775	0.149989	0033668.9	0016753.3	00.77	00.01	-1
GLDF	00.00	27.42	0.000000	0.150000	0.000000	0.150001	00.00	79.49	00.00	01.41	0033668.9	0000001.4	00.77	1000000.00	-2
0372	04	02.87821	02.88321	02.75	04.04	-2.24	30.01	-0.01
0472	04	03.35812	03.36312	03.55	03.54	-0.52	30.05	-0.03
0976	01	08.97104	08.97104	01.26	02.11	07.99	37.16	-0.09
0975	01	02.01831	02.02330	01.58	00.74	07.99	35.38	-0.08
0473	02	00.00000	00.00000	09.24	07.60	-0.52	31.76	-0.03
