RAW	190604	155425	981277	03
GEOM1	00.58	00.14	12.704849	0.151197	47.426832	0.149534	35.84	17.08	349.16	32.64	01.53	-2
GEOM2	00.65	00.85	12.707262	0.149999	47.443169	0.150009	84.39	685.21	14.62	43.12	0003.375	0012.029	00.00	-3
LDF	12.915888	0.132509	47.566227	0.111630	0063218.0	0023852.2	46.73	01.31	00
GLDF	00.60	00.11	12.721920	0.131001	47.397076	0.106805	35.75	14.36	348.48	28.12	0051775.0	0061395.7	05.13	03.61	00
0675	01	00.64437	00.64937	01.67	01.00	02.84	35.32	-0.04
0573	03	02.78604	02.78604	04.17	06.28	01.13	31.81	-0.04
0474	04	00.92070	00.92070	01.71	01.71	-0.59	33.51	-0.01
0473	04	00.00000	00.00000	05.15	05.62	-0.52	31.76	-0.03
0572	04	01.21498	01.21998	15.52	03.77	01.20	30.14	-0.04
