RAW	190601	143327	644214	02
GEOM1	00.00	00.00	0.000000	0.000000	0.000000	0.000000	00.00	00.00	00.00	00.00	1000000.00	-3
GEOM2	00.00	00.00	0.000000	0.000000	0.000000	0.000000	00.00	00.00	00.00	00.00	0000.000	0000.000	1000000.00	-3
LDF	17.979324	0.218124	48.860503	0.151905	0050830.1	0065543.4	01.48	02.11	-1
GLDF	00.00	26.90	0.000000	0.150000	0.000000	0.150001	00.00	60.97	00.00	01.41	0050830.1	0000001.4	01.48	1000000.00	-2
0978	01	00.00000	00.00000	01.30	01.52	07.91	40.63	-0.05
0873	04	06.03392	06.02892	05.27	06.87	06.42	31.99	-0.03
0874	03	04.12723	04.12723	04.91	03.14	06.35	33.66	-0.06
1075	01	07.22337	07.21837	02.27	02.28	09.78	35.47	-0.10
0773	04	04.78418	04.77919	04.70	04.98	04.63	31.89	-0.04
