RAW	190606	160107	359632	02
GEOM1	00.00	00.00	0.000000	0.000000	0.000000	0.000000	00.00	00.00	00.00	00.00	1000000.00	-3
GEOM2	00.00	00.00	0.000000	0.000000	0.000000	0.000000	00.00	00.00	00.00	00.00	0000.000	0000.000	1000000.00	-3
LDF	18.624809	0.152186	49.344347	0.065402	0074306.2	0028338.4	02.02	01.10	-1
GLDF	00.00	23.47	0.000000	0.150000	0.000000	0.150001	00.00	57.22	00.00	01.41	0074306.2	0000001.4	02.02	1000000.00	-2
0674	01	00.00000	00.00000	01.25	02.30	02.84	33.58	-0.04
0977	01	04.25965	04.26465	01.32	00.67	07.92	38.89	-0.09
0873	04	06.81180	06.81180	08.49	05.81	06.42	31.99	-0.03
0874	04	06.24800	06.24800	09.20	15.55	06.35	33.66	-0.06
0872	02	09.23070	09.23070	16.50	42.71	06.35	30.23	00.01
