RAW	190602	093439	901789	02
GEOM1	00.00	00.00	0.000000	0.000000	0.000000	0.000000	00.00	00.00	00.00	00.00	1000000.00	-3
GEOM2	00.00	00.00	0.000000	0.000000	0.000000	0.000000	00.00	00.00	00.00	00.00	0000.000	0000.000	1000000.00	-3
LDF	14.035201	0.149964	46.553023	0.150144	0014152.9	0016158.0	00.09	02.21	-1
GLDF	00.00	24.60	0.000000	0.150000	0.000000	0.150001	00.00	71.36	00.00	01.41	0014152.9	0000001.4	00.09	1000000.00	-2
0472	04	04.45507	04.46007	04.40	03.21	-0.52	30.05	-0.03
0674	01	01.49187	01.49187	01.72	02.75	02.84	33.58	-0.04
0776	01	00.00000	00.00000	00.80	00.94	04.49	37.09	-0.04
0672	03	02.44193	02.44193	06.70	16.17	02.92	30.12	-0.04
0572	04	03.95055	03.95055	07.40	06.39	01.20	30.14	-0.04
