RAW	190603	062320	956029	02
GEOM1	00.00	00.00	0.000000	0.000000	0.000000	0.000000	00.00	00.00	00.00	00.00	1000000.00	-3
GEOM2	00.00	00.00	0.000000	0.000000	0.000000	0.000000	00.00	00.00	00.00	00.00	0000.000	0000.000	1000000.00	-3
LDF	13.388043	0.150000	47.842228	0.149955	0224073.7	0191269.2	06.91	00.00	-2
GLDF	05.12	  nan	11.239651	   nan	48.380738	   nan	89.98	  nan	58.28	  nan	-000001.7	      nan	00.00	1000000.00	-2
0472	02	10.32027	10.32027	02.40	01.67	-0.52	30.05	-0.03
0878	01	00.00000	00.00000	10.63	04.65	06.34	40.13	-0.02
0975	01	12.62681	12.61682	01.33	01.44	07.99	35.38	-0.08
0573	04	06.12665	06.12665	16.40	08.34	01.13	31.81	-0.04
0672	02	03.63230	03.63230	04.29	03.76	02.92	30.12	-0.04
0572	04	05.35475	05.34975	04.28	03.77	01.20	30.14	-0.04
