RAW	190613	095147	089165	02
GEOM1	00.00	00.00	0.000000	0.000000	0.000000	0.000000	00.00	00.00	00.00	00.00	1000000.00	-3
GEOM2	00.00	00.00	0.000000	0.000000	0.000000	0.000000	00.00	00.00	00.00	00.00	0000.000	0000.000	1000000.00	-3
LDF	12.374615	0.144624	47.848689	0.151926	0246833.6	0176390.4	07.98	00.84	-1
GLDF	00.00	24.50	0.000000	0.150000	0.000000	0.150001	00.00	72.53	00.00	01.41	0246833.6	0000001.4	07.98	1000000.00	-2
0472	01	00.00000	00.00000	00.90	01.45	-0.52	30.05	-0.03
0472	04	05.44128	05.44128	04.21	03.13	-0.52	30.05	-0.03
0972	01	07.24748	07.24748	00.78	01.64	08.14	30.22	00.02
0573	04	03.77939	03.77939	09.90	07.14	01.13	31.81	-0.04
0473	03	02.85361	02.85361	08.24	06.68	-0.52	31.76	-0.03
