RAW	190608	113138	426388	03
GEOM1	06.83	00.12	14.565887	0.150166	47.881150	0.150109	53.06	05.04	140.47	02.96	00.00	-2
GEOM2	06.85	00.31	14.565924	0.144815	47.881116	0.146532	52.90	08.01	141.78	19.64	0000.842	0018.830	00.00	-3
LDF	14.670481	0.095507	47.938249	0.130578	0004068.1	0001332.0	06.50	06.16	00
GLDF	06.79	00.12	14.672744	0.092624	47.928417	0.136982	51.78	04.96	140.39	02.84	0005133.0	0004843.4	06.08	08.73	00
0673	04	06.70290	06.70290	08.23	51.37	02.92	31.83	-0.04
0878	01	08.27280	08.27280	01.67	01.11	06.34	40.13	-0.02
1075	01	00.00000	00.00000	02.98	05.45	09.78	35.47	-0.10
0573	04	07.82476	07.82476	04.91	05.13	01.13	31.81	-0.04
0474	01	14.81735	14.82734	01.41	00.40	-0.59	33.51	-0.01
0572	04	06.96960	06.96960	17.30	03.48	01.20	30.14	-0.04
