RAW	190609	114706	708565	02
GEOM1	00.00	00.00	0.000000	0.000000	0.000000	0.000000	00.00	00.00	00.00	00.00	1000000.00	-3
GEOM2	00.00	00.00	0.000000	0.000000	0.000000	0.000000	00.00	00.00	00.00	00.00	0000.000	0000.000	1000000.00	-3
LDF	15.675211	0.151058	50.808016	0.134886	0110059.1	0077210.4	02.73	01.73	-1
GLDF	00.00	27.89	0.000000	0.150000	0.000000	0.150000	00.00	64.75	00.00	01.41	0110059.1	0000001.4	02.73	1000000.00	-2
0774	03	00.00000	00.00000	06.97	04.38	04.56	33.62	-0.05
0674	04	02.47979	02.48479	05.77	04.35	02.84	33.58	-0.04
0675	04	02.13726	02.13226	05.86	06.43	02.84	35.32	-0.04
0974	01	02.07504	02.07005	00.97	01.43	08.06	33.70	-0.06
0877	01	01.71050	01.71050	01.54	01.55	06.20	38.86	-0.05
