RAW	190624	233022	714238	03
GEOM1	05.97	00.06	16.519302	0.150012	46.619020	0.149740	02.58	65.04	304.56	882.39	00.12	-2
GEOM2	06.00	00.23	16.519030	0.148912	46.618605	0.130558	65.88	309.58	274.19	08.09	0005.618	0006.565	00.00	-3
LDF	16.705478	0.087225	46.625274	0.151517	4062574.9	1183250.2	1654.79	02.14	-1
GLDF	05.99	00.07	16.718550	0.072436	46.630934	0.150860	27.00	23.06	278.38	08.61	2123822.7	2806087.7	163.19	02.43	-1
0772	04	06.02086	06.01587	13.43	13.16	04.71	30.23	-0.02
0977	01	11.13024	11.12524	01.11	01.47	07.92	38.89	-0.09
1072	01	00.00000	00.00000	02.40	03.25	09.86	30.29	00.00
0872	04	06.33184	06.33184	09.88	18.65	06.35	30.23	00.01
0672	04	06.08422	06.08422	19.24	32.75	02.92	30.12	-0.04
