RAW	190614	045434	500947	02
GEOM1	00.00	00.00	0.000000	0.000000	0.000000	0.000000	00.00	00.00	00.00	00.00	1000000.00	-3
GEOM2	00.00	00.00	0.000000	0.000000	0.000000	0.000000	00.00	00.00	00.00	00.00	0010.557	0016.890	1000000.00	-3
LDF	18.626408	0.150005	53.819821	0.150005	4112988.0	2649369.1	182.56	00.00	-2
GLDF	00.00	18.58	0.000000	0.150000	0.000000	0.150000	00.00	43.84	00.00	01.41	4112988.0	0000001.4	182.56	1000000.00	-2
0977	04	01.80180	01.80180	06.84	04.75	07.92	38.89	-0.09
0876	05	00.60263	00.60263	71.83	68.65	06.27	37.12	-0.05
0973	01	06.29863	06.29863	00.86	01.05	08.07	31.96	-0.03
0877	03	00.00000	00.00000	06.55	06.37	06.20	38.86	-0.05
0475	01	08.55184	08.55184	02.94	02.17	-0.66	35.24	-0.01
