RAW	190619	060923	615511	03
GEOM1	00.60	00.13	15.775664	0.149907	47.053699	0.149858	54.17	03.99	40.35	03.09	00.00	-2
GEOM2	00.64	00.27	15.775687	0.142492	47.053720	0.144090	57.25	22.70	41.23	07.54	0000.429	0011.761	00.00	-3
LDF	15.830846	0.178746	47.070024	0.164265	0000708.9	0000527.1	00.84	06.34	00
GLDF	00.67	00.14	15.880551	0.224029	47.069124	0.180586	54.32	03.25	40.05	02.80	0000806.6	0000864.4	00.94	09.30	00
0772	04	01.19030	01.19030	07.10	07.40	04.71	30.23	-0.02
0372	01	02.22514	02.22514	01.13	01.67	-2.24	30.01	-0.01
0673	04	00.95715	00.96215	06.63	04.55	02.92	31.83	-0.04
0976	01	06.04847	06.04847	01.06	01.31	07.99	37.16	-0.09
0872	02	04.56520	04.57020	03.51	00.56	06.35	30.23	00.01
0672	04	00.00000	00.00000	09.18	07.25	02.92	30.12	-0.04
