RAW	190616	140656	751894	02
GEOM1	00.00	00.00	0.000000	0.000000	0.000000	0.000000	00.00	00.00	00.00	00.00	1000000.00	-3
GEOM2	00.00	00.00	0.000000	0.000000	0.000000	0.000000	00.00	00.00	00.00	00.00	0000.000	0000.000	1000000.00	-3
LDF	14.334544	0.098430	48.263795	0.150820	0037528.7	0022611.7	00.96	00.34	-1
GLDF	00.00	29.49	0.000000	0.150000	0.000000	0.150001	00.00	71.51	00.00	01.41	0037528.7	0000001.4	00.96	1000000.00	-2
0673	04	05.15645	05.15645	04.13	04.14	02.92	31.83	-0.04
0877	01	00.00000	00.00000	01.68	01.14	06.20	38.86	-0.05
0972	01	04.62769	04.62269	01.05	02.46	08.14	30.22	00.02
0573	04	03.49953	03.49953	03.16	02.88	01.13	31.81	-0.04
0773	02	02.91384	02.91384	15.90	14.62	04.63	31.89	-0.04
