RAW	190620	183431	125038	02
GEOM1	00.00	00.00	0.000000	0.000000	0.000000	0.000000	00.00	00.00	00.00	00.00	1000000.00	-3
GEOM2	00.00	00.00	0.000000	0.000000	0.000000	0.000000	00.00	00.00	00.00	00.00	0000.000	0000.000	1000000.00	-3
LDF	18.120421	0.160560	47.131310	0.159290	0051547.8	0057904.3	01.51	03.19	-1
GLDF	03.96	 -nan	18.126141	  -nan	47.226957	  -nan	89.91	 -nan	190.89	 -nan	-10321846538.8	      nan	  nan	1000000.00	-2
0772	02	02.91928	02.91928	07.30	07.62	04.71	30.23	-0.02
0575	01	06.73729	06.73729	01.64	01.25	01.13	35.27	-0.03
0776	01	00.00000	00.00000	01.59	01.11	04.49	37.09	-0.04
0773	04	05.04407	05.04407	06.74	04.99	04.63	31.89	-0.04
0872	04	04.87002	04.87002	09.59	22.75	06.35	30.23	00.01
