RAW	190603	121917	116730	02
GEOM1	00.00	00.00	0.000000	0.000000	0.000000	0.000000	00.00	00.00	00.00	00.00	1000000.00	-3
GEOM2	00.00	00.00	0.000000	0.000000	0.000000	0.000000	00.00	00.00	00.00	00.00	0000.000	0000.000	1000000.00	-3
LDF	17.460778	0.176103	50.833790	0.150161	0072180.9	0074112.2	01.98	01.71	-1
GLDF	00.00	31.97	0.000000	0.150000	0.000000	0.150001	00.00	67.70	00.00	01.41	0072180.9	0000001.4	01.98	1000000.00	-2
0774	04	06.75028	06.75528	03.34	02.52	04.56	33.62	-0.05
0977	01	00.00000	00.00000	01.32	01.07	07.92	38.89	-0.09
0874	04	05.86798	05.87298	03.70	04.78	06.35	33.66	-0.06
0775	03	03.95561	03.96061	05.01	05.87	04.56	35.35	-0.05
0474	01	04.05397	04.05897	01.24	02.64	-0.59	33.51	-0.01
