RAW	190601	134003	358997	03
GEOM1	00.78	00.02	16.876057	0.139136	48.348553	0.147677	07.10	07.80	272.94	165.25	01.27	-2
GEOM2	00.78	00.06	16.875899	0.090129	48.337320	0.132784	34.29	131.27	346.00	59.48	0008.421	0002.162	00.00	-3
LDF	16.876242	0.149951	48.347775	0.113827	0729900.3	0359154.1	33.21	00.01	-1
GLDF	00.78	00.02	16.875639	0.139081	48.358031	0.102124	06.89	06.23	272.97	137.80	0735375.2	0313418.4	28.63	01.88	-1
0772	04	01.61349	01.60849	03.72	03.49	04.71	30.23	-0.02
0774	04	01.16624	01.15625	04.29	02.75	04.56	33.62	-0.05
0372	01	00.00000	00.00000	01.48	01.49	-2.24	30.01	-0.01
0977	01	08.37756	08.36756	02.46	02.68	07.92	38.89	-0.09
0775	02	06.13076	06.12077	01.67	02.75	04.56	35.35	-0.05
0773	04	00.82518	00.82019	10.61	04.40	04.63	31.89	-0.04
