RAW	190607	071409	700905	02
GEOM1	00.00	00.00	0.000000	0.000000	0.000000	0.000000	00.00	00.00	00.00	00.00	1000000.00	-3
GEOM2	00.00	00.00	0.000000	0.000000	0.000000	0.000000	00.00	00.00	00.00	00.00	0000.000	0000.000	1000000.00	-3
LDF	16.898874	0.150926	47.826446	0.162680	0369928.0	0291971.2	13.06	01.41	-1
GLDF	00.00	25.33	0.000000	0.150000	0.000000	0.150000	00.00	58.96	00.00	01.41	0369928.0	0000001.4	13.06	1000000.00	-2
0772	04	04.06713	04.05714	10.07	09.44	04.71	30.23	-0.02
0774	04	03.10628	03.10128	03.27	02.97	04.56	33.62	-0.05
0978	01	10.81356	10.80856	01.15	01.65	07.91	40.63	-0.05
0776	01	00.00000	00.00000	03.92	01.76	04.49	37.09	-0.04
1072	01	00.70893	00.70893	00.98	00.73	09.86	30.29	00.00
0773	03	02.74509	02.74009	05.84	08.78	04.63	31.89	-0.04
