RAW	190602	110856	232998	03
GEOM1	01.94	00.08	13.143350	0.150018	46.908250	0.149882	21.78	07.15	310.91	18.94	00.00	-2
GEOM2	02.03	03.78	13.143331	0.150043	46.908268	0.150112	12.57	351.79	300.44	690.34	0000.336	0161.876	00.00	-3
LDF	13.131679	0.135930	46.895118	0.130623	0215840.2	0116489.2	10.16	00.03	-1
GLDF	01.94	00.07	13.129096	0.133234	46.892336	0.127077	21.80	05.91	310.78	15.59	0216123.9	0111203.4	10.30	00.04	-1
0472	04	02.00010	02.00010	04.17	02.55	-0.52	30.05	-0.03
0574	02	00.00000	00.00000	02.11	02.24	01.13	33.54	-0.04
0576	01	07.59810	07.60309	01.81	01.37	01.05	37.01	-0.02
0978	01	01.15349	01.15849	01.49	00.78	07.91	40.63	-0.05
1073	01	03.09845	03.09845	02.09	02.65	09.86	32.00	-0.03
0573	04	01.85505	01.85505	04.72	03.66	01.13	31.81	-0.04
0572	04	02.16202	02.16202	11.60	13.96	01.20	30.14	-0.04
