RAW	190627	165923	227192	02
GEOM1	00.00	00.00	0.000000	0.000000	0.000000	0.000000	00.00	00.00	00.00	00.00	1000000.00	-3
GEOM2	00.00	00.00	0.000000	0.000000	0.000000	0.000000	00.00	00.00	00.00	00.00	0000.000	0000.000	1000000.00	-3
LDF	12.866185	0.124556	49.422406	0.123244	0379539.5	0162495.2	13.43	00.01	-1
GLDF	00.00	25.32	0.000000	0.150000	0.000000	0.150000	00.00	71.30	00.00	01.41	0379539.5	0000001.4	13.43	1000000.00	-2
0574	03	01.70901	01.71400	10.70	04.75	01.13	33.54	-0.04
0874	01	09.21538	09.21538	01.01	00.98	06.35	33.66	-0.06
1075	01	00.00000	00.00000	02.93	06.61	09.78	35.47	-0.10
1075	01	05.83607	05.83607	04.21	01.42	09.78	35.47	-0.10
0573	04	02.39675	02.40175	06.95	05.97	01.13	31.81	-0.04
0474	04	04.00458	04.00458	06.41	05.05	-0.59	33.51	-0.01
0773	01	09.70472	09.70971	00.75	01.40	04.63	31.89	-0.04
