RAW	190605	091117	960604	02
GEOM1	00.00	00.00	0.000000	0.000000	0.000000	0.000000	00.00	00.00	00.00	00.00	1000000.00	-3
GEOM2	00.00	00.00	0.000000	0.000000	0.000000	0.000000	00.00	00.00	00.00	00.00	0000.000	0000.000	1000000.00	-3
LDF	19.614494	0.115639	56.178672	0.144347	0109628.0	0068374.5	02.72	00.31	-1
GLDF	00.00	36.01	0.000000	0.150000	0.000000	0.150000	00.00	65.56	00.00	01.41	0109628.0	0000001.4	02.72	1000000.00	-2
0574	01	03.13200	03.12700	01.25	02.76	01.13	33.54	-0.04
0675	01	12.31022	12.30522	00.42	00.41	02.84	35.32	-0.04
0977	03	06.07564	06.07064	07.50	04.74	07.92	38.89	-0.09
0978	04	04.53247	04.52248	04.37	03.97	07.91	40.63	-0.05
0878	04	03.43600	03.43101	05.54	03.69	06.34	40.13	-0.02
0775	01	00.00000	00.00000	01.45	00.92	04.56	35.35	-0.05
