RAW	190614	050434	947564	02
GEOM1	00.00	00.00	0.000000	0.000000	0.000000	0.000000	00.00	00.00	00.00	00.00	1000000.00	-3
GEOM2	00.00	00.00	0.000000	0.000000	0.000000	0.000000	00.00	00.00	00.00	00.00	0000.000	0000.000	1000000.00	-3
LDF	13.408211	0.150446	47.372110	0.075371	0042794.6	0019171.3	01.20	00.23	-1
GLDF	02.35	00.10	13.203532	0.155889	47.158267	0.101098	16.82	00.48	02.46	01.39	0014495.8	0018626.0	00.06	1000000.00	-2
0876	01	07.12794	07.13293	01.68	01.36	06.27	37.12	-0.05
0776	01	06.99210	06.99210	01.57	01.04	04.49	37.09	-0.04
0975	01	01.29616	01.30616	01.63	00.44	07.99	35.38	-0.08
0573	04	02.65346	02.65346	04.34	04.55	01.13	31.81	-0.04
0473	02	00.00000	00.00000	13.03	09.91	-0.52	31.76	-0.03
0572	04	02.58055	02.58055	07.13	04.35	01.20	30.14	-0.04
