RAW	190613	153222	746403	02
GEOM1	00.00	00.00	0.000000	0.000000	0.000000	0.000000	00.00	00.00	00.00	00.00	1000000.00	-3
GEOM2	00.00	00.00	0.000000	0.000000	0.000000	0.000000	00.00	00.00	00.00	00.00	0000.000	0000.000	1000000.00	-3
LDF	15.905442	0.119628	46.607196	0.155123	0077390.3	0055950.8	02.08	02.36	-1
GLDF	00.00	21.39	0.000000	0.150000	0.000000	0.150001	00.00	66.48	00.00	01.41	0077390.3	0000001.4	02.08	1000000.00	-2
0772	04	08.28539	08.29039	07.43	04.42	04.71	30.23	-0.02
0675	01	00.00000	00.00000	01.61	03.05	02.84	35.32	-0.04
1075	01	05.03967	05.03967	01.26	00.71	09.78	35.47	-0.10
0672	04	09.45626	09.45126	08.22	18.13	02.92	30.12	-0.04
0572	02	06.47346	06.47346	26.09	13.73	01.20	30.14	-0.04
