RAW	190608	230432	853653	02
GEOM1	00.00	00.00	0.000000	0.000000	0.000000	0.000000	00.00	00.00	00.00	00.00	1000000.00	-3
GEOM2	00.00	00.00	0.000000	0.000000	0.000000	0.000000	00.00	00.00	00.00	00.00	0000.000	0000.000	1000000.00	-3
LDF	17.296966	0.151893	48.762939	0.151981	0015377.2	0017775.5	00.10	01.26	-1
GLDF	00.00	29.12	0.000000	0.150000	0.000000	0.150000	00.00	57.36	00.00	01.41	0015377.2	0000001.4	00.10	1000000.00	-2
0772	02	04.35341	04.34841	04.10	04.25	04.71	30.23	-0.02
0774	02	04.86087	04.85587	05.98	04.11	04.56	33.62	-0.05
0575	01	01.86413	01.85914	01.30	01.45	01.13	35.27	-0.03
0874	04	00.00000	00.00000	02.68	01.77	06.35	33.66	-0.06
0975	01	00.21205	00.21205	00.92	00.64	07.99	35.38	-0.08
0773	04	01.55544	01.55544	09.44	04.42	04.63	31.89	-0.04
