RAW	190611	095534	737213	02
GEOM1	00.00	00.00	0.000000	0.000000	0.000000	0.000000	00.00	00.00	00.00	00.00	1000000.00	-3
GEOM2	00.00	00.00	0.000000	0.000000	0.000000	0.000000	00.00	00.00	00.00	00.00	0000.000	0000.000	1000000.00	-3
LDF	16.917356	0.152905	47.393927	0.099383	0040762.6	0025580.6	01.11	01.17	-1
GLDF	00.00	25.08	0.000000	0.150000	0.000000	0.150000	00.00	53.59	00.00	01.41	0040762.6	0000001.4	01.11	1000000.00	-2
0772	04	00.95592	00.95092	03.74	12.18	04.71	30.23	-0.02
0774	02	02.96527	02.97526	02.85	03.23	04.56	33.62	-0.05
0878	01	01.33266	01.33266	01.02	01.42	06.34	40.13	-0.02
0873	01	08.75430	08.75430	01.63	00.93	06.42	31.99	-0.03
0874	01	06.70018	06.70018	00.89	00.66	06.35	33.66	-0.06
0773	04	00.00000	00.00000	04.02	04.68	04.63	31.89	-0.04
