RAW	190627	071230	973727	03
GEOM1	00.10	00.09	12.775754	0.150002	51.212303	0.150003	13.31	06.11	124.21	29.07	00.00	-2
GEOM2	00.21	00.66	12.775756	0.149719	51.212302	0.149724	12.56	04.99	140.80	98.93	0000.971	0021.292	00.00	-3
LDF	12.625722	0.121544	51.097025	0.162061	0128543.4	0079690.4	03.81	03.26	00
GLDF	00.09	00.08	12.603641	0.092013	51.060498	0.140029	14.03	04.65	133.06	23.92	0148123.9	0071241.4	04.66	03.84	00
0772	01	02.98860	02.98860	02.33	01.52	04.71	30.23	-0.02
0574	04	00.01473	00.01473	05.94	04.22	01.13	33.54	-0.04
0575	04	00.22207	00.22207	05.62	08.17	01.13	35.27	-0.03
0878	01	00.00000	00.00000	01.05	01.31	06.34	40.13	-0.02
0475	04	00.50838	00.51338	06.51	05.41	-0.66	35.24	-0.01
