RAW	190616	232355	737180	03
GEOM1	06.90	00.10	13.911475	0.149991	52.659837	0.149999	30.62	06.49	358.26	08.68	00.00	-2
GEOM2	06.96	00.53	13.911536	0.148747	52.659834	0.149773	30.58	07.63	355.19	34.17	0001.239	0026.123	00.00	-3
LDF	14.024027	0.174036	52.751010	0.066405	0129483.3	0059445.2	09.68	04.88	00
GLDF	07.00	00.09	14.111871	0.155196	52.753672	0.063852	30.78	05.36	356.14	08.91	0155172.9	0090564.4	11.74	06.50	00
0576	04	06.64267	06.64267	19.27	20.89	01.05	37.01	-0.02
0575	04	06.78959	06.78959	04.80	04.83	01.13	35.27	-0.03
0675	04	07.65540	07.65540	06.06	19.36	02.84	35.32	-0.04
0873	01	05.87441	05.87441	00.35	00.84	06.42	31.99	-0.03
1076	01	00.00000	00.00000	01.38	01.67	09.70	37.20	-0.12
