RAW	190623	112157	276483	03
GEOM1	04.30	00.13	19.836501	0.149982	49.578493	0.150072	61.69	02.09	341.25	02.18	00.00	-2
GEOM2	04.31	00.41	19.836504	0.144413	49.578480	0.149127	62.09	04.65	340.98	10.83	0001.175	0017.686	00.00	-3
LDF	19.877185	0.136888	49.555313	0.157589	0000173.1	0000085.8	01.96	01.30	00
GLDF	04.36	00.13	19.891616	0.132744	49.541325	0.155588	61.65	01.77	341.17	01.80	0000181.8	0000132.2	02.05	01.87	00
0973	04	05.09397	05.09397	04.62	03.43	08.07	31.96	-0.03
0874	04	03.17308	03.16809	03.61	03.42	06.35	33.66	-0.06
0974	02	00.00000	00.00000	01.54	02.15	08.06	33.70	-0.06
0974	04	04.59185	04.59185	04.21	06.26	08.06	33.70	-0.06
0872	01	04.14822	04.15322	00.82	01.69	06.35	30.23	00.01
