RAW	190601	102136	020478	02
GEOM1	00.00	00.00	0.000000	0.000000	0.000000	0.000000	00.00	00.00	00.00	00.00	1000000.00	-3
GEOM2	00.00	00.00	0.000000	0.000000	0.000000	0.000000	00.00	00.00	00.00	00.00	0000.000	0000.000	1000000.00	-3
LDF	15.990012	0.077978	46.612504	0.150833	0067610.3	0029754.9	01.89	00.52	-1
GLDF	00.00	24.17	0.000000	0.150000	0.000000	0.150001	00.00	69.76	00.00	01.41	0067610.3	0000001.4	01.89	1000000.00	-2
0772	04	09.32636	09.32136	03.41	06.84	04.71	30.23	-0.02
0874	01	09.07118	09.06619	01.18	01.74	06.35	33.66	-0.06
0972	01	00.00000	00.00000	01.74	00.94	08.14	30.22	00.02
0672	04	08.63116	08.62617	11.57	03.09	02.92	30.12	-0.04
0475	01	06.89932	06.89432	03.23	03.40	-0.66	35.24	-0.01
0572	02	06.46225	06.45725	09.19	06.22	01.20	30.14	-0.04
