RAW	190623	122939	128440	03
GEOM1	02.23	00.14	14.174940	0.149954	51.236343	0.150039	59.20	09.14	37.36	02.46	00.00	-2
GEOM2	02.25	09.47	14.174938	0.149989	51.236340	0.150022	62.13	477.77	37.04	220.52	0001.100	0303.742	00.00	-3
LDF	14.204657	0.127741	51.190797	0.133849	0002316.5	0000855.3	28.97	00.76	00
GLDF	02.22	00.13	14.212587	0.129769	51.172280	0.140100	58.42	06.56	37.10	02.09	0002990.4	0005880.5	28.44	01.05	00
0472	01	03.44961	03.45460	01.19	01.20	-0.52	30.05	-0.03
0674	04	02.32208	02.32208	05.61	06.00	02.84	33.58	-0.04
0575	04	01.96920	01.97419	17.21	07.99	01.13	35.27	-0.03
0675	02	00.00000	00.00000	03.61	05.52	02.84	35.32	-0.04
0775	04	04.49925	04.50424	01.92	01.77	04.56	35.35	-0.05
