RAW	190607	100728	868008	02
GEOM1	00.00	00.00	0.000000	0.000000	0.000000	0.000000	00.00	00.00	00.00	00.00	1000000.00	-3
GEOM2	00.00	00.00	0.000000	0.000000	0.000000	0.000000	00.00	00.00	00.00	00.00	0000.000	0000.000	1000000.00	-3
LDF	15.593379	0.154717	47.884449	0.154554	0029217.2	0033846.4	00.55	02.68	-1
GLDF	00.00	21.95	0.000000	0.150000	0.000000	0.150000	00.00	52.04	00.00	01.41	0029217.2	0000001.4	00.55	1000000.00	-2
0772	04	00.69523	00.69523	05.46	04.08	04.71	30.23	-0.02
0673	04	00.00000	00.00000	10.89	19.70	02.92	31.83	-0.04
1073	01	09.32634	09.33133	02.62	00.65	09.86	32.00	-0.03
0573	01	02.11926	02.11926	01.42	01.32	01.13	31.81	-0.04
0672	02	02.98832	02.98832	05.69	03.99	02.92	30.12	-0.04
