RAW	190607	092624	678620	02
GEOM1	00.00	00.00	0.000000	0.000000	0.000000	0.000000	00.00	00.00	00.00	00.00	1000000.00	-3
GEOM2	00.00	00.00	0.000000	0.000000	0.000000	0.000000	00.00	00.00	00.00	00.00	0000.000	0000.000	1000000.00	-3
LDF	19.900047	0.163453	54.231984	0.151869	0382355.9	0287995.1	13.54	02.89	-1
GLDF	00.00	28.23	0.000000	0.150000	0.000000	0.150001	00.00	65.28	00.00	01.41	0382355.9	0000001.4	13.54	1000000.00	-2
0675	01	00.00000	00.00000	00.73	01.77	02.84	35.32	-0.04
0977	04	08.29469	08.29969	11.45	10.04	07.92	38.89	-0.09
0776	01	11.17947	11.18447	00.80	01.92	04.49	37.09	-0.04
0976	03	06.15515	06.16015	27.82	28.34	07.99	37.16	-0.09
0877	04	08.46572	08.47072	06.09	07.92	06.20	38.86	-0.05
1072	01	03.42767	03.43766	04.13	03.80	09.86	30.29	00.00
