RAW	190611	091438	405265	01
GEOM1	00.00	00.00	0.000000	0.000000	0.000000	0.000000	00.00	00.00	00.00	00.00	1000000.00	-4
GEOM2	00.00	00.00	0.000000	0.000000	0.000000	0.000000	00.00	00.00	00.00	00.00	0000.000	0000.000	1000000.00	-4
LDF	16.803490	0.133309	50.059600	0.129364	0000001.0	0144865.6	09.46	1000000.00	-3
GLDF	00.00	36.49	0.000000	0.150000	0.000000	0.150000	00.00	83.00	00.00	01.41	0000001.0	0000001.4	00.00	1000000.00	-4
0774	04	02.88585	02.88085	05.73	08.36	04.56	33.62	-0.05
0575	01	06.24336	06.23837	03.64	02.71	01.13	35.27	-0.03
0976	01	04.69623	04.69124	01.73	01.70	07.99	37.16	-0.09
0775	02	00.00000	00.00000	18.04	06.99	04.56	35.35	-0.05
0773	02	00.69768	00.68769	03.49	04.71	04.63	31.89	-0.04
0475	01	01.72841	01.72342	00.87	01.47	-0.66	35.24	-0.01
