RAW	190603	130836	790382	04
GEOM1	00.70	00.12	14.116355	0.149983	49.227375	0.150010	45.04	03.21	28.27	05.13	00.01	-1
GEOM2	00.69	00.15	14.116270	0.150000	49.227215	0.150006	45.46	04.12	28.10	06.84	0002.573	0003.315	00.00	-2
LDF	14.086161	0.121290	49.262243	0.099529	0010948.6	0003700.2	03.19	01.09	01
GLDF	00.68	00.08	14.076752	0.109264	49.269236	0.090506	44.86	02.58	28.58	04.14	0011223.4	0005435.8	02.97	01.58	02
0372	01	00.81637	00.81138	01.40	01.35	-2.24	30.01	-0.01
0574	04	00.58422	00.57923	05.52	04.80	01.13	33.54	-0.04
0674	04	01.65722	01.65223	06.71	04.78	02.84	33.58	-0.04
0573	04	00.00000	00.00000	04.30	04.66	01.13	31.81	-0.04
0672	04	01.04506	01.03507	01.68	01.40	02.92	30.12	-0.04
