RAW	190612	193949	834405	02
GEOM1	00.00	00.00	0.000000	0.000000	0.000000	0.000000	00.00	00.00	00.00	00.00	1000000.00	-3
GEOM2	00.00	00.00	0.000000	0.000000	0.000000	0.000000	00.00	00.00	00.00	00.00	0000.000	0000.000	1000000.00	-3
LDF	16.839698	0.149902	49.198688	0.070154	0054507.4	0021735.5	01.59	00.00	-1
GLDF	00.00	27.26	0.000000	0.150000	0.000000	0.150001	00.00	66.27	00.00	01.41	0054507.4	0000001.4	01.59	1000000.00	-2
0772	02	08.81585	08.81585	12.80	10.18	04.71	30.23	-0.02
0774	04	07.44062	07.44062	06.58	04.39	04.56	33.62	-0.05
0776	01	07.70507	07.70507	01.61	01.50	04.49	37.09	-0.04
0976	01	00.00000	00.00000	01.81	01.75	07.99	37.16	-0.09
0773	04	05.87362	05.87362	03.12	07.57	04.63	31.89	-0.04
0475	01	10.92486	10.92986	01.39	01.30	-0.66	35.24	-0.01
