RAW	190606	220753	921329	02
GEOM1	00.00	00.00	0.000000	0.000000	0.000000	0.000000	00.00	00.00	00.00	00.00	1000000.00	-3
GEOM2	00.00	00.00	0.000000	0.000000	0.000000	0.000000	00.00	00.00	00.00	00.00	0000.000	0000.000	1000000.00	-3
LDF	10.836464	0.083398	46.466975	0.150149	0034468.1	0017439.6	00.81	00.08	-1
GLDF	00.00	27.09	0.000000	0.150000	0.000000	0.150001	00.00	80.32	00.00	01.41	0034468.1	0000001.4	00.81	1000000.00	-2
0372	04	02.82264	02.82264	03.43	04.33	-2.24	30.01	-0.01
0472	04	04.20284	04.20284	03.21	03.48	-0.52	30.05	-0.03
0977	01	00.00000	00.00000	00.98	00.91	07.92	38.89	-0.09
0676	01	00.33348	00.33348	00.72	01.08	02.77	37.09	-0.03
0572	02	02.25926	02.25926	07.56	07.46	01.20	30.14	-0.04
