RAW	190626	032206	041683	02
GEOM1	00.00	00.00	0.000000	0.000000	0.000000	0.000000	00.00	00.00	00.00	00.00	1000000.00	-3
GEOM2	00.00	00.00	0.000000	0.000000	0.000000	0.000000	00.00	00.00	00.00	00.00	0000.000	0000.000	1000000.00	-3
LDF	14.519269	0.121153	48.873280	0.118001	0547321.3	0193992.0	20.06	00.02	-1
GLDF	00.00	22.93	0.000000	0.150000	0.000000	0.150000	00.00	59.47	00.00	01.41	0547321.3	0000001.4	20.06	1000000.00	-2
0673	03	03.50958	03.50958	07.66	08.23	02.92	31.83	-0.04
0674	04	02.20101	02.19602	09.72	08.48	02.84	33.58	-0.04
0575	01	00.00000	00.00000	01.23	00.84	01.13	35.27	-0.03
0873	01	01.25872	01.25372	01.21	01.11	06.42	31.99	-0.03
0573	04	00.42429	00.41930	11.73	05.62	01.13	31.81	-0.04
