RAW	190612	002846	945467	02
GEOM1	00.00	00.00	0.000000	0.000000	0.000000	0.000000	00.00	00.00	00.00	00.00	1000000.00	-3
GEOM2	00.00	00.00	0.000000	0.000000	0.000000	0.000000	00.00	00.00	00.00	00.00	0000.000	0000.000	1000000.00	-3
LDF	14.310130	0.059226	48.263534	0.150674	0111789.3	0035597.8	02.78	00.40	-1
GLDF	00.00	21.67	0.000000	0.150000	0.000000	0.150000	00.00	55.73	00.00	01.41	0111789.3	0000001.4	02.78	1000000.00	-2
0576	01	03.96576	03.97076	00.89	02.33	01.05	37.01	-0.02
0673	04	00.00000	00.00000	13.12	09.78	02.92	31.83	-0.04
0674	01	04.95251	04.95751	00.76	01.38	02.84	33.58	-0.04
0575	01	05.20985	05.21485	01.29	00.59	01.13	35.27	-0.03
0573	04	00.79733	00.79733	03.91	13.08	01.13	31.81	-0.04
0773	02	02.19583	02.20083	08.32	05.96	04.63	31.89	-0.04
