RAW	190609	095356	166174	02
GEOM1	00.00	00.00	0.000000	0.000000	0.000000	0.000000	00.00	00.00	00.00	00.00	1000000.00	-3
GEOM2	00.00	00.00	0.000000	0.000000	0.000000	0.000000	00.00	00.00	00.00	00.00	0000.000	0000.000	1000000.00	-3
LDF	10.819402	0.087546	46.466612	0.150430	0033453.0	0017972.7	00.76	00.18	-1
GLDF	00.00	27.11	0.000000	0.150000	0.000000	0.150001	00.00	92.42	00.00	01.41	0033453.0	0000001.4	00.76	1000000.00	-2
0372	04	07.19757	07.19757	03.37	04.67	-2.24	30.01	-0.01
0472	04	07.50877	07.50877	03.34	03.04	-0.52	30.05	-0.03
0876	01	00.00000	00.00000	02.45	04.28	06.27	37.12	-0.05
0972	01	02.04303	02.04303	05.24	01.46	08.14	30.22	00.02
0473	02	04.65423	04.65423	04.13	04.95	-0.52	31.76	-0.03
