RAW	190619	083308	769370	02
GEOM1	00.00	00.00	0.000000	0.000000	0.000000	0.000000	00.00	00.00	00.00	00.00	1000000.00	-3
GEOM2	00.00	00.00	0.000000	0.000000	0.000000	0.000000	00.00	00.00	00.00	00.00	0000.000	0000.000	1000000.00	-3
LDF	11.710148	0.111768	46.496781	0.149955	0927654.5	0435194.1	35.74	00.00	-1
GLDF	06.91	00.33	15.127501	0.054324	46.501752	0.168732	00.63	02.41	190.53	86.81	-379315.9	0391024.6	  nan	1000000.00	-2
0372	04	05.74368	05.74368	04.57	03.43	-2.24	30.01	-0.01
0472	03	07.03648	07.03648	12.53	09.98	-0.52	30.05	-0.03
0777	01	00.40140	00.40140	00.86	01.11	04.48	38.84	-0.02
0977	01	01.71582	01.72081	01.66	01.24	07.92	38.89	-0.09
0776	01	00.00000	00.00000	01.70	02.13	04.49	37.09	-0.04
0975	01	13.57047	13.57547	07.55	04.33	07.99	35.38	-0.08
0572	04	07.92331	07.92331	03.82	03.76	01.20	30.14	-0.04
