RAW	190613	021239	943359	03
GEOM1	01.01	00.14	17.426279	0.149811	48.779574	0.149192	62.24	03.17	26.14	02.44	00.00	-2
GEOM2	01.03	03.11	17.426279	0.150979	48.779573	0.150055	65.14	343.61	27.51	158.02	0000.248	0147.058	00.00	-3
LDF	17.459592	0.165655	48.831645	0.172713	0000116.2	0000079.6	01.24	05.48	00
GLDF	01.08	00.14	17.473391	0.178510	48.870792	0.195314	63.15	02.94	26.38	01.93	0000102.4	0000102.3	01.72	07.93	00
0774	04	01.09714	01.10214	06.19	04.75	04.56	33.62	-0.05
0472	01	07.87715	07.87715	00.76	00.76	-0.52	30.05	-0.03
0873	04	01.90265	01.90265	08.69	05.69	06.42	31.99	-0.03
0775	01	00.00000	00.00000	01.06	01.46	04.56	35.35	-0.05
0773	04	00.42139	00.41639	11.83	08.17	04.63	31.89	-0.04
