RAW	190605	133111	192647	03
GEOM1	07.42	00.13	15.572211	0.150019	49.892686	0.149979	46.63	03.89	231.10	05.37	00.00	-2
GEOM2	07.48	00.88	15.572233	0.149386	49.892735	0.149172	46.88	07.01	229.78	19.89	0001.091	0019.716	00.00	-3
LDF	15.478228	0.148621	49.888998	0.160967	0019723.3	0012556.2	08.63	02.93	00
GLDF	07.47	00.12	15.447006	0.145571	49.886720	0.161391	46.86	03.30	232.00	04.38	0021145.7	0017115.8	09.59	04.05	00
0772	02	15.34952	15.34952	00.54	04.75	04.71	30.23	-0.02
0774	04	06.88355	06.87855	04.32	03.55	04.56	33.62	-0.05
0472	01	00.00000	00.00000	01.91	01.14	-0.52	30.05	-0.03
0673	04	08.63667	08.63667	04.54	07.47	02.92	31.83	-0.04
0674	02	09.27219	09.27219	06.04	05.83	02.84	33.58	-0.04
0675	04	06.76375	06.76875	07.14	02.57	02.84	35.32	-0.04
1076	01	13.18987	13.18487	00.74	01.28	09.70	37.20	-0.12
