RAW	190622	121250	370703	02
GEOM1	00.00	00.00	0.000000	0.000000	0.000000	0.000000	00.00	00.00	00.00	00.00	1000000.00	-3
GEOM2	00.00	00.00	0.000000	0.000000	0.000000	0.000000	00.00	00.00	00.00	00.00	0000.000	0000.000	1000000.00	-3
LDF	12.289616	0.185266	47.774907	0.152244	0052279.0	0058646.7	01.53	01.28	-1
GLDF	04.21	00.14	12.110885	0.155004	48.210949	0.150622	70.39	03.06	78.90	01.54	0000007.5	0000013.3	03.48	00.00	-2
0472	03	02.13720	02.13221	03.42	02.22	-0.52	30.05	-0.03
0674	01	00.00000	00.00000	00.63	00.70	02.84	33.58	-0.04
0573	04	04.53647	04.53647	03.88	03.28	01.13	31.81	-0.04
0473	04	04.13793	04.13793	13.57	09.81	-0.52	31.76	-0.03
0572	03	01.86343	01.86343	02.83	01.50	01.20	30.14	-0.04
