RAW	190618	115349	450002	02
GEOM1	00.00	00.00	0.000000	0.000000	0.000000	0.000000	00.00	00.00	00.00	00.00	1000000.00	-3
GEOM2	00.00	00.00	0.000000	0.000000	0.000000	0.000000	00.00	00.00	00.00	00.00	0000.000	0000.000	1000000.00	-3
LDF	14.050988	0.095142	53.487450	0.152694	0051851.7	0030034.1	01.52	01.19	-1
GLDF	00.00	28.36	0.000000	0.150000	0.000000	0.150001	00.00	84.24	00.00	01.41	0051851.7	0000001.4	01.52	1000000.00	-2
0576	04	08.83807	08.83807	09.33	07.55	01.05	37.01	-0.02
0878	01	13.94636	13.94636	01.33	00.93	06.34	40.13	-0.02
0776	02	05.63528	05.63528	11.13	05.93	04.49	37.09	-0.04
0976	01	00.00000	00.00000	00.45	01.13	07.99	37.16	-0.09
0676	04	08.60924	08.60924	05.57	03.86	02.77	37.09	-0.03
