RAW	190602	021441	989285	03
GEOM1	02.07	00.13	16.050051	0.150000	48.784761	0.149969	57.07	03.62	90.35	01.98	00.00	-2
GEOM2	02.08	00.51	16.050051	0.149767	48.784761	0.146453	57.54	06.31	90.33	05.37	0001.322	0024.728	00.00	-3
LDF	15.964247	0.077007	48.807010	0.145613	0002375.3	0000669.2	15.41	00.90	00
GLDF	02.10	00.12	15.955790	0.067674	48.818386	0.143403	57.33	03.20	90.60	01.64	0002253.1	0001817.4	14.74	01.18	00
0774	04	03.20679	03.20679	07.28	06.44	04.56	33.62	-0.05
0673	04	01.69354	01.69354	15.28	07.82	02.92	31.83	-0.04
0977	01	09.03931	09.03931	01.88	01.25	07.92	38.89	-0.09
0773	04	01.73788	01.74287	04.97	07.44	04.63	31.89	-0.04
0872	01	00.00000	00.00000	01.14	01.33	06.35	30.23	00.01
0872	01	00.86443	00.86443	01.11	00.84	06.35	30.23	00.01
0572	02	04.23181	04.23181	01.52	01.32	01.20	30.14	-0.04
