RAW	190618	075059	207807	02
GEOM1	00.00	00.00	0.000000	0.000000	0.000000	0.000000	00.00	00.00	00.00	00.00	1000000.00	-3
GEOM2	00.00	00.00	0.000000	0.000000	0.000000	0.000000	00.00	00.00	00.00	00.00	0000.000	0000.000	1000000.00	-3
LDF	16.911663	0.150052	47.523486	0.067488	0048022.8	0018884.0	01.39	00.07	-1
GLDF	00.00	25.50	0.000000	0.150000	0.000000	0.150001	00.00	68.35	00.00	01.41	0048022.8	0000001.4	01.39	1000000.00	-2
0772	04	08.73741	08.74240	04.37	06.45	04.71	30.23	-0.02
0574	01	09.79273	09.79273	00.74	02.14	01.13	33.54	-0.04
0873	02	05.85755	05.86255	03.55	03.73	06.42	31.99	-0.03
0773	04	09.12837	09.13337	07.25	05.24	04.63	31.89	-0.04
0475	01	00.00000	00.00000	00.83	01.69	-0.66	35.24	-0.01
0572	01	00.54396	00.54896	01.49	01.39	01.20	30.14	-0.04
