RAW	190620	034437	662531	03
GEOM1	00.63	00.09	14.066152	0.149965	49.600062	0.150005	29.10	05.40	122.15	13.48	00.00	-2
GEOM2	00.69	00.40	14.066163	0.149287	49.600040	0.148429	26.81	16.17	118.94	22.82	0000.880	0019.173	00.00	-3
LDF	14.128352	0.068496	49.532313	0.173930	0077238.7	0037025.9	04.43	03.00	00
GLDF	00.56	00.09	14.133971	0.057504	49.485724	0.189493	29.20	04.13	120.95	10.68	0086302.9	0050128.3	05.29	04.21	00
0574	04	01.03043	01.03543	21.21	18.58	01.13	33.54	-0.04
0574	01	07.19624	07.19624	01.29	01.15	01.13	33.54	-0.04
0673	04	00.00000	00.00000	08.54	06.49	02.92	31.83	-0.04
0674	04	00.69717	00.70217	04.72	06.33	02.84	33.58	-0.04
0872	01	02.81121	02.81121	02.28	00.96	06.35	30.23	00.01
