RAW	190625	132507	078250	02
GEOM1	00.00	00.00	0.000000	0.000000	0.000000	0.000000	00.00	00.00	00.00	00.00	1000000.00	-3
GEOM2	00.00	00.00	0.000000	0.000000	0.000000	0.000000	00.00	00.00	00.00	00.00	0000.000	0000.000	1000000.00	-3
LDF	15.674352	0.133247	47.186028	0.131506	0227064.3	0126537.8	07.05	00.20	-1
GLDF	01.68	00.15	15.962297	0.132890	47.544043	0.131110	52.84	27.47	217.88	05.06	0005705.6	0029964.8	09.42	1000000.00	-2
0772	04	01.60022	01.60022	03.05	03.80	04.71	30.23	-0.02
0673	04	01.91584	01.92084	03.92	05.43	02.92	31.83	-0.04
0874	01	02.23999	02.23999	01.25	01.37	06.35	33.66	-0.06
0672	03	00.00000	00.00000	05.02	04.25	02.92	30.12	-0.04
0475	01	04.45315	04.45315	02.27	02.32	-0.66	35.24	-0.01
