RAW	190610	064519	655383	02
GEOM1	00.00	00.00	0.000000	0.000000	0.000000	0.000000	00.00	00.00	00.00	00.00	1000000.00	-3
GEOM2	00.00	00.00	0.000000	0.000000	0.000000	0.000000	00.00	00.00	00.00	00.00	0000.000	0000.000	1000000.00	-3
LDF	18.156444	0.149962	50.088729	0.150000	0305469.4	0255113.8	10.58	00.00	-2
GLDF	00.00	25.36	0.000000	0.150000	0.000000	0.150000	00.00	58.16	00.00	01.41	0305469.4	0000001.4	10.58	1000000.00	-2
0774	04	04.81830	04.81830	04.41	03.59	04.56	33.62	-0.05
0673	02	00.00000	00.00000	01.46	02.19	02.92	31.83	-0.04
0575	01	11.74878	11.73878	00.29	01.36	01.13	35.27	-0.03
0873	02	07.65577	07.65577	11.30	08.46	06.42	31.99	-0.03
0874	04	04.20870	04.20870	13.96	10.92	06.35	33.66	-0.06
