RAW	190601	093515	832695	03
GEOM1	05.36	00.13	17.575894	0.150002	48.307590	0.150001	30.96	07.50	349.04	12.51	00.00	-2
GEOM2	05.54	01.09	17.575899	0.149567	48.307589	0.149771	25.13	33.15	347.51	15.03	0000.834	0018.329	00.00	-3
LDF	17.537319	0.161341	48.296713	0.158412	0040825.0	0035722.8	02.22	03.25	00
GLDF	05.32	00.13	17.504258	0.176857	48.284650	0.167321	29.83	07.06	347.63	11.24	0053359.5	0066158.2	02.88	04.73	00
0772	04	05.50606	05.50606	03.67	03.66	04.71	30.23	-0.02
0774	04	05.17593	05.17593	01.98	04.24	04.56	33.62	-0.05
0873	04	06.03110	06.03610	04.60	04.03	06.42	31.99	-0.03
0974	01	00.00000	00.00000	01.86	00.89	08.06	33.70	-0.06
0573	01	07.38234	07.38234	03.80	02.98	01.13	31.81	-0.04
0474	01	07.37015	07.37015	00.85	01.27	-0.59	33.51	-0.01
0773	02	08.68552	08.68052	05.48	07.15	04.63	31.89	-0.04
