RAW	190619	000607	673730	03
GEOM1	00.61	00.12	12.945737	0.150001	47.412430	0.150012	53.12	05.09	19.62	02.55	00.00	-2
GEOM2	00.63	00.54	12.945664	0.147264	47.412398	0.149373	52.43	24.82	19.84	07.63	0001.139	0018.938	00.00	-3
LDF	12.960245	0.150510	47.284169	0.095486	0002664.5	0001111.8	03.33	02.69	00
GLDF	00.58	00.13	12.954121	0.152897	47.268549	0.078212	52.55	05.16	18.51	02.08	0003075.5	0003117.3	03.66	03.46	00
0876	01	00.10959	00.10959	01.86	02.03	06.27	37.12	-0.05
0877	01	04.72162	04.72162	01.70	00.68	06.20	38.86	-0.05
1073	01	04.37597	04.37098	05.16	04.39	09.86	32.00	-0.03
0573	04	01.22133	01.22133	03.35	03.62	01.13	31.81	-0.04
0473	04	00.00000	00.00000	04.48	04.09	-0.52	31.76	-0.03
0773	01	03.66455	03.65956	01.23	03.50	04.63	31.89	-0.04
0572	04	00.82211	00.82211	08.48	06.61	01.20	30.14	-0.04
