RAW	190620	101048	295668	02
GEOM1	00.00	00.00	0.000000	0.000000	0.000000	0.000000	00.00	00.00	00.00	00.00	1000000.00	-3
GEOM2	00.00	00.00	0.000000	0.000000	0.000000	0.000000	00.00	00.00	00.00	00.00	0000.000	0000.000	1000000.00	-3
LDF	19.451444	0.121795	55.885494	0.133888	0099010.5	0053367.6	02.49	00.91	-1
GLDF	00.00	32.08	0.000000	0.150000	0.000000	0.150000	00.00	60.68	00.00	01.41	0099010.5	0000001.4	02.49	1000000.00	-2
0575	01	03.86551	03.86551	01.61	02.34	01.13	35.27	-0.03
0977	04	03.35372	03.35372	08.31	06.49	07.92	38.89	-0.09
0978	02	00.51750	00.51750	05.54	05.17	07.91	40.63	-0.05
0878	04	02.69563	02.69563	05.67	03.84	06.34	40.13	-0.02
1075	01	00.00000	00.00000	02.22	01.50	09.78	35.47	-0.10
