RAW	190605	154243	890474	02
GEOM1	00.00	00.00	0.000000	0.000000	0.000000	0.000000	00.00	00.00	00.00	00.00	1000000.00	-3
GEOM2	00.00	00.00	0.000000	0.000000	0.000000	0.000000	00.00	00.00	00.00	00.00	0000.000	0000.000	1000000.00	-3
LDF	13.860719	0.150069	49.129915	0.085467	0107669.6	0055565.4	02.68	00.72	-1
GLDF	00.00	25.77	0.000000	0.150000	0.000000	0.150000	00.00	67.39	00.00	01.41	0107669.6	0000001.4	02.68	1000000.00	-2
0574	04	02.10512	02.10512	05.45	09.18	01.13	33.54	-0.04
0673	03	00.64402	00.63903	04.52	04.57	02.92	31.83	-0.04
0775	01	08.22075	08.22075	02.40	03.02	04.56	35.35	-0.05
0573	04	02.69634	02.69634	04.31	05.05	01.13	31.81	-0.04
0475	01	00.00000	00.00000	00.83	01.21	-0.66	35.24	-0.01
