RAW	190615	095152	904482	03
GEOM1	05.53	00.11	12.920953	0.149998	47.319213	0.149992	43.19	05.41	353.55	04.64	00.00	-2
GEOM2	05.57	00.63	12.920960	0.148318	47.319213	0.149732	42.01	21.50	353.45	05.99	0001.155	0020.532	00.00	-3
LDF	12.894285	0.155791	47.436418	0.090359	0011941.1	0005496.2	02.32	02.26	00
GLDF	05.49	00.12	12.876298	0.160431	47.446829	0.072566	42.51	05.30	355.49	04.00	0013641.9	0010305.3	02.51	02.85	00
0472	04	04.91396	04.91396	04.40	03.73	-0.52	30.05	-0.03
0978	01	05.45929	05.45929	02.03	02.22	07.91	40.63	-0.05
1075	01	00.00000	00.00000	02.39	02.04	09.78	35.47	-0.10
0573	04	05.85500	05.85500	06.08	07.01	01.13	31.81	-0.04
0573	02	08.57315	08.57315	02.16	01.80	01.13	31.81	-0.04
0473	02	03.30852	03.30852	36.97	30.03	-0.52	31.76	-0.03
0572	04	06.02915	06.02915	03.07	04.30	01.20	30.14	-0.04
