RAW	190619	092953	065466	02
GEOM1	00.00	00.00	0.000000	0.000000	0.000000	0.000000	00.00	00.00	00.00	00.00	1000000.00	-3
GEOM2	00.00	00.00	0.000000	0.000000	0.000000	0.000000	00.00	00.00	00.00	00.00	0000.000	0000.000	1000000.00	-3
LDF	15.964535	0.102489	46.610905	0.151365	0044022.4	0027317.3	01.25	00.63	-1
GLDF	00.00	26.84	0.000000	0.150000	0.000000	0.150000	00.00	59.90	00.00	01.41	0044022.4	0000001.4	01.25	1000000.00	-2
0772	04	01.77734	01.77734	03.05	03.94	04.71	30.23	-0.02
0372	01	06.85648	06.85148	02.22	02.90	-2.24	30.01	-0.01
0877	01	06.29864	06.29864	01.97	03.97	06.20	38.86	-0.05
0872	02	00.00000	00.00000	07.47	07.47	06.35	30.23	00.01
0672	04	02.98314	02.98314	05.76	04.86	02.92	30.12	-0.04
