RAW	190601	205209	273969	02
GEOM1	00.00	00.00	0.000000	0.000000	0.000000	0.000000	00.00	00.00	00.00	00.00	1000000.00	-3
GEOM2	00.00	00.00	0.000000	0.000000	0.000000	0.000000	00.00	00.00	00.00	00.00	0000.000	0000.000	1000000.00	-3
LDF	18.051484	0.136031	54.627941	0.126849	0436422.2	0217213.6	15.65	00.65	-1
GLDF	00.00	28.26	0.000000	0.150000	0.000000	0.150000	00.00	63.53	00.00	01.41	0436422.2	0000001.4	15.65	1000000.00	-2
0472	01	00.00000	00.00000	03.79	00.91	-0.52	30.05	-0.03
0777	04	06.17668	06.17168	05.50	04.97	04.48	38.84	-0.02
0876	04	04.16141	04.15641	11.02	09.93	06.27	37.12	-0.05
1075	01	06.29386	06.28886	01.11	01.00	09.78	35.47	-0.10
0877	03	06.58654	06.58155	10.70	07.43	06.20	38.86	-0.05
