RAW	190627	235345	533401	02
GEOM1	00.00	00.00	0.000000	0.000000	0.000000	0.000000	00.00	00.00	00.00	00.00	1000000.00	-3
GEOM2	00.00	00.00	0.000000	0.000000	0.000000	0.000000	00.00	00.00	00.00	00.00	0000.000	0000.000	1000000.00	-3
LDF	11.811602	0.113189	46.504861	0.150101	1050487.9	0484316.6	40.96	00.12	-1
GLDF	00.00	25.42	0.000000	0.150000	0.000000	0.150001	00.00	82.98	00.00	01.41	1050487.9	0000001.4	40.96	1000000.00	-2
0372	04	06.81346	06.81346	03.79	04.28	-2.24	30.01	-0.01
0472	03	07.35735	07.35735	09.81	04.59	-0.52	30.05	-0.03
0574	01	00.78584	00.78584	01.43	01.97	01.13	33.54	-0.04
0474	01	00.00000	00.00000	02.58	01.85	-0.59	33.51	-0.01
0572	04	06.67586	06.67586	05.25	05.17	01.20	30.14	-0.04
