RAW	190623	053839	663581	02
GEOM1	00.00	00.00	0.000000	0.000000	0.000000	0.000000	00.00	00.00	00.00	00.00	1000000.00	-3
GEOM2	00.00	00.00	0.000000	0.000000	0.000000	0.000000	00.00	00.00	00.00	00.00	0000.000	0000.000	1000000.00	-3
LDF	19.532708	0.176925	53.582156	0.153658	0030291.1	0036013.0	00.60	01.32	-1
GLDF	01.64	 -nan	19.636592	  -nan	54.213881	  -nan	89.54	 -nan	179.59	 -nan	-6901968111.5	      nan	  nan	1000000.00	-2
0772	01	00.00000	00.00000	01.40	01.03	04.71	30.23	-0.02
0674	01	07.00474	07.00474	01.03	01.95	02.84	33.58	-0.04
0777	02	05.09938	05.09438	01.67	04.62	04.48	38.84	-0.02
0876	04	02.03182	02.03682	03.90	03.02	06.27	37.12	-0.05
1076	02	00.27788	00.27788	07.19	09.97	09.70	37.20	-0.12
0976	04	02.83641	02.84141	08.34	05.10	07.99	37.16	-0.09
