RAW	190604	064402	050578	02
GEOM1	00.00	00.00	0.000000	0.000000	0.000000	0.000000	00.00	00.00	00.00	00.00	1000000.00	-3
GEOM2	00.00	00.00	0.000000	0.000000	0.000000	0.000000	00.00	00.00	00.00	00.00	0000.000	0000.000	1000000.00	-3
LDF	12.594653	0.076012	46.532754	0.149868	0042713.0	0018989.1	01.19	00.01	-1
GLDF	00.00	25.95	0.000000	0.150000	0.000000	0.150000	00.00	69.99	00.00	01.41	0042713.0	0000001.4	01.19	1000000.00	-2
0772	01	00.00000	00.00000	02.78	03.02	04.71	30.23	-0.02
0372	02	04.64778	04.64278	05.65	03.44	-2.24	30.01	-0.01
0472	04	02.02665	02.02165	05.57	02.92	-0.52	30.05	-0.03
0874	01	08.96394	08.95894	00.81	02.96	06.35	33.66	-0.06
1075	01	08.96773	08.96273	01.11	00.88	09.78	35.47	-0.10
1075	01	10.27185	10.26685	03.39	01.00	09.78	35.47	-0.10
0877	01	06.10900	06.10401	00.98	01.47	06.20	38.86	-0.05
0572	04	03.50515	03.49516	04.86	04.17	01.20	30.14	-0.04
