RAW	190626	152427	258931	02
GEOM1	00.00	00.00	0.000000	0.000000	0.000000	0.000000	00.00	00.00	00.00	00.00	1000000.00	-3
GEOM2	00.00	00.00	0.000000	0.000000	0.000000	0.000000	00.00	00.00	00.00	00.00	0000.000	0000.000	1000000.00	-3
LDF	19.307124	0.163995	49.390173	0.163942	0163533.1	0151255.2	04.34	01.50	-1
GLDF	00.00	27.50	0.000000	0.150000	0.000000	0.150000	00.00	54.54	00.00	01.41	0163533.1	0000001.4	04.34	1000000.00	-2
0873	02	00.00000	00.00000	03.93	04.29	06.42	31.99	-0.03
0973	04	03.24377	03.24377	04.49	04.27	08.07	31.96	-0.03
0874	04	02.49577	02.50076	09.99	04.81	06.35	33.66	-0.06
0676	01	08.62954	08.62954	01.54	01.94	02.77	37.09	-0.03
0672	01	08.21659	08.21659	00.91	00.61	02.92	30.12	-0.04
