RAW	190617	042755	285303	03
GEOM1	04.31	00.11	12.967353	0.150047	46.877728	0.149956	41.29	04.77	51.18	05.85	00.00	-2
GEOM2	04.36	00.33	12.967310	0.147867	46.877682	0.146125	42.39	06.05	55.13	27.90	0000.778	0015.739	00.00	-3
LDF	12.830259	0.105498	46.970918	0.130689	0014314.3	0006697.3	02.36	01.77	00
GLDF	04.31	00.09	12.817783	0.095333	46.981510	0.109321	42.04	03.10	53.19	03.88	0014174.1	0007438.8	02.50	01.91	00
0472	04	03.70675	03.70675	04.96	05.66	-0.52	30.05	-0.03
0576	01	11.67765	11.67765	00.95	01.55	01.05	37.01	-0.02
0575	01	05.93886	05.93886	00.87	01.70	01.13	35.27	-0.03
0573	04	05.32568	05.32568	03.04	04.62	01.13	31.81	-0.04
0773	01	00.00000	00.00000	01.05	01.07	04.63	31.89	-0.04
0572	04	04.40663	04.40663	13.86	07.43	01.20	30.14	-0.04
