RAW	190614	161900	141831	02
GEOM1	00.00	00.00	0.000000	0.000000	0.000000	0.000000	00.00	00.00	00.00	00.00	1000000.00	-3
GEOM2	00.00	00.00	0.000000	0.000000	0.000000	0.000000	00.00	00.00	00.00	00.00	0000.000	0000.000	1000000.00	-3
LDF	20.328295	0.150000	48.675922	0.150067	1667143.3	0991884.2	67.91	00.00	-2
GLDF	00.00	21.43	0.000000	0.150000	0.000000	0.150000	00.00	43.45	00.00	01.41	1667143.3	0000001.4	67.91	1000000.00	-2
0574	01	03.52512	03.52013	02.15	03.12	01.13	33.54	-0.04
0973	04	00.47775	00.47775	09.11	15.48	08.07	31.96	-0.03
0974	04	00.16944	00.16944	08.82	21.61	08.06	33.70	-0.06
0975	01	00.55595	00.55595	01.11	00.56	07.99	35.38	-0.08
0972	03	00.00000	00.00000	09.27	09.36	08.14	30.22	00.02
