RAW	190623	001049	731244	02
GEOM1	00.00	00.00	0.000000	0.000000	0.000000	0.000000	00.00	00.00	00.00	00.00	1000000.00	-3
GEOM2	00.00	00.00	0.000000	0.000000	0.000000	0.000000	00.00	00.00	00.00	00.00	0000.000	0000.000	1000000.00	-3
LDF	19.741787	0.175268	52.864856	0.151954	0073608.8	0073628.8	02.01	01.97	-1
GLDF	00.00	31.47	0.000000	0.150000	0.000000	0.150000	00.00	59.18	00.00	01.41	0073608.8	0000001.4	02.01	1000000.00	-2
0674	01	11.27378	11.26878	00.95	01.05	02.84	33.58	-0.04
0876	04	03.41656	03.41656	04.94	04.18	06.27	37.12	-0.05
0976	04	02.30961	02.30961	06.94	05.34	07.99	37.16	-0.09
0975	02	00.00000	00.00000	01.88	02.23	07.99	35.38	-0.08
0975	03	05.44134	05.44134	08.98	04.98	07.99	35.38	-0.08
