RAW	190605	164955	454975	02
GEOM1	00.00	00.00	0.000000	0.000000	0.000000	0.000000	00.00	00.00	00.00	00.00	1000000.00	-3
GEOM2	00.00	00.00	0.000000	0.000000	0.000000	0.000000	00.00	00.00	00.00	00.00	0003.092	0018.092	1000000.00	-3
LDF	15.690797	0.118202	47.054473	0.123930	0604949.6	0233622.7	22.38	00.26	-1
GLDF	01.87	1290550.76	17.284779	1290550.764444	49.074386	1290550.764444	27.41	1290550.76	257.59	1290550.76	7082657.3	0000001.0	622.95	1000000.00	-2
0772	04	04.10571	04.11071	14.34	05.50	04.71	30.23	-0.02
0673	04	02.63853	02.63853	09.96	05.87	02.92	31.83	-0.04
0878	01	00.00000	00.00000	00.89	01.67	06.34	40.13	-0.02
0874	01	06.16439	06.16939	00.57	01.17	06.35	33.66	-0.06
1073	01	12.06780	12.07280	01.21	01.33	09.86	32.00	-0.03
1072	01	06.53331	06.54331	00.86	00.60	09.86	30.29	00.00
0672	03	05.73649	05.74148	07.88	06.01	02.92	30.12	-0.04
0572	03	04.75335	04.75835	04.27	00.99	01.20	30.14	-0.04
