RAW	190619	071529	647960	02
GEOM1	00.00	00.00	0.000000	0.000000	0.000000	0.000000	00.00	00.00	00.00	00.00	1000000.00	-3
GEOM2	00.00	00.00	0.000000	0.000000	0.000000	0.000000	00.00	00.00	00.00	00.00	0000.000	0000.000	1000000.00	-3
LDF	17.491206	0.172343	49.458449	0.167935	0098360.1	0106095.0	02.48	01.70	-1
GLDF	00.00	27.62	0.000000	0.150000	0.000000	0.150000	00.00	61.41	00.00	01.41	0098360.1	0000001.4	02.48	1000000.00	-2
0774	04	05.00463	05.00463	03.82	10.61	04.56	33.62	-0.05
0675	02	01.98937	01.99437	02.79	03.24	02.84	35.32	-0.04
0878	01	00.00000	00.00000	00.80	00.88	06.34	40.13	-0.02
0873	04	04.71426	04.70926	03.70	03.95	06.42	31.99	-0.03
0874	02	03.01103	03.01603	05.10	06.27	06.35	33.66	-0.06
0474	01	03.92789	03.92789	02.00	01.74	-0.59	33.51	-0.01
