RAW	190622	154010	029299	02
GEOM1	00.00	00.00	0.000000	0.000000	0.000000	0.000000	00.00	00.00	00.00	00.00	1000000.00	-3
GEOM2	00.00	00.00	0.000000	0.000000	0.000000	0.000000	00.00	00.00	00.00	00.00	0000.000	0000.000	1000000.00	-3
LDF	11.687318	0.150480	49.115378	0.067114	0072950.1	0027305.5	02.00	00.28	-1
GLDF	00.59	00.14	11.684265	0.160325	49.187354	0.161788	69.79	17.55	304.86	10.14	0000008.2	0000073.4	02.36	00.00	-2
0674	01	07.15042	07.15542	03.45	01.52	02.84	33.58	-0.04
0975	01	00.84983	00.85482	01.49	00.53	07.99	35.38	-0.08
0474	04	00.00000	00.00000	09.08	07.09	-0.59	33.51	-0.01
0473	04	01.39355	01.39854	07.26	05.15	-0.52	31.76	-0.03
0475	02	01.76576	01.76077	11.36	07.76	-0.66	35.24	-0.01
