RAW	190613	072035	940806	02
GEOM1	00.00	00.00	0.000000	0.000000	0.000000	0.000000	00.00	00.00	00.00	00.00	1000000.00	-3
GEOM2	00.00	00.00	0.000000	0.000000	0.000000	0.000000	00.00	00.00	00.00	00.00	0000.000	0000.000	1000000.00	-3
LDF	11.621533	0.151977	50.719374	0.093573	0048364.2	0027374.4	01.40	00.87	-1
GLDF	00.00	26.98	0.000000	0.150000	0.000000	0.150000	00.00	76.28	00.00	01.41	0048364.2	0000001.4	01.40	1000000.00	-2
0472	02	00.00000	00.00000	01.64	01.80	-0.52	30.05	-0.03
0876	01	02.35536	02.35536	01.32	02.22	06.27	37.12	-0.05
0474	04	02.52116	02.52116	03.72	10.40	-0.59	33.51	-0.01
0473	02	04.32336	04.32336	05.33	05.02	-0.52	31.76	-0.03
0475	04	02.27012	02.27012	05.10	03.49	-0.66	35.24	-0.01
