RAW	190627	094539	349516	02
GEOM1	00.00	00.00	0.000000	0.000000	0.000000	0.000000	00.00	00.00	00.00	00.00	1000000.00	-3
GEOM2	00.00	00.00	0.000000	0.000000	0.000000	0.000000	00.00	00.00	00.00	00.00	0000.000	0000.000	1000000.00	-3
LDF	12.407691	0.186456	46.522686	0.156734	0053305.6	0064830.3	01.56	02.56	-1
GLDF	00.00	20.87	0.000000	0.150000	0.000000	0.150001	00.00	72.67	00.00	01.41	0053305.6	0000001.4	01.56	1000000.00	-2
0372	02	04.04688	04.04189	06.79	20.56	-2.24	30.01	-0.01
0472	04	06.57148	06.56648	15.74	10.75	-0.52	30.05	-0.03
0673	01	09.92578	09.91578	01.00	00.68	02.92	31.83	-0.04
0876	01	00.00000	00.00000	01.28	01.60	06.27	37.12	-0.05
0572	04	05.55125	05.54626	05.40	05.48	01.20	30.14	-0.04
