RAW	190616	120258	852224	02
GEOM1	00.00	00.00	0.000000	0.000000	0.000000	0.000000	00.00	00.00	00.00	00.00	1000000.00	-3
GEOM2	00.00	00.00	0.000000	0.000000	0.000000	0.000000	00.00	00.00	00.00	00.00	0000.000	0000.000	1000000.00	-3
LDF	11.730161	0.114630	46.504505	0.149955	0820467.2	0408588.4	31.25	00.00	-1
GLDF	02.57	00.14	11.733850	0.125802	46.512913	0.139451	57.64	18.53	320.50	13.31	0002637.2	0013160.0	19.15	00.00	-2
0372	04	01.57751	01.57251	03.34	03.50	-2.24	30.01	-0.01
0472	03	02.88100	02.87600	03.20	03.96	-0.52	30.05	-0.03
0673	02	00.00000	00.00000	01.93	02.00	02.92	31.83	-0.04
0777	01	00.17316	00.17316	01.77	02.48	04.48	38.84	-0.02
0572	04	03.75519	03.75519	03.80	03.14	01.20	30.14	-0.04
