RAW	190603	145326	808500	02
GEOM1	00.00	00.00	0.000000	0.000000	0.000000	0.000000	00.00	00.00	00.00	00.00	1000000.00	-3
GEOM2	00.00	00.00	0.000000	0.000000	0.000000	0.000000	00.00	00.00	00.00	00.00	0000.000	0000.000	1000000.00	-3
LDF	15.927258	0.121839	51.040043	0.122065	0415531.3	0154328.3	14.83	00.70	-1
GLDF	00.00	24.47	0.000000	0.150000	0.000000	0.150001	00.00	68.58	00.00	01.41	0415531.3	0000001.4	14.83	1000000.00	-2
0774	02	08.96863	08.96863	03.56	04.18	04.56	33.62	-0.05
0674	04	08.58241	08.58241	06.75	08.14	02.84	33.58	-0.04
0675	03	05.67570	05.67570	01.17	02.21	02.84	35.32	-0.04
0776	01	15.29122	15.29122	01.36	01.17	04.49	37.09	-0.04
0775	04	06.81352	06.81852	15.41	05.51	04.56	35.35	-0.05
0474	01	00.00000	00.00000	03.43	01.08	-0.59	33.51	-0.01
