RAW	190617	044224	722590	02
GEOM1	00.00	00.00	0.000000	0.000000	0.000000	0.000000	00.00	00.00	00.00	00.00	1000000.00	-3
GEOM2	00.00	00.00	0.000000	0.000000	0.000000	0.000000	00.00	00.00	00.00	00.00	0000.000	0000.000	1000000.00	-3
LDF	14.085841	0.076310	52.072417	0.149918	0103714.8	0049047.3	02.59	00.14	-1
GLDF	00.00	24.50	0.000000	0.150000	0.000000	0.150001	00.00	79.01	00.00	01.41	0103714.8	0000001.4	02.59	1000000.00	-2
0472	01	01.60927	01.61426	00.46	00.29	-0.52	30.05	-0.03
0575	04	08.60611	08.60611	11.94	16.25	01.13	35.27	-0.03
0675	04	08.53011	08.53510	05.97	03.79	02.84	35.32	-0.04
0676	03	06.32028	06.32028	04.49	04.32	02.77	37.09	-0.03
0975	01	00.00000	00.00000	00.80	02.07	07.99	35.38	-0.08
