RAW	190612	222037	879082	02
GEOM1	00.00	00.00	0.000000	0.000000	0.000000	0.000000	00.00	00.00	00.00	00.00	1000000.00	-3
GEOM2	00.00	00.00	0.000000	0.000000	0.000000	0.000000	00.00	00.00	00.00	00.00	-003.610	0002.331	1000000.00	-3
LDF	16.748765	0.112719	50.058075	0.150175	1279939.6	0568819.9	50.85	00.20	-1
GLDF	00.00	28.33	0.000000	0.150000	0.000000	0.150001	00.00	67.78	00.00	01.41	1279939.6	0000001.4	50.85	1000000.00	-2
0774	03	06.79988	06.79488	07.67	04.78	04.56	33.62	-0.05
0674	04	06.42358	06.41859	05.98	05.49	02.84	33.58	-0.04
0674	01	12.70931	12.70931	01.15	00.77	02.84	33.58	-0.04
0874	01	00.00000	00.00000	01.52	00.62	06.35	33.66	-0.06
0874	04	06.75545	06.75045	04.86	04.30	06.35	33.66	-0.06
0474	01	08.03502	08.03002	00.96	02.78	-0.59	33.51	-0.01
0572	01	11.06785	11.06785	06.86	02.99	01.20	30.14	-0.04
