RAW	190607	011421	530573	02
GEOM1	00.00	00.00	0.000000	0.000000	0.000000	0.000000	00.00	00.00	00.00	00.00	1000000.00	-3
GEOM2	00.00	00.00	0.000000	0.000000	0.000000	0.000000	00.00	00.00	00.00	00.00	0000.000	0000.000	1000000.00	-3
LDF	11.686905	0.150818	49.125496	0.062011	0092827.6	0031663.6	02.37	00.51	-1
GLDF	00.00	22.29	0.000000	0.150000	0.000000	0.150000	00.00	67.55	00.00	01.41	0092827.6	0000001.4	02.37	1000000.00	-2
0472	02	00.00000	00.00000	03.68	03.88	-0.52	30.05	-0.03
0977	01	05.91078	05.91078	00.82	01.18	07.92	38.89	-0.09
0474	04	00.76563	00.76563	13.12	08.54	-0.59	33.51	-0.01
0473	04	02.32358	02.31858	05.68	09.60	-0.52	31.76	-0.03
0773	01	07.59890	07.59390	00.89	01.19	04.63	31.89	-0.04
0475	02	06.23312	06.23812	03.00	02.13	-0.66	35.24	-0.01
