RAW	190622	141340	564664	03
GEOM1	03.93	00.09	13.922463	0.149996	47.442810	0.150005	24.30	03.93	106.34	15.73	00.00	-2
GEOM2	04.00	00.51	13.922450	0.149697	47.442839	0.149050	22.92	12.18	104.52	17.84	0001.121	0023.523	00.00	-3
LDF	14.037891	0.206175	47.533478	0.071674	0139217.8	0094010.5	07.02	04.65	00
GLDF	03.93	00.07	14.141883	0.165318	47.541632	0.068180	24.43	03.58	107.75	11.67	0189281.8	0110202.9	09.93	06.15	00
0674	01	00.00000	00.00000	01.81	00.79	02.84	33.58	-0.04
0573	04	04.40350	04.40350	21.29	14.57	01.13	31.81	-0.04
0473	02	08.77936	08.77936	01.77	01.29	-0.52	31.76	-0.03
0672	04	03.61931	03.61931	08.94	11.86	02.92	30.12	-0.04
0572	04	03.77730	03.77730	08.72	03.67	01.20	30.14	-0.04
