RAW	190613	101237	827197	03
GEOM1	02.90	00.11	19.318616	0.149994	47.856906	0.150018	39.21	03.53	228.73	06.59	00.00	-2
GEOM2	02.94	00.50	19.318587	0.148818	47.856877	0.148598	39.86	04.38	228.93	06.58	0001.296	0021.663	00.00	-3
LDF	19.354609	0.084337	47.766684	0.114739	0027179.1	0009384.2	03.60	00.80	00
GLDF	02.94	00.07	19.354951	0.076706	47.750626	0.096643	39.85	02.49	229.97	05.44	0025928.7	0010491.6	03.61	00.89	00
0372	01	00.00000	00.00000	00.89	01.02	-2.24	30.01	-0.01
0576	01	02.73286	02.73786	01.42	02.54	01.05	37.01	-0.02
0873	04	02.99569	02.99569	05.14	05.98	06.42	31.99	-0.03
0973	04	02.30985	02.30985	12.21	04.70	08.07	31.96	-0.03
0872	04	03.84192	03.84192	05.63	07.51	06.35	30.23	00.01
