RAW	190606	212908	163354	02
GEOM1	00.00	00.00	0.000000	0.000000	0.000000	0.000000	00.00	00.00	00.00	00.00	1000000.00	-3
GEOM2	00.00	00.00	0.000000	0.000000	0.000000	0.000000	00.00	00.00	00.00	00.00	0000.000	0000.000	1000000.00	-3
LDF	17.498942	0.114626	53.542670	0.153122	0055176.5	0038479.1	01.61	01.34	-1
GLDF	00.00	29.54	0.000000	0.150000	0.000000	0.150000	00.00	63.38	00.00	01.41	0055176.5	0000001.4	01.61	1000000.00	-2
0876	04	03.98154	03.97654	04.44	04.45	06.27	37.12	-0.05
0873	01	00.00000	00.00000	02.66	01.55	06.42	31.99	-0.03
0776	04	03.81072	03.81072	07.30	09.03	04.49	37.09	-0.04
0976	01	08.02159	08.01660	01.10	00.89	07.99	37.16	-0.09
0676	02	01.86717	01.86217	05.70	05.12	02.77	37.09	-0.03
