RAW	190601	224013	714800	02
GEOM1	00.00	00.00	0.000000	0.000000	0.000000	0.000000	00.00	00.00	00.00	00.00	1000000.00	-3
GEOM2	00.00	00.00	0.000000	0.000000	0.000000	0.000000	00.00	00.00	00.00	00.00	0000.000	0000.000	1000000.00	-3
LDF	14.604669	0.158654	50.497056	0.157961	0046925.8	0051441.0	01.35	02.66	-1
GLDF	00.00	24.17	0.000000	0.150000	0.000000	0.150000	00.00	65.24	00.00	01.41	0046925.8	0000001.4	01.35	1000000.00	-2
0472	01	05.83628	05.83129	01.62	00.65	-0.52	30.05	-0.03
0472	01	08.80925	08.80925	02.26	01.44	-0.52	30.05	-0.03
0674	04	03.53183	03.53183	16.53	09.74	02.84	33.58	-0.04
0575	04	03.64972	03.64972	05.16	04.65	01.13	35.27	-0.03
0675	02	01.45206	01.45206	05.22	05.33	02.84	35.32	-0.04
0775	01	00.00000	00.00000	00.59	00.63	04.56	35.35	-0.05
1072	01	07.49979	07.49979	04.02	03.52	09.86	30.29	00.00
