RAW	190601	061625	916701	02
GEOM1	00.00	00.00	0.000000	0.000000	0.000000	0.000000	00.00	00.00	00.00	00.00	1000000.00	-3
GEOM2	00.00	00.00	0.000000	0.000000	0.000000	0.000000	00.00	00.00	00.00	00.00	0000.000	0000.000	1000000.00	-3
LDF	16.837725	0.150680	49.245596	0.069322	0066562.3	0026155.4	01.87	00.39	-1
GLDF	02.34	 -nan	17.042031	  -nan	48.130996	  -nan	89.95	 -nan	188.77	 -nan	-1508038375.2	      nan	  nan	1000000.00	-2
0772	02	00.00000	00.00000	02.64	04.21	04.71	30.23	-0.02
0774	04	03.05918	03.05918	05.85	10.20	04.56	33.62	-0.05
0873	01	08.18146	08.18146	01.26	01.16	06.42	31.99	-0.03
0573	01	02.82099	02.82598	01.02	00.58	01.13	31.81	-0.04
0773	04	02.50079	02.50079	05.38	06.34	04.63	31.89	-0.04
0475	01	00.17917	00.18417	01.13	01.56	-0.66	35.24	-0.01
