RAW	190607	090919	959904	02
GEOM1	00.00	00.00	0.000000	0.000000	0.000000	0.000000	00.00	00.00	00.00	00.00	1000000.00	-3
GEOM2	00.00	00.00	0.000000	0.000000	0.000000	0.000000	00.00	00.00	00.00	00.00	0000.000	0000.000	1000000.00	-3
LDF	14.688947	0.149972	46.565335	0.150004	0259252.6	0209988.7	08.56	00.00	-2
GLDF	00.00	21.52	0.000000	0.150000	0.000000	0.150001	00.00	72.69	00.00	01.41	0259252.6	0000001.4	08.56	1000000.00	-2
0673	02	05.91456	05.90957	16.31	08.90	02.92	31.83	-0.04
0973	01	09.48555	09.48555	01.74	01.07	08.07	31.96	-0.03
1073	01	00.00000	00.00000	01.45	01.59	09.86	32.00	-0.03
1073	01	10.43302	10.42802	02.35	01.02	09.86	32.00	-0.03
0672	04	09.29818	09.29318	23.00	03.37	02.92	30.12	-0.04
0572	04	08.68741	08.68241	05.19	04.77	01.20	30.14	-0.04
