RAW	190603	212015	604297	02
GEOM1	00.00	00.00	0.000000	0.000000	0.000000	0.000000	00.00	00.00	00.00	00.00	1000000.00	-3
GEOM2	00.00	00.00	0.000000	0.000000	0.000000	0.000000	00.00	00.00	00.00	00.00	0000.000	0000.000	1000000.00	-3
LDF	10.793426	0.086156	46.466058	0.151219	0044346.6	0022995.0	01.26	00.54	-1
GLDF	00.00	24.51	0.000000	0.150000	0.000000	0.150001	00.00	83.31	00.00	01.41	0044346.6	0000001.4	01.26	1000000.00	-2
0372	04	05.62997	05.62498	05.98	06.12	-2.24	30.01	-0.01
0472	04	05.20064	05.20064	05.19	02.98	-0.52	30.05	-0.03
0877	01	04.14190	04.14190	01.45	01.17	06.20	38.86	-0.05
1073	01	00.00000	00.00000	01.35	01.64	09.86	32.00	-0.03
1073	01	11.77713	11.77713	02.45	01.87	09.86	32.00	-0.03
0572	02	02.52974	02.52974	04.44	08.41	01.20	30.14	-0.04
