RAW	190607	083531	864177	02
GEOM1	00.00	00.00	0.000000	0.000000	0.000000	0.000000	00.00	00.00	00.00	00.00	1000000.00	-3
GEOM2	00.00	00.00	0.000000	0.000000	0.000000	0.000000	00.00	00.00	00.00	00.00	0000.000	0000.000	1000000.00	-3
LDF	19.506466	0.122016	49.305349	0.119621	0257355.4	0097083.0	08.47	00.08	-1
GLDF	02.85	00.23	19.502101	0.108255	49.308712	0.127032	34.73	50.65	106.92	41.32	0073416.4	0271348.2	07.06	1000000.00	-2
0674	01	00.00000	00.00000	01.13	04.62	02.84	33.58	-0.04
0675	01	02.72195	02.72695	05.71	05.02	02.84	35.32	-0.04
0873	04	02.64637	02.65137	05.22	06.78	06.42	31.99	-0.03
0874	02	00.88745	00.89244	05.90	03.22	06.35	33.66	-0.06
0974	04	03.31536	03.31536	06.02	07.37	08.06	33.70	-0.06
