RAW	190609	035856	007376	02
GEOM1	00.00	00.00	0.000000	0.000000	0.000000	0.000000	00.00	00.00	00.00	00.00	1000000.00	-3
GEOM2	00.00	00.00	0.000000	0.000000	0.000000	0.000000	00.00	00.00	00.00	00.00	0000.000	0000.000	1000000.00	-3
LDF	12.054028	0.131484	47.934664	0.134040	0382071.0	0206675.3	13.53	00.03	-1
GLDF	00.00	27.18	0.000000	0.150000	0.000000	0.150001	00.00	83.11	00.00	01.41	0382071.0	0000001.4	13.53	1000000.00	-2
0472	04	06.56553	06.57052	03.59	03.40	-0.52	30.05	-0.03
0877	01	00.00000	00.00000	01.01	07.65	06.20	38.86	-0.05
0573	04	07.93874	07.94873	06.52	02.98	01.13	31.81	-0.04
0473	03	05.26030	05.26030	11.19	17.96	-0.52	31.76	-0.03
0475	01	06.47609	06.48109	03.33	08.99	-0.66	35.24	-0.01
