RAW	190608	104510	327942	02
GEOM1	00.00	00.00	0.000000	0.000000	0.000000	0.000000	00.00	00.00	00.00	00.00	1000000.00	-3
GEOM2	00.00	00.00	0.000000	0.000000	0.000000	0.000000	00.00	00.00	00.00	00.00	0000.000	0000.000	1000000.00	-3
LDF	15.086451	0.150577	50.843807	0.076950	0051279.5	0022952.7	01.50	00.27	-1
GLDF	00.00	28.40	0.000000	0.150000	0.000000	0.150000	00.00	66.31	00.00	01.41	0051279.5	0000001.4	01.50	1000000.00	-2
0774	02	00.00000	00.00000	09.98	06.73	04.56	33.62	-0.05
0673	02	07.63899	07.63899	01.43	02.79	02.92	31.83	-0.04
0674	04	02.97200	02.97200	03.70	08.12	02.84	33.58	-0.04
0675	04	02.81162	02.81662	05.18	03.89	02.84	35.32	-0.04
0978	01	04.57610	04.57610	01.68	01.44	07.91	40.63	-0.05
0474	01	09.16946	09.17445	02.20	03.16	-0.59	33.51	-0.01
