RAW	190618	015451	889590	02
GEOM1	00.00	00.00	0.000000	0.000000	0.000000	0.000000	00.00	00.00	00.00	00.00	1000000.00	-3
GEOM2	00.00	00.00	0.000000	0.000000	0.000000	0.000000	00.00	00.00	00.00	00.00	0000.000	0000.000	1000000.00	-3
LDF	15.873875	0.125398	52.609287	0.121004	0252403.6	0103923.8	08.24	00.21	-1
GLDF	00.00	28.99	0.000000	0.150000	0.000000	0.150001	00.00	72.05	00.00	01.41	0252403.6	0000001.4	08.24	1000000.00	-2
0675	04	06.85477	06.85477	07.69	04.95	02.84	35.32	-0.04
0776	04	06.14667	06.14667	05.08	05.52	04.49	37.09	-0.04
0775	02	08.74304	08.74304	07.68	04.89	04.56	35.35	-0.05
0474	01	00.00000	00.00000	01.32	01.38	-0.59	33.51	-0.01
0474	01	00.60958	00.60958	00.98	01.25	-0.59	33.51	-0.01
0773	01	02.23117	02.23117	01.70	01.80	04.63	31.89	-0.04
