RAW	190604	153528	325104	02
GEOM1	00.00	00.00	0.000000	0.000000	0.000000	0.000000	00.00	00.00	00.00	00.00	1000000.00	-3
GEOM2	00.00	00.00	0.000000	0.000000	0.000000	0.000000	00.00	00.00	00.00	00.00	0000.000	0000.000	1000000.00	-3
LDF	14.393155	0.062154	46.552190	0.148408	0064922.1	0023025.8	01.84	00.49	-1
GLDF	00.00	22.76	0.000000	0.150000	0.000000	0.150001	00.00	63.31	00.00	01.41	0064922.1	0000001.4	01.84	1000000.00	-2
0774	01	00.00000	00.00000	02.00	01.41	04.56	33.62	-0.05
0472	03	04.50726	04.50726	03.06	02.33	-0.52	30.05	-0.03
0575	01	04.30563	04.30563	01.42	04.80	01.13	35.27	-0.03
0878	01	03.72358	03.72857	03.95	00.80	06.34	40.13	-0.02
0672	04	04.93133	04.93133	14.17	09.20	02.92	30.12	-0.04
0572	04	03.44595	03.44095	03.42	03.89	01.20	30.14	-0.04
