RAW	190603	063101	970962	02
GEOM1	00.00	00.00	0.000000	0.000000	0.000000	0.000000	00.00	00.00	00.00	00.00	1000000.00	-3
GEOM2	00.00	00.00	0.000000	0.000000	0.000000	0.000000	00.00	00.00	00.00	00.00	0000.000	0000.000	1000000.00	-3
LDF	15.408608	0.133503	50.525214	0.126222	0405272.7	0202678.2	14.43	00.06	-1
GLDF	08.72	00.09	15.422272	0.199446	51.428167	0.183559	30.47	03.74	135.28	12.64	0001853.4	0001783.5	00.11	50.79	-2
0774	04	06.79026	06.79526	03.39	04.52	04.56	33.62	-0.05
0674	03	07.32380	07.32380	07.29	16.15	02.84	33.58	-0.04
0675	04	09.03476	09.03476	08.17	05.08	02.84	35.32	-0.04
0978	01	00.00000	00.00000	03.01	01.93	07.91	40.63	-0.05
0672	01	02.37458	02.37458	01.73	00.56	02.92	30.12	-0.04
0672	01	10.57909	10.57909	00.64	01.36	02.92	30.12	-0.04
