RAW	190625	021948	460451	02
GEOM1	00.00	00.00	0.000000	0.000000	0.000000	0.000000	00.00	00.00	00.00	00.00	1000000.00	-3
GEOM2	00.00	00.00	0.000000	0.000000	0.000000	0.000000	00.00	00.00	00.00	00.00	0000.000	0000.000	1000000.00	-3
LDF	15.894453	0.064801	51.775019	0.150792	0072764.9	0026657.1	01.99	00.41	-1
GLDF	00.00	25.96	0.000000	0.150000	0.000000	0.150000	00.00	59.07	00.00	01.41	0072764.9	0000001.4	01.99	1000000.00	-2
0774	01	00.00000	00.00000	01.30	01.10	04.56	33.62	-0.05
0774	02	03.81740	03.82240	04.56	04.26	04.56	33.62	-0.05
0675	04	01.22320	01.22320	09.16	09.08	02.84	35.32	-0.04
0777	01	04.15376	04.15376	01.13	01.77	04.48	38.84	-0.02
1075	01	01.55131	01.55131	00.96	01.09	09.78	35.47	-0.10
0775	04	01.09564	01.09564	03.90	09.32	04.56	35.35	-0.05
