RAW	190604	055244	875238	02
GEOM1	00.00	00.00	0.000000	0.000000	0.000000	0.000000	00.00	00.00	00.00	00.00	1000000.00	-3
GEOM2	00.00	00.00	0.000000	0.000000	0.000000	0.000000	00.00	00.00	00.00	00.00	0000.000	0000.000	1000000.00	-3
LDF	15.871273	0.128580	50.983382	0.129063	0256649.0	0124271.8	08.44	00.82	-1
GLDF	00.00	26.95	0.000000	0.150000	0.000000	0.150001	00.00	73.32	00.00	01.41	0256649.0	0000001.4	08.44	1000000.00	-2
0774	04	08.74878	08.74878	05.52	05.18	04.56	33.62	-0.05
0675	04	08.08251	08.08251	07.00	08.23	02.84	35.32	-0.04
0874	02	01.51469	01.51969	01.52	01.68	06.35	33.66	-0.06
0776	02	00.00000	00.00000	01.83	08.46	04.49	37.09	-0.04
0775	02	05.76243	05.77243	13.38	10.04	04.56	35.35	-0.05
