RAW	190612	113635	505167	03
GEOM1	03.34	00.14	12.805250	0.150032	49.621597	0.149996	20.72	26.69	146.67	15.93	00.00	-2
GEOM2	03.49	06.33	12.805222	0.150250	49.621620	0.150303	47.77	1202.38	146.84	17.13	0000.333	0174.917	00.00	-3
LDF	12.783262	0.161145	49.604752	0.159161	0040047.2	0042566.5	03.34	07.15	00
GLDF	03.35	00.13	12.768054	0.170479	49.593013	0.167723	22.08	23.40	147.05	12.31	0042756.1	0056571.4	01.67	10.61	00
0772	01	00.00000	00.00000	02.14	02.65	04.71	30.23	-0.02
0574	04	03.31712	03.31712	13.85	13.26	01.13	33.54	-0.04
0575	04	04.03935	04.03935	03.84	03.83	01.13	35.27	-0.03
0573	02	07.92205	07.91705	00.99	03.40	01.13	31.81	-0.04
0473	04	03.61964	03.61964	10.90	07.29	-0.52	31.76	-0.03
