RAW	190613	044447	950000	02
GEOM1	00.00	00.00	0.000000	0.000000	0.000000	0.000000	00.00	00.00	00.00	00.00	1000000.00	-3
GEOM2	00.00	00.00	0.000000	0.000000	0.000000	0.000000	00.00	00.00	00.00	00.00	0000.000	0000.000	1000000.00	-3
LDF	18.875080	0.150689	55.622489	0.157232	0337380.4	0268070.4	11.81	03.71	-1
GLDF	02.84	00.03	20.295331	0.057172	56.954450	0.027049	55.85	02.00	89.38	09.56	0000028.0	0000017.7	00.00	1000000.00	-2
0574	01	01.34436	01.33936	01.24	00.89	01.13	33.54	-0.04
0674	01	07.64383	07.64882	02.74	00.93	02.84	33.58	-0.04
0977	04	01.56121	01.56121	04.40	04.40	07.92	38.89	-0.09
0978	04	02.97125	02.96625	05.18	10.42	07.91	40.63	-0.05
0877	03	00.00000	00.00000	13.16	55.77	06.20	38.86	-0.05
0972	01	04.03003	04.03003	02.06	01.95	08.14	30.22	00.02
