RAW	190625	084855	261160	02
GEOM1	00.00	00.00	0.000000	0.000000	0.000000	0.000000	00.00	00.00	00.00	00.00	1000000.00	-3
GEOM2	00.00	00.00	0.000000	0.000000	0.000000	0.000000	00.00	00.00	00.00	00.00	0000.000	0000.000	1000000.00	-3
LDF	18.072897	0.135687	49.456381	0.133964	0237552.1	0136839.8	07.54	00.39	-1
GLDF	00.00	29.37	0.000000	0.150000	0.000000	0.150000	00.00	57.63	00.00	01.41	0237552.1	0000001.4	07.54	1000000.00	-2
0774	04	01.82718	01.82718	03.91	03.27	04.56	33.62	-0.05
0472	01	08.21115	08.20616	02.40	02.79	-0.52	30.05	-0.03
0873	04	01.33288	01.33288	04.73	05.65	06.42	31.99	-0.03
0874	03	00.00000	00.00000	04.22	03.79	06.35	33.66	-0.06
1075	01	04.34860	04.34860	01.24	00.76	09.78	35.47	-0.10
