RAW	190603	124023	694867	03
GEOM1	05.15	00.11	14.592386	0.149999	47.599924	0.150002	39.61	04.07	343.41	06.80	00.00	-2
GEOM2	05.20	00.63	14.592346	0.148576	47.599946	0.149654	39.27	10.20	342.71	09.40	0001.234	0021.130	00.00	-3
LDF	14.531462	0.133360	47.512571	0.096541	0021204.9	0009027.1	02.58	01.04	00
GLDF	05.13	00.09	14.518043	0.125180	47.504610	0.080096	39.62	03.43	341.45	05.75	0021829.5	0011454.5	02.67	01.16	00
0673	04	05.47791	05.48291	03.67	04.75	02.92	31.83	-0.04
1075	01	00.00000	00.00000	01.83	01.68	09.78	35.47	-0.10
0877	01	04.44199	04.44699	02.40	01.92	06.20	38.86	-0.05
0573	04	04.41425	04.41925	04.01	05.07	01.13	31.81	-0.04
0672	04	05.80713	05.81213	06.81	04.35	02.92	30.12	-0.04
