RAW	190606	061402	115838	03
GEOM1	01.09	00.12	15.057476	0.149999	50.860068	0.150000	11.32	07.52	355.75	39.00	00.00	-2
GEOM2	01.25	00.79	15.057471	0.149695	50.860062	0.149762	13.83	15.87	328.04	102.95	0000.721	0019.713	00.00	-3
LDF	14.687841	0.171922	50.965446	0.187746	0120521.4	0135810.0	03.39	06.15	00
GLDF	01.09	00.12	15.054509	0.185871	50.662986	0.248109	12.54	06.24	349.31	27.86	0329551.5	0380600.9	12.81	08.25	00
0774	04	01.79828	01.79828	08.86	02.58	04.56	33.62	-0.05
0574	04	01.09869	01.09869	06.69	05.52	01.13	33.54	-0.04
0576	02	04.52371	04.52371	02.11	01.91	01.05	37.01	-0.02
0575	03	00.00000	00.00000	06.72	04.46	01.13	35.27	-0.03
0675	04	01.18954	01.19454	10.90	11.11	02.84	35.32	-0.04
1075	01	03.70240	03.70240	01.51	02.43	09.78	35.47	-0.10
