RAW	190607	193552	265632	03
GEOM1	06.30	00.15	17.467571	0.149752	47.916926	0.150377	78.44	01.84	12.97	01.11	00.00	-2
GEOM2	06.30	00.19	17.467586	0.120363	47.916934	0.147567	78.18	20.53	12.74	11.51	0000.558	0012.070	00.00	-3
LDF	17.504124	0.149507	47.723451	0.150228	0000000.0	0000000.0	00.30	04.19	00
GLDF	06.28	00.15	17.487924	0.153554	47.745872	0.133908	76.39	01.38	12.76	00.84	0000000.0	0000000.0	01.60	03.99	00
0772	04	05.56376	05.56876	03.75	04.62	04.71	30.23	-0.02
0772	01	13.02867	13.03367	01.40	00.80	04.71	30.23	-0.02
0674	02	09.06288	09.07287	01.17	01.73	02.84	33.58	-0.04
0873	04	07.56372	07.57372	06.60	03.35	06.42	31.99	-0.03
0773	04	05.83826	05.84826	07.10	05.71	04.63	31.89	-0.04
0672	02	00.00000	00.00000	01.36	01.85	02.92	30.12	-0.04
0672	01	05.45635	05.46135	00.82	00.37	02.92	30.12	-0.04
