RAW	190602	113723	776268	02
GEOM1	00.00	00.00	0.000000	0.000000	0.000000	0.000000	00.00	00.00	00.00	00.00	1000000.00	-3
GEOM2	00.00	00.00	0.000000	0.000000	0.000000	0.000000	00.00	00.00	00.00	00.00	0000.000	0000.000	1000000.00	-3
LDF	13.370346	0.150000	48.565986	0.150061	0683734.5	0478847.9	25.59	00.00	-2
GLDF	00.00	18.20	0.000000	0.150000	0.000000	0.150000	00.00	58.31	00.00	01.41	0683734.5	0000001.4	25.59	1000000.00	-2
0574	04	02.98302	02.98302	07.89	06.48	01.13	33.54	-0.04
0575	02	06.07054	06.07554	03.43	03.39	01.13	35.27	-0.03
0776	01	06.98936	06.98936	01.23	01.33	04.49	37.09	-0.04
0975	01	00.00000	00.00000	02.11	02.00	07.99	35.38	-0.08
0573	04	02.68391	02.68890	19.32	45.93	01.13	31.81	-0.04
0872	01	11.20142	11.19642	00.69	01.14	06.35	30.23	00.01
