RAW	190605	150139	160633	01
GEOM1	00.00	00.00	0.000000	0.000000	0.000000	0.000000	00.00	00.00	00.00	00.00	1000000.00	-4
GEOM2	00.00	00.00	0.000000	0.000000	0.000000	0.000000	00.00	00.00	00.00	00.00	0000.000	0000.000	1000000.00	-4
LDF	11.724624	0.157131	46.485900	0.052716	0000001.0	0037484.5	02.87	1000000.00	-3
GLDF	00.00	39.96	0.000000	0.150000	0.000000	0.150001	00.00	136.17	00.00	01.41	0000001.0	0000001.4	00.00	1000000.00	-4
0472	04	09.54948	09.54448	04.12	02.30	-0.52	30.05	-0.03
0874	01	09.63586	09.63586	00.97	00.71	06.35	33.66	-0.06
1072	01	00.00000	00.00000	00.81	01.18	09.86	30.29	00.00
0672	02	09.38033	09.38033	18.79	04.72	02.92	30.12	-0.04
0572	02	06.20571	06.20571	06.19	05.95	01.20	30.14	-0.04
