RAW	190623	191946	175456	03
GEOM1	01.71	00.09	15.250015	0.149984	48.225580	0.150018	36.61	08.18	282.30	12.45	00.00	-2
GEOM2	01.72	00.93	15.249955	0.150626	48.225633	0.150124	36.27	60.18	296.64	1544.46	0001.209	0230.620	00.00	-3
LDF	15.252624	0.150047	48.127841	0.142240	0553936.8	0293870.9	75.91	00.52	-1
GLDF	01.74	00.09	15.263588	0.149671	48.175056	0.139706	37.34	06.07	285.67	09.30	0495401.3	0432706.0	70.82	00.88	-1
0772	04	03.07352	03.06353	04.17	09.41	04.71	30.23	-0.02
0774	04	01.40212	01.39213	01.01	02.45	04.56	33.62	-0.05
0472	01	01.62565	01.62065	04.08	03.20	-0.52	30.05	-0.03
0673	04	01.70215	01.69716	154.93	158.15	02.92	31.83	-0.04
0876	01	00.00000	00.00000	02.08	01.14	06.27	37.12	-0.05
0877	01	09.13615	09.13615	01.97	00.69	06.20	38.86	-0.05
0672	03	01.90972	01.97468	06.00	06.95	02.92	30.12	-0.04
