RAW	190603	161739	043080	02
GEOM1	00.00	00.00	0.000000	0.000000	0.000000	0.000000	00.00	00.00	00.00	00.00	1000000.00	-3
GEOM2	00.00	00.00	0.000000	0.000000	0.000000	0.000000	00.00	00.00	00.00	00.00	0000.000	0000.000	1000000.00	-3
LDF	12.504045	0.075333	46.527874	0.151739	0065805.7	0028780.1	01.86	00.89	-1
GLDF	00.00	22.08	0.000000	0.150000	0.000000	0.150001	00.00	74.68	00.00	01.41	0065805.7	0000001.4	01.86	1000000.00	-2
0372	02	08.85136	08.85136	07.44	03.79	-2.24	30.01	-0.01
0472	01	00.00000	00.00000	00.88	01.03	-0.52	30.05	-0.03
0472	04	06.04587	06.04587	10.35	08.39	-0.52	30.05	-0.03
0777	01	13.04248	13.04248	01.07	01.16	04.48	38.84	-0.02
0876	01	10.09769	10.09269	00.30	04.69	06.27	37.12	-0.05
0676	01	00.07911	00.07911	00.82	01.41	02.77	37.09	-0.03
0572	04	06.75658	06.75658	05.52	05.99	01.20	30.14	-0.04
