RAW	190602	183127	427173	03
GEOM1	01.87	00.09	21.325265	0.150001	52.604605	0.149996	14.23	04.81	230.09	30.49	00.00	-2
GEOM2	01.96	00.74	21.325268	0.149738	52.604611	0.149697	14.77	04.14	229.62	20.83	0001.304	0025.850	00.00	-3
LDF	21.175260	0.129597	52.725981	0.098037	0245644.2	0107562.3	09.50	03.40	00
GLDF	01.88	00.08	21.138288	0.105584	52.737834	0.084634	15.26	03.88	221.78	25.39	0262522.8	0095711.7	10.54	04.02	00
1075	04	02.11847	02.11847	05.50	04.05	09.78	35.47	-0.10
1076	04	01.80527	01.81026	14.57	05.00	09.70	37.20	-0.12
0877	01	00.00000	00.00000	01.57	01.89	06.20	38.86	-0.05
0975	04	02.40963	02.40963	09.39	07.89	07.99	35.38	-0.08
0475	01	01.63871	01.64371	02.47	01.54	-0.66	35.24	-0.01
