RAW	190602	170555	714516	02
GEOM1	00.00	00.00	0.000000	0.000000	0.000000	0.000000	00.00	00.00	00.00	00.00	1000000.00	-3
GEOM2	00.00	00.00	0.000000	0.000000	0.000000	0.000000	00.00	00.00	00.00	00.00	0000.000	0000.000	1000000.00	-3
LDF	16.023944	0.062621	46.614634	0.150047	0095739.6	0032052.8	02.43	00.16	-1
GLDF	00.00	22.15	0.000000	0.150000	0.000000	0.150000	00.00	56.71	00.00	01.41	0095739.6	0000001.4	02.43	1000000.00	-2
0772	04	03.61968	03.62468	09.12	05.91	04.71	30.23	-0.02
1076	01	11.17318	11.17818	01.12	01.91	09.70	37.20	-0.12
0573	01	00.00000	00.00000	01.38	01.16	01.13	31.81	-0.04
0872	02	05.31535	05.31535	06.22	05.32	06.35	30.23	00.01
0672	04	03.67469	03.67469	15.18	03.04	02.92	30.12	-0.04
