RAW	190627	063403	525246	02
GEOM1	00.00	00.00	0.000000	0.000000	0.000000	0.000000	00.00	00.00	00.00	00.00	1000000.00	-3
GEOM2	00.00	00.00	0.000000	0.000000	0.000000	0.000000	00.00	00.00	00.00	00.00	0000.000	0000.000	1000000.00	-3
LDF	17.620554	0.121280	54.421299	0.123665	0278580.7	0110435.2	09.44	00.00	-1
GLDF	00.00	31.37	0.000000	0.150000	0.000000	0.150000	00.00	63.31	00.00	01.41	0278580.7	0000001.4	09.44	1000000.00	-2
0576	01	00.66239	00.66239	01.76	01.29	01.05	37.01	-0.02
0777	04	02.74307	02.74307	05.23	05.77	04.48	38.84	-0.02
0876	04	02.90736	02.90736	06.28	04.61	06.27	37.12	-0.05
0776	02	00.21895	00.22395	06.96	05.90	04.49	37.09	-0.04
0475	01	00.00000	00.00000	00.73	00.54	-0.66	35.24	-0.01
