RAW	190618	002551	984661	02
GEOM1	00.00	00.00	0.000000	0.000000	0.000000	0.000000	00.00	00.00	00.00	00.00	1000000.00	-3
GEOM2	00.00	00.00	0.000000	0.000000	0.000000	0.000000	00.00	00.00	00.00	00.00	0000.000	0000.000	1000000.00	-3
LDF	12.034122	0.150000	47.876448	0.149961	0492175.7	0376803.3	17.85	00.00	-2
GLDF	00.00	20.79	0.000000	0.150000	0.000000	0.150001	00.00	85.39	00.00	01.41	0492175.7	0000001.4	17.85	1000000.00	-2
0472	04	08.70446	08.70446	03.21	06.92	-0.52	30.05	-0.03
0472	01	13.83096	13.83596	01.25	00.84	-0.52	30.05	-0.03
0977	01	08.77392	08.77392	05.79	08.98	07.92	38.89	-0.09
0573	03	06.42132	06.42632	05.92	03.90	01.13	31.81	-0.04
0473	04	08.71097	08.70598	15.18	17.12	-0.52	31.76	-0.03
0475	01	00.00000	00.00000	00.79	01.14	-0.66	35.24	-0.01
