RAW	190624	152111	404939	03
GEOM1	04.71	00.08	19.412631	0.149991	46.940895	0.149995	18.68	08.15	244.38	14.09	00.00	-2
GEOM2	04.79	00.52	19.412640	0.149700	46.940908	0.149604	13.60	29.22	236.14	68.46	0000.869	0021.587	00.00	-3
LDF	19.503543	0.055740	46.971583	0.161688	0134004.9	0047459.0	04.66	02.14	00
GLDF	04.68	00.07	19.507464	0.046870	46.992315	0.170162	18.27	07.13	246.58	11.18	0141254.3	0061732.4	05.25	02.94	00
0674	01	03.61837	03.61837	01.50	01.02	02.84	33.58	-0.04
0675	01	00.00000	00.00000	01.24	01.82	02.84	35.32	-0.04
0873	04	04.68292	04.68791	05.12	03.81	06.42	31.99	-0.03
0972	04	04.71630	04.72130	16.53	09.29	08.14	30.22	00.02
0872	04	04.95280	04.95280	10.73	11.80	06.35	30.23	00.01
