RAW	190623	003754	125486	02
GEOM1	00.00	00.00	0.000000	0.000000	0.000000	0.000000	00.00	00.00	00.00	00.00	1000000.00	-3
GEOM2	00.00	00.00	0.000000	0.000000	0.000000	0.000000	00.00	00.00	00.00	00.00	0000.000	0000.000	1000000.00	-3
LDF	15.086650	0.150000	50.388995	0.150043	0372752.7	0298037.7	13.17	00.00	-2
GLDF	00.00	23.16	0.000000	0.150000	0.000000	0.150000	00.00	57.35	00.00	01.41	0372752.7	0000001.4	13.17	1000000.00	-2
0772	01	00.00000	00.00000	01.71	01.08	04.71	30.23	-0.02
0673	02	03.30672	03.30672	09.21	09.08	02.92	31.83	-0.04
0674	04	01.13022	01.13022	14.73	19.43	02.84	33.58	-0.04
0675	04	00.30410	00.30410	04.78	04.37	02.84	35.32	-0.04
0977	01	02.35935	02.36435	03.07	00.46	07.92	38.89	-0.09
