RAW	190606	065035	390800	02
GEOM1	00.00	00.00	0.000000	0.000000	0.000000	0.000000	00.00	00.00	00.00	00.00	1000000.00	-3
GEOM2	00.00	00.00	0.000000	0.000000	0.000000	0.000000	00.00	00.00	00.00	00.00	0000.000	0000.000	1000000.00	-3
LDF	16.162129	0.125843	47.376076	0.131627	0421856.3	0193055.6	15.08	02.43	-1
GLDF	00.00	20.32	0.000000	0.150000	0.000000	0.150000	00.00	52.97	00.00	01.41	0421856.3	0000001.4	15.08	1000000.00	-2
0772	04	03.26886	03.26886	03.13	28.04	04.71	30.23	-0.02
0673	04	02.40261	02.40261	09.27	08.08	02.92	31.83	-0.04
0673	02	09.63779	09.63279	04.04	06.83	02.92	31.83	-0.04
0773	02	00.00000	00.00000	03.29	04.13	04.63	31.89	-0.04
0572	02	08.80488	08.80488	01.24	01.62	01.20	30.14	-0.04
