RAW	190612	210210	245106	02
GEOM1	00.00	00.00	0.000000	0.000000	0.000000	0.000000	00.00	00.00	00.00	00.00	1000000.00	-3
GEOM2	00.00	00.00	0.000000	0.000000	0.000000	0.000000	00.00	00.00	00.00	00.00	0000.000	0000.000	1000000.00	-3
LDF	16.879961	0.150262	48.270265	0.103299	1547288.4	0595261.7	62.59	00.39	-1
GLDF	00.00	24.16	0.000000	0.150000	0.000000	0.150001	00.00	65.02	00.00	01.41	1547288.4	0000001.4	62.59	1000000.00	-2
0772	01	01.99275	01.98776	01.05	01.35	04.71	30.23	-0.02
0772	04	08.05361	08.04862	08.94	07.72	04.71	30.23	-0.02
0774	04	07.68294	07.67794	08.05	04.89	04.56	33.62	-0.05
0978	01	04.64388	04.63889	01.79	00.58	07.91	40.63	-0.05
0873	02	00.00000	00.00000	09.53	04.06	06.42	31.99	-0.03
0773	03	06.95720	06.94721	04.12	06.62	04.63	31.89	-0.04
