RAW	190621	172310	569940	02
GEOM1	00.00	00.00	0.000000	0.000000	0.000000	0.000000	00.00	00.00	00.00	00.00	1000000.00	-3
GEOM2	00.00	00.00	0.000000	0.000000	0.000000	0.000000	00.00	00.00	00.00	00.00	0000.000	0000.000	1000000.00	-3
LDF	17.681173	0.150199	50.630308	0.171074	0105524.2	0099324.5	02.63	02.00	-1
GLDF	08.48	00.08	16.786313	0.074345	50.932033	0.076317	70.86	00.23	275.98	00.89	38318626.8	12046389.5	00.00	1000000.00	-2
0774	04	09.28722	09.29222	03.61	04.08	04.56	33.62	-0.05
0777	01	03.07347	03.07347	00.69	01.70	04.48	38.84	-0.02
0874	03	06.20810	06.21809	11.12	05.07	06.35	33.66	-0.06
1075	01	04.20450	04.20950	01.87	01.47	09.78	35.47	-0.10
0775	04	07.66284	07.66784	04.20	05.54	04.56	35.35	-0.05
0775	02	10.25606	10.25606	02.19	01.40	04.56	35.35	-0.05
0877	01	00.00000	00.00000	01.01	02.31	06.20	38.86	-0.05
