RAW	190622	031942	221882	02
GEOM1	00.00	00.00	0.000000	0.000000	0.000000	0.000000	00.00	00.00	00.00	00.00	1000000.00	-3
GEOM2	00.00	00.00	0.000000	0.000000	0.000000	0.000000	00.00	00.00	00.00	00.00	0000.000	0000.000	1000000.00	-3
LDF	16.764876	0.150018	52.685021	0.073118	0052793.2	0022086.1	01.54	00.08	-1
GLDF	00.00	30.29	0.000000	0.150000	0.000000	0.150000	00.00	60.11	00.00	01.41	0052793.2	0000001.4	01.54	1000000.00	-2
0774	02	02.85215	02.85215	02.92	04.34	04.56	33.62	-0.05
0674	02	05.40089	05.40589	09.35	03.26	02.84	33.58	-0.04
0777	02	03.52073	03.52073	01.73	01.39	04.48	38.84	-0.02
0978	01	02.53363	02.53363	02.11	01.65	07.91	40.63	-0.05
0876	02	04.51191	04.51691	02.17	01.49	06.27	37.12	-0.05
0776	04	00.49155	00.49155	04.60	06.50	04.49	37.09	-0.04
0775	04	00.00000	00.00000	04.30	05.35	04.56	35.35	-0.05
