RAW	190621	061255	755600	02
GEOM1	00.00	00.00	0.000000	0.000000	0.000000	0.000000	00.00	00.00	00.00	00.00	1000000.00	-3
GEOM2	00.00	00.00	0.000000	0.000000	0.000000	0.000000	00.00	00.00	00.00	00.00	0000.000	0000.000	1000000.00	-3
LDF	14.154623	0.136935	52.580981	0.133884	0092882.2	0064242.8	02.37	00.08	-1
GLDF	00.21	00.15	14.146811	0.133258	52.579372	0.120469	56.17	28.00	336.93	07.66	0001448.6	0010340.8	04.88	1000000.00	-2
0774	02	08.21874	08.22374	03.19	05.71	04.56	33.62	-0.05
0674	02	05.46685	05.47684	09.17	05.25	02.84	33.58	-0.04
0575	04	00.00000	00.00000	01.59	02.75	01.13	35.27	-0.03
0676	04	00.68175	00.68674	01.90	01.89	02.77	37.09	-0.03
0474	02	04.89630	04.90130	01.39	01.66	-0.59	33.51	-0.01
