RAW	190602	045155	544765	02
GEOM1	00.00	00.00	0.000000	0.000000	0.000000	0.000000	00.00	00.00	00.00	00.00	1000000.00	-3
GEOM2	00.00	00.00	0.000000	0.000000	0.000000	0.000000	00.00	00.00	00.00	00.00	0000.000	0000.000	1000000.00	-3
LDF	13.370232	0.152475	49.220249	0.095056	0051562.9	0029720.2	01.51	01.07	-1
GLDF	00.00	25.52	0.000000	0.150000	0.000000	0.150001	00.00	75.54	00.00	01.41	0051562.9	0000001.4	01.51	1000000.00	-2
0372	01	14.79963	14.79464	00.87	01.59	-2.24	30.01	-0.01
0574	04	05.83081	05.83081	08.69	07.15	01.13	33.54	-0.04
0575	02	09.08255	09.08255	06.66	04.39	01.13	35.27	-0.03
1076	01	00.00000	00.00000	01.84	01.23	09.70	37.20	-0.12
0573	04	06.51702	06.51702	04.82	04.32	01.13	31.81	-0.04
0572	02	11.20681	11.20681	01.60	01.85	01.20	30.14	-0.04
