RAW	190619	075045	454025	02
GEOM1	00.00	00.00	0.000000	0.000000	0.000000	0.000000	00.00	00.00	00.00	00.00	1000000.00	-3
GEOM2	00.00	00.00	0.000000	0.000000	0.000000	0.000000	00.00	00.00	00.00	00.00	0000.000	0000.000	1000000.00	-3
LDF	16.845951	0.152631	49.049997	0.160233	0025786.0	0027946.5	00.39	00.94	-1
GLDF	00.00	30.10	0.000000	0.150000	0.000000	0.150000	00.00	63.05	00.00	01.41	0025786.0	0000001.4	00.39	1000000.00	-2
0774	04	03.64768	03.64268	03.09	02.56	04.56	33.62	-0.05
0372	01	04.12290	04.11291	01.78	02.13	-2.24	30.01	-0.01
0576	01	01.07420	01.06920	02.51	03.42	01.05	37.01	-0.02
0775	02	06.05704	06.05204	04.42	05.91	04.56	35.35	-0.05
0573	01	00.00000	00.00000	02.47	03.44	01.13	31.81	-0.04
0773	04	02.93705	02.93205	06.25	03.72	04.63	31.89	-0.04
0572	01	02.70220	02.69221	01.81	01.51	01.20	30.14	-0.04
