RAW	190603	083226	605190	02
GEOM1	00.00	00.00	0.000000	0.000000	0.000000	0.000000	00.00	00.00	00.00	00.00	1000000.00	-3
GEOM2	00.00	00.00	0.000000	0.000000	0.000000	0.000000	00.00	00.00	00.00	00.00	0000.000	0000.000	1000000.00	-3
LDF	17.589709	0.067322	53.544153	0.150313	0077966.0	0028875.3	02.09	00.17	-1
GLDF	00.00	28.66	0.000000	0.150000	0.000000	0.150000	00.00	63.56	00.00	01.41	0077966.0	0000001.4	02.09	1000000.00	-2
0675	01	10.35205	10.35205	00.57	00.87	02.84	35.32	-0.04
0876	04	04.47656	04.47656	06.23	06.17	06.27	37.12	-0.05
0776	04	04.83360	04.83360	09.13	05.99	04.49	37.09	-0.04
0676	02	02.70870	02.71369	22.83	08.50	02.77	37.09	-0.03
1073	01	03.80478	03.80478	01.42	01.30	09.86	32.00	-0.03
0473	01	00.00000	00.00000	01.30	03.52	-0.52	31.76	-0.03
