RAW	190613	095429	376979	03
GEOM1	01.28	00.15	19.605725	0.150072	54.768593	0.149758	84.07	04.14	268.05	00.70	00.00	-2
GEOM2	01.28	08.19	19.605697	0.150395	54.768586	0.150025	84.61	472.73	268.00	263.06	0000.614	0538.903	00.00	-3
LDF	19.561840	1.000000	55.938455	1.003255	0000000.0	0000001.0	00.00	1000000.00	00
GLDF	01.29	00.15	19.351458	0.022129	54.764596	0.148502	83.33	00.14	267.86	00.43	0000000.0	0000000.0	00.00	1000000.00	00
0777	01	05.49388	05.49887	01.39	00.94	04.48	38.84	-0.02
0977	04	00.72178	00.72178	11.81	14.47	07.92	38.89	-0.09
0976	04	02.44246	02.44246	14.87	09.28	07.99	37.16	-0.09
0877	04	00.81605	00.81605	14.96	10.58	06.20	38.86	-0.05
1073	01	04.13839	04.14339	02.26	01.12	09.86	32.00	-0.03
0872	01	00.00000	00.00000	02.00	01.01	06.35	30.23	00.01
