RAW	190622	185616	747131	02
GEOM1	00.00	00.00	0.000000	0.000000	0.000000	0.000000	00.00	00.00	00.00	00.00	1000000.00	-3
GEOM2	00.00	00.00	0.000000	0.000000	0.000000	0.000000	00.00	00.00	00.00	00.00	0000.000	0000.000	1000000.00	-3
LDF	17.666388	0.083335	50.078178	0.150155	0044257.6	0021635.6	01.26	00.09	-1
GLDF	00.00	31.09	0.000000	0.150000	0.000000	0.150000	00.00	59.17	00.00	01.41	0044257.6	0000001.4	01.26	1000000.00	-2
0774	04	01.80406	01.80905	04.38	04.01	04.56	33.62	-0.05
0576	01	00.00000	00.00000	00.67	00.98	01.05	37.01	-0.02
0673	01	02.06431	02.06930	00.77	01.31	02.92	31.83	-0.04
0876	01	00.44544	00.45044	01.35	01.41	06.27	37.12	-0.05
0874	04	00.54101	00.54601	03.85	03.35	06.35	33.66	-0.06
0974	02	02.82175	02.82674	19.60	08.90	08.06	33.70	-0.06
0972	01	00.01102	00.01102	01.45	01.12	08.14	30.22	00.02
