RAW	190627	235752	403353	02
GEOM1	00.00	00.00	0.000000	0.000000	0.000000	0.000000	00.00	00.00	00.00	00.00	1000000.00	-3
GEOM2	00.00	00.00	0.000000	0.000000	0.000000	0.000000	00.00	00.00	00.00	00.00	0000.000	0000.000	1000000.00	-3
LDF	20.209854	0.150152	54.397062	0.150373	0063199.6	0059654.6	01.80	02.76	-1
GLDF	00.00	35.15	0.000000	0.150000	0.000000	0.150000	00.00	58.59	00.00	01.41	0063199.6	0000001.4	01.80	1000000.00	-2
0977	04	01.11189	01.11189	04.44	04.54	07.92	38.89	-0.09
0978	04	00.00000	00.00000	04.70	04.88	07.91	40.63	-0.05
0976	03	00.52595	00.52595	32.63	09.79	07.99	37.16	-0.09
0872	01	00.01125	00.01125	01.02	00.85	06.35	30.23	00.01
0672	01	05.59845	05.59845	00.77	00.84	02.92	30.12	-0.04
