RAW	190622	184444	872023	03
GEOM1	02.57	00.11	14.316858	0.150044	46.991871	0.149983	42.00	03.66	136.85	06.81	00.00	-2
GEOM2	02.60	08.93	14.316841	0.150154	46.991887	0.149994	43.37	234.64	136.95	122.17	0001.163	0432.264	00.00	-3
LDF	14.278635	0.080428	47.066548	0.150401	0016942.2	0006924.9	03.14	01.13	00
GLDF	02.64	00.08	14.266953	0.071601	47.100395	0.129183	42.88	02.50	135.65	04.99	0016310.9	0007221.9	03.30	01.37	00
0772	02	05.53839	05.54338	04.21	03.85	04.71	30.23	-0.02
0372	01	08.59096	08.59096	01.03	01.28	-2.24	30.01	-0.01
0575	01	04.63116	04.63116	01.10	01.67	01.13	35.27	-0.03
0876	01	00.00000	00.00000	01.84	02.39	06.27	37.12	-0.05
0573	04	03.72666	03.72666	05.57	05.63	01.13	31.81	-0.04
0473	01	01.66425	01.66425	01.15	01.46	-0.52	31.76	-0.03
0672	04	02.01694	02.02194	08.40	14.66	02.92	30.12	-0.04
0572	04	02.90001	02.90001	06.38	03.73	01.20	30.14	-0.04
