RAW	190622	065250	934656	04
GEOM1	00.73	00.08	16.431615	0.149786	52.387003	0.150000	06.64	05.91	111.23	62.79	00.12	-1
GEOM2	00.67	00.10	16.431347	0.149995	52.387640	0.150015	06.95	04.55	107.07	46.52	0006.712	0002.897	00.00	-2
LDF	16.392922	0.162509	52.625511	0.125200	0070536.0	0048997.3	01.99	07.48	01
GLDF	00.76	00.06	16.388393	0.170470	52.664018	0.074962	09.13	04.48	104.86	41.40	0076030.6	0036969.8	02.13	09.86	02
0673	01	00.00000	00.00000	02.68	03.38	02.92	31.83	-0.04
0675	04	00.99741	01.00241	06.20	04.63	02.84	35.32	-0.04
0874	04	02.01345	02.01345	01.59	01.62	06.35	33.66	-0.06
1075	01	03.80832	03.81332	00.83	00.98	09.78	35.47	-0.10
0776	04	01.01456	01.01955	12.02	04.28	04.49	37.09	-0.04
0775	04	00.77431	00.77931	03.37	04.15	04.56	35.35	-0.05
0775	01	07.52468	07.52968	00.88	00.94	04.56	35.35	-0.05
