RAW	190607	174358	563265	02
GEOM1	00.00	00.00	0.000000	0.000000	0.000000	0.000000	00.00	00.00	00.00	00.00	1000000.00	-3
GEOM2	00.00	00.00	0.000000	0.000000	0.000000	0.000000	00.00	00.00	00.00	00.00	0000.000	0000.000	1000000.00	-3
LDF	17.580164	0.052239	55.289233	0.150005	0105761.7	0029954.8	02.64	00.01	-1
GLDF	00.00	26.02	0.000000	0.150000	0.000000	0.150000	00.00	66.53	00.00	01.41	0105761.7	0000001.4	02.64	1000000.00	-2
0777	04	07.11612	07.11112	11.34	11.05	04.48	38.84	-0.02
0977	02	05.60386	05.59886	51.82	34.36	07.92	38.89	-0.09
0775	01	00.00000	00.00000	01.13	00.84	04.56	35.35	-0.05
0877	04	08.07179	08.06679	13.05	08.42	06.20	38.86	-0.05
0474	01	04.44798	04.44798	01.38	00.66	-0.59	33.51	-0.01
