RAW	190603	022917	630464	02
GEOM1	00.00	00.00	0.000000	0.000000	0.000000	0.000000	00.00	00.00	00.00	00.00	1000000.00	-3
GEOM2	00.00	00.00	0.000000	0.000000	0.000000	0.000000	00.00	00.00	00.00	00.00	0000.000	0000.000	1000000.00	-3
LDF	18.876393	0.150060	55.106259	0.150000	0376382.5	0286869.0	13.31	00.00	-2
GLDF	00.00	27.73	0.000000	0.150000	0.000000	0.150001	00.00	65.33	00.00	01.41	0376382.5	0000001.4	13.31	1000000.00	-2
0977	04	09.20175	09.20674	06.33	05.50	07.92	38.89	-0.09
0878	03	10.11833	10.11333	01.37	01.82	06.34	40.13	-0.02
0876	03	06.09887	06.09887	05.12	02.86	06.27	37.12	-0.05
0873	01	04.38863	04.39363	01.56	01.74	06.42	31.99	-0.03
0877	04	07.65153	07.64654	14.25	12.05	06.20	38.86	-0.05
0872	01	00.00000	00.00000	02.24	01.94	06.35	30.23	00.01
