RAW	190628	053240	225194	02
GEOM1	00.00	00.00	0.000000	0.000000	0.000000	0.000000	00.00	00.00	00.00	00.00	1000000.00	-3
GEOM2	00.00	00.00	0.000000	0.000000	0.000000	0.000000	00.00	00.00	00.00	00.00	0000.000	0000.000	1000000.00	-3
LDF	13.165107	0.136288	46.968697	0.124292	0491128.6	0244063.6	17.81	00.06	-1
GLDF	00.00	24.74	0.000000	0.150000	0.000000	0.150000	00.00	65.62	00.00	01.41	0491128.6	0000001.4	17.81	1000000.00	-2
0472	04	00.26732	00.26232	03.95	04.28	-0.52	30.05	-0.03
0777	01	00.00000	00.00000	01.41	01.28	04.48	38.84	-0.02
0573	04	01.81388	01.81388	07.52	07.27	01.13	31.81	-0.04
0872	01	04.03156	04.03656	02.51	00.69	06.35	30.23	00.01
0572	03	02.23740	02.23740	11.30	24.02	01.20	30.14	-0.04
0572	01	06.90923	06.91422	01.50	00.64	01.20	30.14	-0.04
