RAW	190611	115837	404047	02
GEOM1	00.00	00.00	0.000000	0.000000	0.000000	0.000000	00.00	00.00	00.00	00.00	1000000.00	-3
GEOM2	00.00	00.00	0.000000	0.000000	0.000000	0.000000	00.00	00.00	00.00	00.00	0000.000	0000.000	1000000.00	-3
LDF	15.478919	0.127941	50.500883	0.125105	0439160.9	0201505.9	15.76	00.01	-1
GLDF	00.00	27.94	0.000000	0.150000	0.000000	0.150000	00.00	66.40	00.00	01.41	0439160.9	0000001.4	15.76	1000000.00	-2
0772	01	02.62275	02.62275	01.26	01.30	04.71	30.23	-0.02
0774	04	05.45274	05.45274	06.80	03.45	04.56	33.62	-0.05
0674	03	02.66641	02.66641	17.88	05.06	02.84	33.58	-0.04
0575	02	00.00000	00.00000	01.97	02.26	01.13	35.27	-0.03
0675	04	03.70145	03.70145	05.12	07.50	02.84	35.32	-0.04
