RAW	190614	211833	335577	01
GEOM1	00.00	00.00	0.000000	0.000000	0.000000	0.000000	00.00	00.00	00.00	00.00	1000000.00	-4
GEOM2	00.00	00.00	0.000000	0.000000	0.000000	0.000000	00.00	00.00	00.00	00.00	0000.000	0000.000	1000000.00	-4
LDF	13.370100	0.124533	49.984100	0.129829	0000001.0	0208416.6	16.07	1000000.00	-3
GLDF	00.00	33.32	0.000000	0.150000	0.000000	0.150000	00.00	94.85	00.00	01.41	0000001.0	0000001.4	00.00	1000000.00	-4
0772	01	02.12667	02.13167	01.39	01.90	04.71	30.23	-0.02
0372	01	05.89996	05.90496	01.21	01.65	-2.24	30.01	-0.01
0574	04	03.30007	03.30506	09.30	07.92	01.13	33.54	-0.04
0674	02	00.00000	00.00000	04.80	06.23	02.84	33.58	-0.04
0474	02	01.00740	01.01239	04.83	04.77	-0.59	33.51	-0.01
