RAW	190608	054319	453779	01
GEOM1	00.00	00.00	0.000000	0.000000	0.000000	0.000000	00.00	00.00	00.00	00.00	1000000.00	-4
GEOM2	00.00	00.00	0.000000	0.000000	0.000000	0.000000	00.00	00.00	00.00	00.00	0000.000	0000.000	1000000.00	-4
LDF	11.724624	0.166890	46.485900	0.151697	0000001.0	0045847.6	01.24	1000000.00	-3
GLDF	00.00	41.60	0.000000	0.150000	0.000000	0.150000	00.00	100.05	00.00	01.41	0000001.0	0000001.4	00.00	1000000.00	-4
0472	04	00.00000	00.00000	02.74	02.87	-0.52	30.05	-0.03
0976	01	02.19158	02.19158	01.60	01.17	07.99	37.16	-0.09
0474	01	08.93703	08.93703	01.33	01.85	-0.59	33.51	-0.01
0672	02	00.36036	00.35537	14.92	15.05	02.92	30.12	-0.04
0572	02	02.82647	02.82647	11.84	07.26	01.20	30.14	-0.04
