RAW	190614	051726	288388	02
GEOM1	00.00	00.00	0.000000	0.000000	0.000000	0.000000	00.00	00.00	00.00	00.00	1000000.00	-3
GEOM2	00.00	00.00	0.000000	0.000000	0.000000	0.000000	00.00	00.00	00.00	00.00	0000.000	0000.000	1000000.00	-3
LDF	16.835589	0.152179	49.296384	0.103176	0043289.4	0027546.5	01.22	00.92	-1
GLDF	00.00	27.69	0.000000	0.150000	0.000000	0.150000	00.00	63.19	00.00	01.41	0043289.4	0000001.4	01.22	1000000.00	-2
0774	04	05.47530	05.47530	06.29	06.92	04.56	33.62	-0.05
0878	01	00.00000	00.00000	02.54	03.80	06.34	40.13	-0.02
0775	02	03.63451	03.63451	06.34	05.14	04.56	35.35	-0.05
0773	01	00.54379	00.54379	00.69	00.97	04.63	31.89	-0.04
0773	04	03.79157	03.79157	03.36	04.51	04.63	31.89	-0.04
