RAW	190606	044554	232539	02
GEOM1	00.00	00.00	0.000000	0.000000	0.000000	0.000000	00.00	00.00	00.00	00.00	1000000.00	-3
GEOM2	00.00	00.00	0.000000	0.000000	0.000000	0.000000	00.00	00.00	00.00	00.00	0000.000	0000.000	1000000.00	-3
LDF	14.404217	0.134719	51.064656	0.151623	0291446.5	0178159.0	10.00	03.67	-1
GLDF	00.00	22.10	0.000000	0.150000	0.000000	0.150000	00.00	61.22	00.00	01.41	0291446.5	0000001.4	10.00	1000000.00	-2
0674	03	04.49835	04.49335	16.13	13.90	02.84	33.58	-0.04
0575	04	02.87714	02.87714	05.21	16.68	01.13	35.27	-0.03
0675	04	02.24214	02.24214	14.21	15.39	02.84	35.32	-0.04
0976	01	00.00000	00.00000	02.08	02.58	07.99	37.16	-0.09
0972	01	11.20983	11.20983	01.43	02.24	08.14	30.22	00.02
