RAW	190625	051730	754894	02
GEOM1	00.00	00.00	0.000000	0.000000	0.000000	0.000000	00.00	00.00	00.00	00.00	1000000.00	-3
GEOM2	00.00	00.00	0.000000	0.000000	0.000000	0.000000	00.00	00.00	00.00	00.00	0000.000	0000.000	1000000.00	-3
LDF	14.900885	0.150019	50.017680	0.150000	1942737.8	1363152.6	80.30	00.00	-2
GLDF	00.00	27.78	0.000000	0.150000	0.000000	0.150000	00.00	59.25	00.00	01.41	1942737.8	0000001.4	80.30	1000000.00	-2
0774	04	00.37656	00.37156	05.41	04.54	04.56	33.62	-0.05
0372	01	00.41373	00.41373	01.20	01.33	-2.24	30.01	-0.01
0574	03	00.00000	00.00000	06.86	06.91	01.13	33.54	-0.04
0674	04	00.62653	00.62154	04.73	06.74	02.84	33.58	-0.04
0777	01	07.84056	07.83057	00.99	02.67	04.48	38.84	-0.02
0977	01	04.86584	04.85585	00.37	01.57	07.92	38.89	-0.09
0877	01	04.27198	04.26698	09.93	03.92	06.20	38.86	-0.05
