RAW	190627	162358	261932	03
GEOM1	00.92	00.14	17.673910	0.149360	48.094076	0.149997	72.10	01.24	179.88	02.13	00.00	-2
GEOM2	00.93	00.18	17.673925	0.120734	48.094081	0.149732	71.82	07.73	181.14	22.99	0000.487	0013.165	00.00	-3
LDF	17.134956	0.149946	49.313672	0.149645	0000003.6	0000001.1	07.31	00.03	00
GLDF	00.92	00.14	17.681126	0.149661	48.098537	0.145332	72.07	00.89	179.92	01.76	0000002.2	0000001.4	02.76	00.19	00
0772	04	01.68029	01.68029	04.06	02.58	04.71	30.23	-0.02
0774	03	00.28435	00.27436	19.37	44.62	04.56	33.62	-0.05
0873	04	00.00000	00.00000	11.29	05.92	06.42	31.99	-0.03
0776	01	03.44358	03.43858	00.97	00.94	04.49	37.09	-0.04
0773	04	01.70420	01.69921	08.50	06.85	04.63	31.89	-0.04
