RAW	190621	131817	562667	03
GEOM1	05.45	00.11	19.193644	0.149994	49.624511	0.150005	40.89	03.81	48.60	06.01	00.00	-2
GEOM2	05.49	00.52	19.193591	0.148831	49.624457	0.148644	40.85	07.31	47.16	16.86	0001.191	0019.130	00.00	-3
LDF	19.257259	0.103082	49.568903	0.116598	0012809.2	0005330.2	01.87	00.53	00
GLDF	05.45	00.08	19.263693	0.088403	49.561158	0.109267	41.22	02.82	47.55	04.92	0012547.3	0006175.4	01.89	00.60	00
0675	01	05.51796	05.51796	01.30	01.36	02.84	35.32	-0.04
0873	04	04.75798	04.75798	04.24	03.56	06.42	31.99	-0.03
0874	04	05.52292	05.51792	05.42	04.45	06.35	33.66	-0.06
0775	02	00.00000	00.00000	04.44	01.89	04.56	35.35	-0.05
0974	04	06.31635	06.31635	04.82	04.21	08.06	33.70	-0.06
