RAW	190616	125235	751128	03
GEOM1	05.03	00.04	16.741460	0.150001	50.057930	0.149795	06.11	21.09	355.93	818.95	00.03	-2
GEOM2	05.05	00.06	16.741568	0.105975	50.058036	0.063611	66.50	75.15	280.04	08.31	0017.126	0002.437	00.00	-3
LDF	16.777298	0.107857	50.058713	0.150086	1303603.9	0542144.0	471.94	00.11	-1
GLDF	05.04	00.01	16.716891	0.105739	50.057380	0.143232	00.35	05.67	01.64	262.63	1248752.8	0509103.0	49.50	16.47	-1
0772	01	10.67922	10.67922	01.29	00.81	04.71	30.23	-0.02
0774	04	05.09360	05.09360	04.70	06.20	04.56	33.62	-0.05
0674	02	01.56622	01.56622	01.21	01.77	02.84	33.58	-0.04
0674	04	05.74338	05.74338	06.32	05.32	02.84	33.58	-0.04
0874	04	06.40836	06.40836	05.38	04.67	06.35	33.66	-0.06
0872	01	11.33914	11.33914	01.11	01.43	06.35	30.23	00.01
0572	01	00.00000	00.00000	00.95	01.11	01.20	30.14	-0.04
