RAW	190617	125157	472767	02
GEOM1	00.00	00.00	0.000000	0.000000	0.000000	0.000000	00.00	00.00	00.00	00.00	1000000.00	-3
GEOM2	00.00	00.00	0.000000	0.000000	0.000000	0.000000	00.00	00.00	00.00	00.00	0000.000	0000.000	1000000.00	-3
LDF	10.957256	0.104816	46.469549	0.151608	0033913.5	0022411.1	00.79	00.63	-1
GLDF	00.00	26.08	0.000000	0.150000	0.000000	0.150001	00.00	92.50	00.00	01.41	0033913.5	0000001.4	00.79	1000000.00	-2
0372	04	07.54685	07.55185	03.43	03.07	-2.24	30.01	-0.01
0472	04	07.96633	07.97133	05.97	04.13	-0.52	30.05	-0.03
1076	01	00.00000	00.00000	00.85	01.47	09.70	37.20	-0.12
1076	01	12.15186	12.15186	00.86	01.51	09.70	37.20	-0.12
0572	02	05.78622	05.79122	06.92	14.75	01.20	30.14	-0.04
