RAW	190625	094318	723922	03
GEOM1	01.93	00.11	17.043637	0.149996	54.269594	0.149917	39.32	02.85	267.29	09.41	00.00	-2
GEOM2	01.98	00.42	17.043644	0.149755	54.269616	0.146780	38.90	04.23	273.27	43.80	0000.868	0018.932	00.00	-3
LDF	17.068407	0.162254	54.380763	0.079999	0014727.1	0007245.6	01.81	02.59	00
GLDF	01.86	00.07	17.095350	0.176733	54.384305	0.073161	38.61	02.44	269.40	08.21	0017333.5	0010168.8	01.88	03.46	00
0777	04	01.37219	01.37219	09.89	08.82	04.48	38.84	-0.02
0876	04	02.57084	02.57084	03.72	04.12	06.27	37.12	-0.05
0776	04	02.47725	02.47725	10.92	07.09	04.49	37.09	-0.04
0776	02	07.46383	07.46383	01.63	01.91	04.49	37.09	-0.04
0475	01	00.00000	00.00000	02.52	02.37	-0.66	35.24	-0.01
