RAW	190626	163419	812009	03
GEOM1	00.38	00.10	16.197374	0.150002	49.413204	0.150002	25.44	04.67	322.17	14.80	00.00	-2
GEOM2	00.46	00.62	16.197361	0.149374	49.413217	0.149519	25.54	03.96	320.10	16.35	0001.247	0022.700	00.00	-3
LDF	16.085182	0.107027	49.286442	0.105922	0107979.5	0043387.8	05.42	02.24	00
GLDF	00.38	00.07	16.072313	0.092890	49.268950	0.085680	26.28	03.45	317.83	12.72	0108384.5	0043119.2	05.70	02.53	00
0774	04	00.55166	00.56166	07.42	03.52	04.56	33.62	-0.05
0674	04	00.00000	00.00000	08.27	06.89	02.84	33.58	-0.04
1075	01	03.01507	03.02007	03.64	03.77	09.78	35.47	-0.10
0775	02	03.18252	03.18751	01.26	02.18	04.56	35.35	-0.05
0773	04	01.04998	01.05997	10.01	05.02	04.63	31.89	-0.04
