RAW	190622	234743	601961	01
GEOM1	00.00	00.00	0.000000	0.000000	0.000000	0.000000	00.00	00.00	00.00	00.00	1000000.00	-4
GEOM2	00.00	00.00	0.000000	0.000000	0.000000	0.000000	00.00	00.00	00.00	00.00	0000.000	0000.000	1000000.00	-4
LDF	16.949040	0.000412	46.672700	0.000173	0000001.0	0000000.0	00.00	1000000.00	-3
GLDF	00.00	31.62	0.000000	0.150000	0.000000	0.150000	00.00	76.93	00.00	01.41	0000001.0	0000001.4	00.00	1000000.00	-4
0772	04	03.49771	03.49271	12.74	03.95	04.71	30.23	-0.02
0977	01	00.00000	00.00000	00.55	00.48	07.92	38.89	-0.09
0976	01	11.48666	11.48166	00.54	01.45	07.99	37.16	-0.09
0672	02	06.48431	06.47431	04.29	06.02	02.92	30.12	-0.04
0572	02	03.10779	03.10779	20.18	10.27	01.20	30.14	-0.04
