RAW	190622	095147	813602	02
GEOM1	00.00	00.00	0.000000	0.000000	0.000000	0.000000	00.00	00.00	00.00	00.00	1000000.00	-3
GEOM2	00.00	00.00	0.000000	0.000000	0.000000	0.000000	00.00	00.00	00.00	00.00	0000.000	0000.000	1000000.00	-3
LDF	15.910599	0.066918	53.529670	0.150494	0063457.6	0024153.2	01.81	00.23	-1
GLDF	00.00	28.45	0.000000	0.150000	0.000000	0.150000	00.00	60.55	00.00	01.41	0063457.6	0000001.4	01.81	1000000.00	-2
0777	02	02.83582	02.83582	04.33	20.91	04.48	38.84	-0.02
0776	04	00.00000	00.00000	08.67	06.48	04.49	37.09	-0.04
0976	01	00.75541	00.75541	01.74	01.98	07.99	37.16	-0.09
0676	04	00.23538	00.23538	03.82	08.05	02.77	37.09	-0.03
0474	01	00.99265	00.98766	01.05	01.35	-0.59	33.51	-0.01
