RAW	190607	135136	916853	02
GEOM1	00.00	00.00	0.000000	0.000000	0.000000	0.000000	00.00	00.00	00.00	00.00	1000000.00	-3
GEOM2	00.00	00.00	0.000000	0.000000	0.000000	0.000000	00.00	00.00	00.00	00.00	0000.000	0000.000	1000000.00	-3
LDF	19.287219	0.168820	49.409869	0.168659	0118103.9	0121229.7	02.93	01.32	-1
GLDF	00.00	29.11	0.000000	0.150000	0.000000	0.150000	00.00	56.14	00.00	01.41	0118103.9	0000001.4	02.93	1000000.00	-2
0774	02	00.00000	00.00000	01.06	02.03	04.56	33.62	-0.05
0873	02	05.29578	05.29578	06.58	06.72	06.42	31.99	-0.03
0973	04	02.58273	02.58773	02.98	04.26	08.07	31.96	-0.03
0874	04	03.30307	03.30307	07.83	04.43	06.35	33.66	-0.06
0672	01	10.99438	10.99938	01.34	01.12	02.92	30.12	-0.04
