RAW	190605	122119	037871	03
GEOM1	03.90	00.09	14.988300	0.146182	46.580066	0.150265	38.19	04.67	06.04	33.25	01.02	-2
GEOM2	03.92	00.05	15.016227	0.070707	46.581592	0.122813	46.44	25.46	24.15	56.40	0005.560	0002.662	00.00	-3
LDF	15.049274	0.119278	46.580593	0.150330	0097283.4	0043016.6	20.58	00.12	-1
GLDF	03.93	00.07	15.032214	0.110715	46.577232	0.150459	38.61	04.01	07.17	26.06	0089456.5	0055896.4	12.39	01.84	-1
0772	04	05.48977	05.48477	02.97	05.17	04.71	30.23	-0.02
0973	01	00.00000	00.00000	01.25	01.91	08.07	31.96	-0.03
0976	01	08.36062	08.36062	01.88	01.36	07.99	37.16	-0.09
0672	04	04.06337	04.02339	22.70	10.63	02.92	30.12	-0.04
0572	04	03.10067	03.09567	07.93	05.12	01.20	30.14	-0.04
