RAW	190621	065507	269029	03
GEOM1	00.28	00.09	15.253574	0.149997	50.888328	0.150009	26.52	07.26	61.25	22.71	00.00	-2
GEOM2	00.35	00.35	15.253573	0.148694	50.888329	0.148582	32.81	29.18	46.12	48.66	0000.624	0015.865	00.00	-3
LDF	15.264200	0.154253	50.924415	0.056239	0056606.4	0017832.9	02.85	01.15	00
GLDF	00.30	00.07	15.271181	0.156094	50.926697	0.050731	26.64	06.06	61.54	18.74	0056442.9	0023468.8	02.52	01.67	00
0774	04	00.70802	00.70802	02.96	02.18	04.56	33.62	-0.05
0674	04	00.00000	00.00000	10.18	11.27	02.84	33.58	-0.04
0675	04	00.67458	00.67458	09.36	16.80	02.84	35.32	-0.04
0777	01	02.56407	02.56407	05.57	07.61	04.48	38.84	-0.02
0975	01	01.82845	01.83344	01.11	02.20	07.99	35.38	-0.08
0475	01	07.07208	07.07208	02.52	01.02	-0.66	35.24	-0.01
