RAW	190615	042349	842021	02
GEOM1	00.00	00.00	0.000000	0.000000	0.000000	0.000000	00.00	00.00	00.00	00.00	1000000.00	-3
GEOM2	00.00	00.00	0.000000	0.000000	0.000000	0.000000	00.00	00.00	00.00	00.00	0000.000	0000.000	1000000.00	-3
LDF	19.640356	0.150059	46.662388	0.150175	0113364.4	0099635.0	02.81	02.31	-1
GLDF	00.00	27.28	0.000000	0.150000	0.000000	0.150001	00.00	64.30	00.00	01.41	0113364.4	0000001.4	02.81	1000000.00	-2
0772	04	08.21715	08.21715	04.37	03.74	04.71	30.23	-0.02
0575	01	15.12271	15.12271	01.90	02.63	01.13	35.27	-0.03
0777	01	02.30715	02.30715	01.69	01.39	04.48	38.84	-0.02
0972	03	07.90941	07.90941	34.12	08.66	08.14	30.22	00.02
1073	02	00.00000	00.00000	01.71	02.18	09.86	32.00	-0.03
0872	04	06.71593	06.71593	04.65	05.01	06.35	30.23	00.01
