RAW	190608	160348	345859	02
GEOM1	00.00	00.00	0.000000	0.000000	0.000000	0.000000	00.00	00.00	00.00	00.00	1000000.00	-3
GEOM2	00.00	00.00	0.000000	0.000000	0.000000	0.000000	00.00	00.00	00.00	00.00	0000.000	0000.000	1000000.00	-3
LDF	12.721354	0.167016	47.556411	0.169259	0092000.3	0097902.9	02.35	01.22	-1
GLDF	00.00	26.96	0.000000	0.150000	0.000000	0.150001	00.00	89.67	00.00	01.41	0092000.3	0000001.4	02.35	1000000.00	-2
0472	04	09.51602	09.52102	03.47	02.87	-0.52	30.05	-0.03
0978	01	00.00000	00.00000	01.64	02.58	07.91	40.63	-0.05
0877	01	01.99059	01.99059	00.86	01.51	06.20	38.86	-0.05
0573	04	09.36424	09.36424	03.32	07.57	01.13	31.81	-0.04
0473	02	06.43642	06.43642	05.14	04.10	-0.52	31.76	-0.03
0473	02	14.81573	14.81573	01.36	02.23	-0.52	31.76	-0.03
