RAW	190630	201428	003368	02
GEOM1	00.00	00.00	0.000000	0.000000	0.000000	0.000000	00.00	00.00	00.00	00.00	1000000.00	-3
GEOM2	00.00	00.00	0.000000	0.000000	0.000000	0.000000	00.00	00.00	00.00	00.00	0000.000	0000.000	1000000.00	-3
LDF	15.938500	0.120732	49.216058	0.124209	0324781.7	0126061.0	11.33	00.33	-1
GLDF	00.00	25.21	0.000000	0.150000	0.000000	0.150000	00.00	62.57	00.00	01.41	0324781.7	0000001.4	11.33	1000000.00	-2
0774	02	02.19463	02.19463	04.91	02.67	04.56	33.62	-0.05
0574	02	09.40927	09.41426	02.14	01.15	01.13	33.54	-0.04
0674	04	04.25440	04.24940	06.81	08.43	02.84	33.58	-0.04
1076	01	00.00000	00.00000	01.63	01.32	09.70	37.20	-0.12
0773	04	04.62644	04.62644	07.22	05.09	04.63	31.89	-0.04
