RAW	190601	044003	420889	02
GEOM1	00.00	00.00	0.000000	0.000000	0.000000	0.000000	00.00	00.00	00.00	00.00	1000000.00	-3
GEOM2	00.00	00.00	0.000000	0.000000	0.000000	0.000000	00.00	00.00	00.00	00.00	0000.000	0000.000	1000000.00	-3
LDF	16.937065	0.150000	46.945275	0.150017	0160362.8	0172797.4	04.22	00.00	-2
GLDF	00.00	26.18	0.000000	0.150000	0.000000	0.150000	00.00	57.96	00.00	01.41	0160362.8	0000001.4	04.22	1000000.00	-2
0772	04	02.61628	02.61128	10.76	08.37	04.71	30.23	-0.02
0575	01	00.47828	00.47328	02.11	01.09	01.13	35.27	-0.03
0873	02	00.00000	00.00000	18.92	13.99	06.42	31.99	-0.03
0776	01	08.41957	08.41458	00.95	01.15	04.49	37.09	-0.04
0676	01	04.74017	04.73517	00.41	00.66	02.77	37.09	-0.03
0773	02	00.06459	00.06459	04.58	04.00	04.63	31.89	-0.04
0773	04	02.67781	02.67281	01.02	02.75	04.63	31.89	-0.04
