RAW	190610	134607	385205	02
GEOM1	00.00	00.00	0.000000	0.000000	0.000000	0.000000	00.00	00.00	00.00	00.00	1000000.00	-3
GEOM2	00.00	00.00	0.000000	0.000000	0.000000	0.000000	00.00	00.00	00.00	00.00	0000.000	0000.000	1000000.00	-3
LDF	10.890568	0.126978	47.348754	0.126062	0189331.8	0090418.3	05.36	00.07	-1
GLDF	00.00	26.95	0.000000	0.150000	0.000000	0.150001	00.00	80.96	00.00	01.41	0189331.8	0000001.4	05.36	1000000.00	-2
0772	01	00.00000	00.00000	01.33	01.07	04.71	30.23	-0.02
0372	04	03.57365	03.57365	03.74	03.84	-2.24	30.01	-0.01
0472	02	06.56440	06.56440	04.18	03.12	-0.52	30.05	-0.03
0974	01	01.03107	01.03607	03.10	02.40	08.06	33.70	-0.06
0473	04	03.69209	03.69209	04.77	03.67	-0.52	31.76	-0.03
