RAW	190610	024714	335366	02
GEOM1	00.00	00.00	0.000000	0.000000	0.000000	0.000000	00.00	00.00	00.00	00.00	1000000.00	-3
GEOM2	00.00	00.00	0.000000	0.000000	0.000000	0.000000	00.00	00.00	00.00	00.00	0000.000	0000.000	1000000.00	-3
LDF	17.970399	0.217554	49.587023	0.153010	0055394.7	0070586.5	01.62	02.41	-1
GLDF	01.96	00.06	17.749770	0.074081	50.079568	0.150222	48.53	00.93	180.90	01.41	0001662.3	0000001.4	00.61	00.19	-2
0772	02	07.86871	07.86871	02.33	01.51	04.71	30.23	-0.02
0774	04	02.72997	02.72997	06.20	04.51	04.56	33.62	-0.05
0576	01	04.79439	04.79938	01.23	01.19	01.05	37.01	-0.02
0575	01	01.29140	01.29640	01.09	00.84	01.13	35.27	-0.03
0873	03	00.00000	00.00000	04.99	04.80	06.42	31.99	-0.03
0874	04	01.38442	01.38442	07.23	06.43	06.35	33.66	-0.06
0474	01	06.73319	06.72820	00.91	01.32	-0.59	33.51	-0.01
