RAW	190608	150422	609655	02
GEOM1	00.00	00.00	0.000000	0.000000	0.000000	0.000000	00.00	00.00	00.00	00.00	1000000.00	-3
GEOM2	00.00	00.00	0.000000	0.000000	0.000000	0.000000	00.00	00.00	00.00	00.00	0000.000	0000.000	1000000.00	-3
LDF	16.840617	0.149972	49.176818	0.079488	0039722.9	0018693.2	01.06	00.03	-1
GLDF	03.42	00.13	16.840427	0.149209	49.172273	0.086986	56.12	01.41	04.22	02.02	0001118.2	0000336.0	03.15	00.02	-2
0774	04	03.50663	03.52662	03.98	03.60	04.56	33.62	-0.05
0673	01	07.76268	07.76268	01.26	01.01	02.92	31.83	-0.04
0674	02	06.18089	06.18588	07.98	08.54	02.84	33.58	-0.04
0876	01	00.00000	00.00000	01.65	01.78	06.27	37.12	-0.05
0773	04	03.46013	03.46013	03.83	04.48	04.63	31.89	-0.04
