RAW	190609	234834	768825	02
GEOM1	00.00	00.00	0.000000	0.000000	0.000000	0.000000	00.00	00.00	00.00	00.00	1000000.00	-3
GEOM2	00.00	00.00	0.000000	0.000000	0.000000	0.000000	00.00	00.00	00.00	00.00	0000.000	0000.000	1000000.00	-3
LDF	17.523394	0.152669	47.916196	0.169613	0039349.5	0042425.8	01.05	01.76	-1
GLDF	00.00	26.88	0.000000	0.150000	0.000000	0.150000	00.00	55.10	00.00	01.41	0039349.5	0000001.4	01.05	1000000.00	-2
0772	04	00.76719	00.76719	03.42	04.14	04.71	30.23	-0.02
0777	01	06.73492	06.72992	01.03	01.88	04.48	38.84	-0.02
0777	01	08.35383	08.35883	03.34	02.31	04.48	38.84	-0.02
0876	01	05.13557	05.13557	02.44	02.68	06.27	37.12	-0.05
0873	03	02.30855	02.30855	04.62	05.71	06.42	31.99	-0.03
0773	04	00.00000	00.00000	03.55	08.81	04.63	31.89	-0.04
