RAW	190629	063850	831004	02
GEOM1	00.00	00.00	0.000000	0.000000	0.000000	0.000000	00.00	00.00	00.00	00.00	1000000.00	-3
GEOM2	00.00	00.00	0.000000	0.000000	0.000000	0.000000	00.00	00.00	00.00	00.00	0000.000	0000.000	1000000.00	-3
LDF	13.405302	0.150000	47.439918	0.075190	0039021.3	0017460.6	01.03	00.07	-1
GLDF	00.00	26.57	0.000000	0.150000	0.000000	0.150001	00.00	72.92	00.00	01.41	0039021.3	0000001.4	01.03	1000000.00	-2
0472	02	02.25613	02.25113	03.88	04.44	-0.52	30.05	-0.03
1075	01	00.00000	00.00000	02.62	01.96	09.78	35.47	-0.10
0975	01	01.19757	01.19757	01.38	03.31	07.99	35.38	-0.08
0573	04	05.41573	05.41573	04.12	05.54	01.13	31.81	-0.04
0572	04	04.61750	04.61750	03.87	04.56	01.20	30.14	-0.04
