RAW	190626	221456	718902	01
GEOM1	00.00	00.00	0.000000	0.000000	0.000000	0.000000	00.00	00.00	00.00	00.00	1000000.00	-4
GEOM2	00.00	00.00	0.000000	0.000000	0.000000	0.000000	00.00	00.00	00.00	00.00	0000.000	0000.000	1000000.00	-4
LDF	11.724624	0.067482	46.485900	0.148952	0000001.0	0029706.4	02.30	1000000.00	-3
GLDF	09.22	00.00	11.724459	0.034807	46.489400	0.036020	06.86	05.25	132.25	43.64	0000000.1	0000000.7	00.00	00.00	-4
0472	04	09.25029	09.25029	06.90	04.20	-0.52	30.05	-0.03
0575	01	00.00000	00.00000	01.25	02.08	01.13	35.27	-0.03
0776	01	07.82036	07.82536	02.68	02.59	04.49	37.09	-0.04
0976	01	12.10802	12.11301	00.46	01.00	07.99	37.16	-0.09
0573	02	06.77026	06.77525	04.68	04.70	01.13	31.81	-0.04
