RAW	190625	025806	193705	02
GEOM1	00.00	00.00	0.000000	0.000000	0.000000	0.000000	00.00	00.00	00.00	00.00	1000000.00	-3
GEOM2	00.00	00.00	0.000000	0.000000	0.000000	0.000000	00.00	00.00	00.00	00.00	0000.000	0000.000	1000000.00	-3
LDF	12.248006	0.164226	46.528133	0.150913	0399309.6	0316099.6	14.20	01.79	-1
GLDF	03.83	00.19	12.415032	0.142649	46.556597	0.151072	63.92	08.22	324.11	02.34	37312940813.8	1329660787.4	16.69	1000000.00	-2
0372	04	02.51222	02.51722	03.38	04.29	-2.24	30.01	-0.01
0472	03	03.00285	03.00785	03.32	02.69	-0.52	30.05	-0.03
0575	01	00.67844	00.68844	03.48	01.34	01.13	35.27	-0.03
0777	01	06.25827	06.26826	03.29	01.36	04.48	38.84	-0.02
0877	01	00.00000	00.00000	00.99	00.81	06.20	38.86	-0.05
0572	04	04.71746	04.72246	12.40	05.46	01.20	30.14	-0.04
