RAW	190613	122734	882979	03
GEOM1	05.98	00.10	16.107843	0.149999	49.377178	0.150000	09.91	05.58	314.15	50.96	00.00	-2
GEOM2	06.09	00.86	16.107855	0.149779	49.377172	0.149787	10.37	04.17	314.31	36.06	0001.314	0025.085	00.00	-3
LDF	15.988468	0.121061	49.263652	0.154985	0156907.5	0091844.1	04.46	03.20	00
GLDF	05.99	00.09	15.970724	0.102800	49.220606	0.129366	10.93	04.83	302.57	37.51	0177800.6	0080600.6	05.46	04.00	00
0774	04	06.18997	06.18997	04.16	02.00	04.56	33.62	-0.05
0674	04	05.96406	05.96906	04.86	08.56	02.84	33.58	-0.04
0575	01	00.00000	00.00000	00.78	01.14	01.13	35.27	-0.03
0873	01	06.27545	06.27545	01.48	01.20	06.42	31.99	-0.03
1075	01	06.62075	06.62075	03.02	03.27	09.78	35.47	-0.10
0773	04	06.41158	06.41158	07.12	05.14	04.63	31.89	-0.04
