RAW	190606	052852	390441	02
GEOM1	00.00	00.00	0.000000	0.000000	0.000000	0.000000	00.00	00.00	00.00	00.00	1000000.00	-3
GEOM2	00.00	00.00	0.000000	0.000000	0.000000	0.000000	00.00	00.00	00.00	00.00	0000.000	0000.000	1000000.00	-3
LDF	16.845938	0.153045	49.050308	0.155984	0030679.4	0031710.3	00.62	01.11	-1
GLDF	00.00	28.68	0.000000	0.150000	0.000000	0.150000	00.00	63.70	00.00	01.41	0030679.4	0000001.4	00.62	1000000.00	-2
0772	02	05.79970	05.79470	03.18	03.98	04.71	30.23	-0.02
0774	04	05.02545	05.02545	04.10	02.39	04.56	33.62	-0.05
0574	01	00.74760	00.74760	00.89	01.30	01.13	33.54	-0.04
0973	01	05.34362	05.34362	01.33	01.61	08.07	31.96	-0.03
0874	01	05.22383	05.22383	01.05	01.56	06.35	33.66	-0.06
0972	01	00.00000	00.00000	00.80	01.21	08.14	30.22	00.02
0773	04	03.92574	03.93073	06.08	05.78	04.63	31.89	-0.04
