RAW	190605	123535	275928	02
GEOM1	00.00	00.00	0.000000	0.000000	0.000000	0.000000	00.00	00.00	00.00	00.00	1000000.00	-3
GEOM2	00.00	00.00	0.000000	0.000000	0.000000	0.000000	00.00	00.00	00.00	00.00	0000.000	0000.000	1000000.00	-3
LDF	13.914629	0.151461	47.405418	0.097062	0101971.9	0057716.7	02.56	01.56	-1
GLDF	00.00	24.03	0.000000	0.150000	0.000000	0.150001	00.00	77.68	00.00	01.41	0101971.9	0000001.4	02.56	1000000.00	-2
0874	01	00.00000	00.00000	01.28	01.06	06.35	33.66	-0.06
0573	04	07.39658	07.39658	11.33	03.30	01.13	31.81	-0.04
0672	03	05.19002	05.19002	05.53	05.04	02.92	30.12	-0.04
0475	01	06.85448	06.85448	01.39	01.45	-0.66	35.24	-0.01
0572	04	08.50762	08.50762	06.59	04.29	01.20	30.14	-0.04
