RAW	190601	033741	999396	02
GEOM1	00.00	00.00	0.000000	0.000000	0.000000	0.000000	00.00	00.00	00.00	00.00	1000000.00	-3
GEOM2	00.00	00.00	0.000000	0.000000	0.000000	0.000000	00.00	00.00	00.00	00.00	0000.000	0000.000	1000000.00	-3
LDF	15.123748	0.149983	49.128282	0.070826	0058009.4	0023209.2	01.68	00.05	-1
GLDF	00.00	26.61	0.000000	0.150000	0.000000	0.150001	00.00	73.18	00.00	01.41	0058009.4	0000001.4	01.68	1000000.00	-2
0673	04	08.17904	08.17904	05.30	06.38	02.92	31.83	-0.04
0674	04	06.86695	06.86695	05.37	05.11	02.84	33.58	-0.04
0674	01	15.52606	15.52107	00.90	01.75	02.84	33.58	-0.04
0675	02	08.92184	08.92184	05.05	04.62	02.84	35.32	-0.04
1073	01	00.00000	00.00000	01.21	01.45	09.86	32.00	-0.03
0473	01	09.56483	09.56483	01.74	01.01	-0.52	31.76	-0.03
