RAW	190624	170011	312817	03
GEOM1	07.01	00.05	14.979669	0.158446	51.751946	0.169162	02.26	17.37	174.58	505.89	06.60	-2
GEOM2	07.05	00.13	15.025809	0.152044	51.754130	0.156664	14.87	348.38	225.93	1330.33	-012.814	0002.785	00.00	-3
LDF	15.047687	0.103284	51.754747	0.150021	1313283.7	0521001.6	52.01	00.04	-1
GLDF	07.09	00.01	14.946883	0.130940	51.700735	0.021446	59.76	00.99	266.63	08.66	0004807.1	0000149.1	79.92	1000000.00	-1
0575	04	06.75198	06.75697	06.94	04.96	01.13	35.27	-0.03
0675	01	05.35627	05.36627	01.17	00.38	02.84	35.32	-0.04
0675	04	07.06510	07.07009	05.87	05.91	02.84	35.32	-0.04
0775	04	05.99614	05.99614	04.70	05.99	04.56	35.35	-0.05
0974	01	00.00000	00.00000	00.73	01.17	08.06	33.70	-0.06
0972	01	06.10457	06.10457	00.94	01.84	08.14	30.22	00.02
