RAW	190628	225330	843820	02
GEOM1	00.00	00.00	0.000000	0.000000	0.000000	0.000000	00.00	00.00	00.00	00.00	1000000.00	-3
GEOM2	00.00	00.00	0.000000	0.000000	0.000000	0.000000	00.00	00.00	00.00	00.00	0000.000	0000.000	1000000.00	-3
LDF	13.370235	0.152543	49.204747	0.064940	0097053.5	0035849.0	02.45	01.33	-1
GLDF	00.00	21.56	0.000000	0.150000	0.000000	0.150001	00.00	71.30	00.00	01.41	0097053.5	0000001.4	02.45	1000000.00	-2
0772	01	00.00000	00.00000	02.00	01.38	04.71	30.23	-0.02
0574	04	06.78883	06.78883	16.67	11.48	01.13	33.54	-0.04
0777	01	09.91212	09.90712	00.71	01.24	04.48	38.84	-0.02
0873	01	13.23970	13.23470	00.72	01.42	06.42	31.99	-0.03
0573	04	05.94079	05.93579	06.00	09.74	01.13	31.81	-0.04
0572	02	03.77998	03.77998	05.56	04.66	01.20	30.14	-0.04
