RAW	190605	115625	053280	03
GEOM1	00.59	00.09	18.456238	0.150356	46.981225	0.148988	35.87	05.79	229.16	09.98	00.00	-2
GEOM2	00.63	00.12	18.456251	0.132121	46.981239	0.136252	37.57	06.57	219.64	28.61	0000.277	0010.631	00.00	-3
LDF	18.479141	0.135140	47.008183	0.133194	0124314.3	0060526.8	14.36	00.14	-1
GLDF	00.56	00.06	18.485468	0.128998	47.009851	0.132240	35.28	04.77	230.36	08.58	0133551.8	0091724.8	13.95	00.16	-1
0772	04	01.48042	01.48042	04.98	03.94	04.71	30.23	-0.02
0575	01	06.75702	06.75202	01.28	01.21	01.13	35.27	-0.03
0978	01	04.66438	04.65938	04.01	04.96	07.91	40.63	-0.05
0873	04	00.00000	00.00000	08.63	08.33	06.42	31.99	-0.03
0975	01	02.42547	02.42547	01.72	01.02	07.99	35.38	-0.08
0872	04	00.67606	00.66607	25.78	45.47	06.35	30.23	00.01
