RAW	190609	064614	611654	02
GEOM1	00.00	00.00	0.000000	0.000000	0.000000	0.000000	00.00	00.00	00.00	00.00	1000000.00	-3
GEOM2	00.00	00.00	0.000000	0.000000	0.000000	0.000000	00.00	00.00	00.00	00.00	0000.000	0000.000	1000000.00	-3
LDF	16.403144	0.149413	51.162680	0.092787	0110752.4	0063532.7	02.75	00.13	-1
GLDF	00.00	23.67	0.000000	0.150000	0.000000	0.150000	00.00	55.49	00.00	01.41	0110752.4	0000001.4	02.75	1000000.00	-2
0774	04	01.72432	01.72932	04.16	02.37	04.56	33.62	-0.05
0674	03	04.33318	04.33318	09.32	04.85	02.84	33.58	-0.04
1075	01	00.00000	00.00000	00.28	00.68	09.78	35.47	-0.10
0775	04	02.05958	02.05958	18.67	22.90	04.56	35.35	-0.05
0475	01	04.61603	04.61603	01.77	01.17	-0.66	35.24	-0.01
