RAW	190630	021329	636496	02
GEOM1	00.00	00.00	0.000000	0.000000	0.000000	0.000000	00.00	00.00	00.00	00.00	1000000.00	-3
GEOM2	00.00	00.00	0.000000	0.000000	0.000000	0.000000	00.00	00.00	00.00	00.00	0000.000	0000.000	1000000.00	-3
LDF	21.431260	0.209099	53.232437	0.155601	0032467.5	0045449.9	00.71	02.67	-1
GLDF	00.00	28.85	0.000000	0.150000	0.000000	0.150000	00.00	51.88	00.00	01.41	0032467.5	0000001.4	00.71	1000000.00	-2
1075	03	00.00000	00.00000	04.06	04.41	09.78	35.47	-0.10
1076	04	01.99515	01.99515	08.79	11.14	09.70	37.20	-0.12
0976	04	00.63308	00.62808	05.50	05.30	07.99	37.16	-0.09
1072	01	01.35508	01.35508	01.22	02.10	09.86	30.29	00.00
0474	01	00.23809	00.24309	01.08	01.09	-0.59	33.51	-0.01
