RAW	190609	004957	621274	04
GEOM1	05.43	00.22	16.761784	0.134195	50.238749	0.150906	18.60	82.83	287.83	78.21	04.44	-1
GEOM2	05.43	00.15	16.869548	0.100458	50.182274	0.129363	89.92	10.37	292.91	09.14	0027.044	0003.683	43.20	-2
LDF	16.840240	0.100451	50.251094	0.150130	1436364.2	0508656.5	659.61	01.86	00
GLDF	05.56	00.02	16.854677	0.048515	50.161052	0.032650	32.26	06.18	289.37	17.11	428204577765.4	167215531429.4	3769.97	1000000.00	01
0774	04	05.57779	05.57779	03.55	03.16	04.56	33.62	-0.05
0674	04	07.22941	07.23441	04.99	06.97	02.84	33.58	-0.04
0575	04	05.27319	05.28319	02.74	01.77	01.13	35.27	-0.03
0675	02	00.00000	00.00000	01.51	01.41	02.84	35.32	-0.04
0777	01	06.63135	06.63635	01.85	01.44	04.48	38.84	-0.02
0878	01	11.88137	11.88637	01.65	01.21	06.34	40.13	-0.02
0874	04	07.32626	07.32626	07.33	11.38	06.35	33.66	-0.06
0775	02	02.92197	02.92697	02.13	01.90	04.56	35.35	-0.05
