RAW	190618	094616	192918	03
GEOM1	00.39	00.54	13.739240	0.520242	49.641384	0.396432	59.63	04.31	334.68	02.81	00.00	-2
GEOM2	00.42	00.12	13.739272	0.108626	49.641345	0.135480	64.65	22.63	333.10	07.76	0000.137	0006.846	00.00	-3
LDF	13.756123	0.160569	49.596286	0.170419	0000143.6	0000132.6	00.00	04.36	00
GLDF	00.45	00.14	13.763975	0.168137	49.557691	0.187195	60.81	04.23	334.39	02.11	0000133.5	0000150.0	00.23	06.33	00
0472	02	06.11734	06.11234	03.08	02.11	-0.52	30.05	-0.03
0574	04	00.00000	00.00000	15.39	09.62	01.13	33.54	-0.04
0674	04	01.37755	01.37255	04.81	04.42	02.84	33.58	-0.04
1075	01	06.59745	06.58746	01.56	02.08	09.78	35.47	-0.10
0573	04	00.71656	00.71156	03.67	05.03	01.13	31.81	-0.04
