RAW	190617	040721	447051	03
GEOM1	06.74	00.13	17.585922	0.150032	48.852593	0.150093	61.93	01.76	318.81	02.18	00.00	-2
GEOM2	06.74	00.39	17.585922	0.145899	48.852592	0.146880	62.10	11.75	318.68	07.83	0001.183	0017.490	00.00	-3
LDF	17.560787	0.126779	48.825990	0.132401	0000175.6	0000071.7	02.17	00.15	00
GLDF	06.73	00.12	17.555396	0.117349	48.818418	0.126602	61.89	01.53	318.60	01.68	0000180.2	0000110.0	02.20	00.19	00
0772	02	00.00000	00.00000	03.13	01.81	04.71	30.23	-0.02
0774	04	05.57249	05.57249	03.80	02.85	04.56	33.62	-0.05
0876	01	07.59617	07.59617	02.13	01.26	06.27	37.12	-0.05
0873	04	07.73420	07.73420	04.34	05.42	06.42	31.99	-0.03
0773	04	06.62889	06.62389	03.28	04.22	04.63	31.89	-0.04
