RAW	190619	042128	827895	03
GEOM1	04.45	00.14	18.975406	0.148186	54.906845	0.144874	89.78	14.01	128.41	00.77	00.00	-2
GEOM2	04.45	00.37	18.975373	0.148162	54.906874	0.170846	83.46	458.71	128.47	05.81	0000.268	0037.439	00.00	-3
LDF	18.975399	  -nan	54.906853	  -nan	0000001.0	      nan	  inf	1000000.00	00
GLDF	04.45	 -nan	18.975406	  -nan	54.906845	  -nan	89.78	 -nan	128.41	 -nan	0000001.0	      nan	  inf	1000000.00	00
0977	04	04.06566	04.06566	06.95	06.02	07.92	38.89	-0.09
0876	04	03.70247	03.70247	06.35	03.61	06.27	37.12	-0.05
0877	04	05.09006	05.09006	15.05	05.23	06.20	38.86	-0.05
1072	01	00.00000	00.00000	02.67	01.52	09.86	30.29	00.00
0572	01	02.68102	02.68102	01.34	01.18	01.20	30.14	-0.04
