RAW	190604	133731	342030	02
GEOM1	00.00	00.00	0.000000	0.000000	0.000000	0.000000	00.00	00.00	00.00	00.00	1000000.00	-3
GEOM2	00.00	00.00	0.000000	0.000000	0.000000	0.000000	00.00	00.00	00.00	00.00	0000.000	0000.000	1000000.00	-3
LDF	17.895067	0.216977	50.083102	0.153310	0027422.3	0040844.9	00.47	01.33	-1
GLDF	00.00	29.53	0.000000	0.150000	0.000000	0.150000	00.00	60.67	00.00	01.41	0027422.3	0000001.4	00.47	1000000.00	-2
0774	04	04.04551	04.04551	03.20	03.24	04.56	33.62	-0.05
0874	04	02.79071	02.79071	03.87	08.71	06.35	33.66	-0.06
1075	01	10.08973	10.09472	04.34	00.80	09.78	35.47	-0.10
0775	02	06.07302	06.07302	06.20	04.26	04.56	35.35	-0.05
0872	01	00.00000	00.00000	00.84	01.13	06.35	30.23	00.01
