RAW	190604	143120	431559	01
GEOM1	00.00	00.00	0.000000	0.000000	0.000000	0.000000	00.00	00.00	00.00	00.00	1000000.00	-4
GEOM2	00.00	00.00	0.000000	0.000000	0.000000	0.000000	00.00	00.00	00.00	00.00	0000.000	0000.000	1000000.00	-4
LDF	10.006950	0.152775	46.449300	0.104070	0000001.0	0032003.5	01.47	1000000.00	-3
GLDF	00.00	30.81	0.000000	0.150000	0.000000	0.150000	00.00	121.85	00.00	01.41	0000001.0	0000001.4	00.00	1000000.00	-4
0372	04	05.72375	05.72375	08.40	06.21	-2.24	30.01	-0.01
0472	02	07.76891	07.76891	03.50	02.90	-0.52	30.05	-0.03
0674	01	02.06020	02.06020	01.19	01.46	02.84	33.58	-0.04
0473	01	00.00000	00.00000	00.98	00.99	-0.52	31.76	-0.03
0475	01	11.84477	11.83977	01.05	01.44	-0.66	35.24	-0.01
