RAW	190612	045102	934773	02
GEOM1	00.00	00.00	0.000000	0.000000	0.000000	0.000000	00.00	00.00	00.00	00.00	1000000.00	-3
GEOM2	00.00	00.00	0.000000	0.000000	0.000000	0.000000	00.00	00.00	00.00	00.00	0000.000	0000.000	1000000.00	-3
LDF	13.882120	0.126498	52.813354	0.115126	0486967.4	0180958.4	17.65	00.22	-1
GLDF	00.00	25.30	0.000000	0.150000	0.000000	0.150000	00.00	67.75	00.00	01.41	0486967.4	0000001.4	17.65	1000000.00	-2
0472	01	01.45179	01.45179	01.56	02.25	-0.52	30.05	-0.03
0576	03	01.25760	01.25760	07.76	06.64	01.05	37.01	-0.02
0575	04	02.70474	02.70474	12.77	07.33	01.13	35.27	-0.03
1076	01	00.00000	00.00000	04.01	02.68	09.70	37.20	-0.12
0676	04	04.22903	04.22903	08.41	06.44	02.77	37.09	-0.03
