RAW	190606	104800	208947	03
GEOM1	06.34	00.13	12.070744	0.149982	47.327105	0.150005	54.93	06.10	336.76	02.20	00.00	-2
GEOM2	06.36	00.45	12.070750	0.146073	47.327107	0.149063	56.72	28.22	337.25	10.00	0001.064	0019.929	00.00	-3
LDF	12.052512	0.147819	47.207485	0.077753	0003267.3	0000963.1	12.75	02.77	00
GLDF	06.37	00.13	12.054629	0.147760	47.195318	0.071637	55.75	05.73	336.51	01.79	0002756.6	0003341.6	10.36	03.81	00
0472	04	06.39648	06.39148	12.73	13.74	-0.52	30.05	-0.03
0675	01	00.00000	00.00000	01.36	00.89	02.84	35.32	-0.04
0775	01	03.91199	03.90700	01.56	01.49	04.56	35.35	-0.05
1072	01	04.92257	04.91258	00.82	01.10	09.86	30.29	00.00
0573	04	07.12658	07.12158	03.98	06.81	01.13	31.81	-0.04
0473	04	05.84304	05.84304	05.63	08.45	-0.52	31.76	-0.03
