RAW	190607	014729	419644	03
GEOM1	06.89	00.15	13.591743	0.148912	52.524395	0.136283	85.39	06.13	342.04	00.49	03.46	-2
GEOM2	06.85	01.14	13.617971	0.150011	52.604714	0.150013	88.18	1154.50	341.89	03.12	0003.567	0043.696	00.00	-3
LDF	13.766065	0.000001	52.653480	0.000000	0000000.0	0000000.0	00.00	22.97	00
GLDF	06.89	00.05	13.582409	0.054653	52.495740	0.105280	85.35	00.35	342.01	00.39	0000000.0	0000000.0	00.00	38.41	00
0372	01	09.48005	09.47006	01.14	01.20	-2.24	30.01	-0.01
0576	04	06.32465	06.31965	22.01	11.22	01.05	37.01	-0.02
0575	04	06.93753	06.93254	27.67	21.00	01.13	35.27	-0.03
0676	04	07.99975	07.98976	08.81	07.48	02.77	37.09	-0.03
0872	01	00.00000	00.00000	01.28	00.46	06.35	30.23	00.01
