RAW	190616	134051	767439	03
GEOM1	07.11	00.12	11.191607	0.150048	46.817835	0.149964	49.62	02.80	31.46	03.69	00.00	-2
GEOM2	07.13	00.31	11.191614	0.144371	46.817843	0.147459	50.24	04.86	33.09	20.50	0000.951	0018.377	00.00	-3
LDF	11.146882	0.096250	46.920559	0.135495	0005609.6	0002208.2	03.93	01.20	00
GLDF	07.14	00.10	11.157220	0.089871	46.947851	0.115199	50.00	02.03	32.59	02.58	0005624.5	0002595.2	03.97	01.36	00
0372	04	06.23537	06.24037	11.43	04.43	-2.24	30.01	-0.01
0472	04	07.35589	07.36089	20.86	04.14	-0.52	30.05	-0.03
0977	01	00.00000	00.00000	02.42	01.12	07.92	38.89	-0.09
1075	01	10.78393	10.78393	00.78	02.13	09.78	35.47	-0.10
0473	04	08.09818	08.09818	05.96	04.29	-0.52	31.76	-0.03
0475	01	14.51658	14.52158	01.28	01.20	-0.66	35.24	-0.01
