RAW	190625	041821	631635	02
GEOM1	00.00	00.00	0.000000	0.000000	0.000000	0.000000	00.00	00.00	00.00	00.00	1000000.00	-3
GEOM2	00.00	00.00	0.000000	0.000000	0.000000	0.000000	00.00	00.00	00.00	00.00	0000.000	0000.000	1000000.00	-3
LDF	16.003981	0.086758	46.613381	0.150315	0045742.9	0023285.4	01.31	00.23	-1
GLDF	00.00	27.36	0.000000	0.150000	0.000000	0.150000	00.00	58.11	00.00	01.41	0045742.9	0000001.4	01.31	1000000.00	-2
0772	04	00.74787	00.74787	03.38	03.83	04.71	30.23	-0.02
0673	02	03.29034	03.29034	05.65	04.87	02.92	31.83	-0.04
0674	01	06.51531	06.52030	01.05	01.68	02.84	33.58	-0.04
0675	01	01.23299	01.22799	01.53	01.63	02.84	35.32	-0.04
1075	01	05.13345	05.13345	01.04	00.82	09.78	35.47	-0.10
0672	04	01.17776	01.17776	04.48	04.75	02.92	30.12	-0.04
0572	01	00.00000	00.00000	00.43	00.94	01.20	30.14	-0.04
