RAW	190623	175955	709850	03
GEOM1	00.44	00.11	12.425126	0.149993	50.403877	0.150001	36.56	03.75	09.45	08.76	00.00	-2
GEOM2	00.49	14.29	12.425091	0.149997	50.403873	0.150002	37.19	115.51	13.30	912.36	0000.950	0586.302	00.00	-3
LDF	12.553164	0.083802	50.437701	0.170493	0025886.3	0014432.5	02.35	03.82	00
GLDF	00.51	00.07	12.561236	0.076703	50.455460	0.181173	36.67	03.21	07.68	07.19	0027099.9	0018608.0	02.50	05.23	00
0574	04	01.03303	01.03303	11.75	10.13	01.13	33.54	-0.04
0576	02	05.51058	05.51058	02.61	01.49	01.05	37.01	-0.02
0978	01	08.34524	08.34025	01.05	01.55	07.91	40.63	-0.05
0775	01	04.48745	04.48745	10.48	05.66	04.56	35.35	-0.05
0474	04	00.00000	00.00000	04.98	08.61	-0.59	33.51	-0.01
0672	01	03.50578	03.50578	02.21	00.77	02.92	30.12	-0.04
0475	04	00.22120	00.22120	05.96	06.12	-0.66	35.24	-0.01
