RAW	190617	221209	472919	02
GEOM1	00.00	00.00	0.000000	0.000000	0.000000	0.000000	00.00	00.00	00.00	00.00	1000000.00	-3
GEOM2	00.00	00.00	0.000000	0.000000	0.000000	0.000000	00.00	00.00	00.00	00.00	0000.000	0000.000	1000000.00	-3
LDF	14.662028	0.122593	49.594509	0.128096	0537479.4	0233284.4	19.66	00.03	-1
GLDF	00.00	25.27	0.000000	0.150000	0.000000	0.150000	00.00	62.62	00.00	01.41	0537479.4	0000001.4	19.66	1000000.00	-2
0574	04	02.25728	02.25728	06.47	07.34	01.13	33.54	-0.04
0673	04	01.16180	01.16180	06.01	06.02	02.92	31.83	-0.04
0674	03	00.00000	00.00000	19.61	06.60	02.84	33.58	-0.04
0575	02	07.30824	07.30325	00.95	02.54	01.13	35.27	-0.03
0876	01	08.03424	08.03424	00.96	00.89	06.27	37.12	-0.05
