RAW	190604	053002	777578	01
GEOM1	00.00	00.00	0.000000	0.000000	0.000000	0.000000	00.00	00.00	00.00	00.00	1000000.00	-4
GEOM2	00.00	00.00	0.000000	0.000000	0.000000	0.000000	00.00	00.00	00.00	00.00	0000.000	0000.000	1000000.00	-4
LDF	10.006950	0.149074	46.449300	0.150879	0000001.0	0512660.4	33.90	1000000.00	-3
GLDF	00.00	36.38	0.000000	0.150000	0.000000	0.150000	00.00	109.55	00.00	01.41	0000001.0	0000001.4	00.00	1000000.00	-4
0372	04	01.38116	01.38616	04.57	03.82	-2.24	30.01	-0.01
0472	02	04.38990	04.39490	04.77	05.50	-0.52	30.05	-0.03
1076	01	00.00000	00.00000	00.61	01.46	09.70	37.20	-0.12
0877	01	01.81583	01.82583	04.70	01.43	06.20	38.86	-0.05
0572	02	02.37055	02.37554	04.71	03.40	01.20	30.14	-0.04
