RAW	190622	210115	842020	03
GEOM1	01.53	00.11	14.490402	0.150027	47.948580	0.150052	44.07	04.72	336.11	08.13	00.00	-2
GEOM2	01.57	00.38	14.490403	0.146334	47.948579	0.148786	44.93	07.66	331.72	32.89	0000.709	0015.534	00.00	-3
LDF	14.825904	0.150277	48.245629	0.151085	0020144.5	0014997.6	05.67	02.00	-1
GLDF	01.55	00.10	14.519749	0.092152	47.945333	0.142799	43.95	04.00	336.50	06.75	0007785.1	0004987.8	01.67	03.06	00
0774	03	00.00000	00.00000	02.81	04.21	04.56	33.62	-0.05
0673	04	01.91365	01.91865	17.96	08.21	02.92	31.83	-0.04
0974	01	06.87142	06.87142	00.78	00.49	08.06	33.70	-0.06
0573	04	00.82159	00.82159	04.51	03.62	01.13	31.81	-0.04
0572	04	01.45424	01.45424	03.79	04.21	01.20	30.14	-0.04
