RAW	190619	223035	519334	03
GEOM1	05.39	00.20	13.057641	0.150321	49.805291	0.150135	28.30	29.23	216.46	25.08	00.00	-2
GEOM2	05.57	00.09	13.057633	0.094645	49.805280	0.127453	62.67	25.99	207.22	06.08	0000.015	0003.169	00.00	-3
LDF	13.042225	0.152385	49.837449	0.156530	0376063.0	0276642.9	211.90	00.94	-1
GLDF	05.44	00.26	13.029924	0.154162	49.856864	0.159294	35.93	38.60	211.44	15.16	0233816.8	0805760.4	27.01	01.33	-1
0574	01	00.00000	00.00000	00.77	01.63	01.13	33.54	-0.04
0574	04	05.26641	05.27141	07.35	10.34	01.13	33.54	-0.04
0976	01	09.36161	09.36661	01.18	01.47	07.99	37.16	-0.09
0573	04	05.97032	05.97532	03.75	05.07	01.13	31.81	-0.04
0773	01	00.64973	00.65972	00.84	00.81	04.63	31.89	-0.04
0872	01	13.55723	13.56223	03.32	03.01	06.35	30.23	00.01
0475	04	05.97364	05.98863	05.09	00.53	-0.66	35.24	-0.01
0572	02	07.95665	07.96165	07.83	06.33	01.20	30.14	-0.04
