RAW	190608	042646	196244	02
GEOM1	00.00	00.00	0.000000	0.000000	0.000000	0.000000	00.00	00.00	00.00	00.00	1000000.00	-3
GEOM2	00.00	00.00	0.000000	0.000000	0.000000	0.000000	00.00	00.00	00.00	00.00	0000.000	0000.000	1000000.00	-3
LDF	18.631140	0.150154	47.582002	0.064792	0077188.4	0027527.0	02.08	00.13	-1
GLDF	00.00	24.34	0.000000	0.150000	0.000000	0.150001	00.00	57.57	00.00	01.41	0077188.4	0000001.4	02.08	1000000.00	-2
0372	01	07.43166	07.43166	01.43	00.73	-2.24	30.01	-0.01
0873	04	06.48632	06.48632	08.09	07.72	06.42	31.99	-0.03
0973	01	00.00000	00.00000	01.13	00.62	08.07	31.96	-0.03
0973	02	09.39375	09.39375	09.20	06.15	08.07	31.96	-0.03
0874	01	11.89186	11.89186	00.85	00.38	06.35	33.66	-0.06
1076	01	11.48017	11.48017	01.13	01.74	09.70	37.20	-0.12
1073	01	06.61432	06.61432	00.87	00.83	09.86	32.00	-0.03
0872	04	06.28863	06.28863	07.48	05.75	06.35	30.23	00.01
0475	01	01.71537	01.71037	00.88	01.50	-0.66	35.24	-0.01
