RAW	190609	153035	896802	02
GEOM1	00.00	00.00	0.000000	0.000000	0.000000	0.000000	00.00	00.00	00.00	00.00	1000000.00	-3
GEOM2	00.00	00.00	0.000000	0.000000	0.000000	0.000000	00.00	00.00	00.00	00.00	0000.000	0000.000	1000000.00	-3
LDF	17.634884	0.150894	48.851916	0.166872	0069793.8	0068342.3	01.94	01.68	-1
GLDF	00.00	29.14	0.000000	0.150000	0.000000	0.150000	00.00	58.91	00.00	01.41	0069793.8	0000001.4	01.94	1000000.00	-2
0774	04	00.42167	00.41668	04.59	03.11	04.56	33.62	-0.05
0873	03	00.00000	00.00000	07.76	05.10	06.42	31.99	-0.03
0974	01	02.22732	02.22232	00.93	01.24	08.06	33.70	-0.06
0473	01	02.69599	02.69599	00.96	00.48	-0.52	31.76	-0.03
0773	04	01.66020	01.65521	04.78	04.83	04.63	31.89	-0.04
