RAW	190620	224020	626286	02
GEOM1	00.00	00.00	0.000000	0.000000	0.000000	0.000000	00.00	00.00	00.00	00.00	1000000.00	-3
GEOM2	00.00	00.00	0.000000	0.000000	0.000000	0.000000	00.00	00.00	00.00	00.00	0000.000	0000.000	1000000.00	-3
LDF	16.865365	0.150000	48.602371	0.150036	0663193.8	0478218.7	24.75	00.00	-2
GLDF	00.00	24.91	0.000000	0.150000	0.000000	0.150001	00.00	64.37	00.00	01.41	0663193.8	0000001.4	24.75	1000000.00	-2
0772	03	05.30462	05.30462	02.81	04.00	04.71	30.23	-0.02
0774	04	07.76548	07.76548	04.01	08.20	04.56	33.62	-0.05
0876	01	14.24278	14.24778	03.38	00.93	06.27	37.12	-0.05
0873	02	13.59364	13.59864	08.71	03.31	06.42	31.99	-0.03
0773	02	00.71966	00.71966	01.42	01.68	04.63	31.89	-0.04
0773	04	06.25589	06.25589	08.09	08.90	04.63	31.89	-0.04
0572	01	00.00000	00.00000	02.34	01.38	01.20	30.14	-0.04
