RAW	190601	035348	062515	02
GEOM1	00.00	00.00	0.000000	0.000000	0.000000	0.000000	00.00	00.00	00.00	00.00	1000000.00	-3
GEOM2	00.00	00.00	0.000000	0.000000	0.000000	0.000000	00.00	00.00	00.00	00.00	0000.000	0000.000	1000000.00	-3
LDF	12.928745	0.153895	49.504959	0.154464	0026150.2	0028945.7	00.41	01.71	-1
GLDF	06.44	00.01	13.976568	0.095907	49.869078	0.124965	05.32	00.14	337.83	00.71	47836000.8	54887133.0	00.09	1000000.00	-2
0574	04	06.33659	06.33659	08.53	08.73	01.13	33.54	-0.04
0776	01	00.00000	00.00000	00.99	02.65	04.49	37.09	-0.04
0972	01	00.54367	00.54367	01.70	01.33	08.14	30.22	00.02
0474	02	09.30580	09.30080	04.16	10.34	-0.59	33.51	-0.01
0473	04	06.31506	06.31006	02.77	03.42	-0.52	31.76	-0.03
0773	01	01.55361	01.54861	00.82	01.07	04.63	31.89	-0.04
