RAW	190608	091905	930249	02
GEOM1	00.00	00.00	0.000000	0.000000	0.000000	0.000000	00.00	00.00	00.00	00.00	1000000.00	-3
GEOM2	00.00	00.00	0.000000	0.000000	0.000000	0.000000	00.00	00.00	00.00	00.00	0000.000	0000.000	1000000.00	-3
LDF	19.437538	0.072524	48.415973	0.150741	0043959.1	0019086.8	01.24	00.33	-1
GLDF	00.00	26.98	0.000000	0.150000	0.000000	0.150001	00.00	58.95	00.00	01.41	0043959.1	0000001.4	01.24	1000000.00	-2
0774	01	00.00337	00.00836	01.33	00.88	04.56	33.62	-0.05
0673	02	10.15785	10.16285	05.72	03.74	02.92	31.83	-0.04
0978	01	00.00000	00.00000	01.09	01.76	07.91	40.63	-0.05
0873	04	06.11871	06.11871	04.22	09.03	06.42	31.99	-0.03
0973	04	06.92154	06.92154	05.62	04.09	08.07	31.96	-0.03
1075	01	02.37455	02.36955	02.25	03.56	09.78	35.47	-0.10
0773	02	03.99622	03.99622	06.32	05.82	04.63	31.89	-0.04
