RAW	190616	153248	026373	02
GEOM1	00.00	00.00	0.000000	0.000000	0.000000	0.000000	00.00	00.00	00.00	00.00	1000000.00	-3
GEOM2	00.00	00.00	0.000000	0.000000	0.000000	0.000000	00.00	00.00	00.00	00.00	0000.000	0000.000	1000000.00	-3
LDF	14.276482	0.135990	49.186869	0.135071	0107973.5	0072258.4	02.69	00.13	-1
GLDF	00.00	34.25	0.000000	0.150000	0.000000	0.150001	00.00	81.46	00.00	01.41	0107973.5	0000001.4	02.69	1000000.00	-2
0674	04	06.79069	06.78569	02.88	02.21	02.84	33.58	-0.04
0873	02	02.89629	02.90128	04.71	07.54	06.42	31.99	-0.03
0873	02	08.13270	08.13270	00.99	02.97	06.42	31.99	-0.03
0874	02	00.07888	00.07888	04.77	03.98	06.35	33.66	-0.06
1075	01	07.69743	07.69743	01.91	02.30	09.78	35.47	-0.10
0776	01	05.99623	05.99623	01.21	01.57	04.49	37.09	-0.04
0573	04	06.79904	06.79904	02.98	01.31	01.13	31.81	-0.04
0473	02	01.20569	01.20569	05.32	02.82	-0.52	31.76	-0.03
0773	02	00.00000	00.00000	03.04	04.82	04.63	31.89	-0.04
