RAW	190611	105935	800029	02
GEOM1	00.00	00.00	0.000000	0.000000	0.000000	0.000000	00.00	00.00	00.00	00.00	1000000.00	-3
GEOM2	00.00	00.00	0.000000	0.000000	0.000000	0.000000	00.00	00.00	00.00	00.00	0000.000	0000.000	1000000.00	-3
LDF	10.946016	0.130787	47.405196	0.129985	0282304.1	0140352.9	09.61	00.99	-1
GLDF	00.00	23.04	0.000000	0.150000	0.000000	0.150000	00.00	67.67	00.00	01.41	0282304.1	0000001.4	09.61	1000000.00	-2
0772	01	01.41800	01.41800	01.45	01.52	04.71	30.23	-0.02
0372	04	00.10093	00.10093	04.00	07.13	-2.24	30.01	-0.01
0472	02	02.72011	02.72011	03.16	03.37	-0.52	30.05	-0.03
0675	01	08.22027	08.22027	01.17	01.10	02.84	35.32	-0.04
0473	04	00.00000	00.00000	11.14	05.17	-0.52	31.76	-0.03
