RAW	190603	065739	682450	03
GEOM1	07.18	00.12	16.164229	0.150084	53.536443	0.150002	39.45	38.12	123.73	31.77	00.00	-2
GEOM2	07.17	00.09	16.164167	0.148694	53.536522	0.148995	25.49	36.72	146.02	114.51	0003.292	0004.010	00.00	-3
LDF	15.841894	0.076069	53.469032	0.145701	0016878.6	0005948.2	01.68	09.15	00
GLDF	07.27	00.09	15.820204	0.067854	53.465153	0.174447	37.57	39.04	129.37	46.77	0019037.4	0053443.5	01.92	11.08	00
0674	01	04.72037	04.71538	01.31	01.12	02.84	33.58	-0.04
0876	04	06.66528	06.66029	06.71	04.72	06.27	37.12	-0.05
0874	01	09.20665	09.20165	01.31	01.10	06.35	33.66	-0.06
0776	04	07.04936	07.04437	03.92	06.03	04.49	37.09	-0.04
0676	04	07.66801	07.65801	09.01	19.24	02.77	37.09	-0.03
0872	01	09.37143	09.36644	00.77	00.91	06.35	30.23	00.01
0475	01	00.00000	00.00000	01.38	00.72	-0.66	35.24	-0.01
