RAW	190625	112742	434384	03
GEOM1	03.19	00.10	17.652285	0.150009	50.287571	0.150000	24.48	10.95	328.31	40.85	00.00	-2
GEOM2	03.38	00.51	17.652268	0.149433	50.287580	0.149623	23.39	37.92	34.21	143.74	0000.256	0010.256	00.00	-3
LDF	17.725818	0.079079	50.294581	0.149046	0032215.1	0014215.6	01.39	01.16	00
GLDF	03.22	00.08	17.731398	0.070183	50.294808	0.148479	25.69	08.47	327.39	30.31	0029983.9	0016222.7	01.44	01.58	00
0772	01	00.00000	00.00000	01.28	01.18	04.71	30.23	-0.02
0774	04	03.10573	03.10073	03.92	03.01	04.56	33.62	-0.05
0575	01	04.54346	04.54846	01.59	00.82	01.13	35.27	-0.03
0675	04	02.96116	02.96116	01.01	01.88	02.84	35.32	-0.04
0873	02	05.83513	05.83513	08.10	06.74	06.42	31.99	-0.03
0874	04	03.69791	03.70291	03.88	10.27	06.35	33.66	-0.06
0972	02	05.05693	05.05693	02.57	04.35	08.14	30.22	00.02
