RAW	190606	012626	742030	02
GEOM1	00.00	00.00	0.000000	0.000000	0.000000	0.000000	00.00	00.00	00.00	00.00	1000000.00	-3
GEOM2	00.00	00.00	0.000000	0.000000	0.000000	0.000000	00.00	00.00	00.00	00.00	0000.000	0000.000	1000000.00	-3
LDF	11.685470	0.152007	49.160643	0.081785	0065607.8	0031268.1	01.85	00.99	-1
GLDF	00.00	24.14	0.000000	0.150000	0.000000	0.150001	00.00	90.05	00.00	01.41	0065607.8	0000001.4	01.85	1000000.00	-2
0472	02	06.72052	06.71553	03.57	03.74	-0.52	30.05	-0.03
0472	01	07.22018	07.21519	00.00	00.00	-0.52	30.05	-0.03
0674	02	00.00000	00.00000	00.87	02.43	02.84	33.58	-0.04
0575	02	12.47398	12.46899	05.37	05.81	01.13	35.27	-0.03
0474	04	08.03374	08.02875	11.04	06.84	-0.59	33.51	-0.01
0473	04	09.17348	09.17348	06.54	04.21	-0.52	31.76	-0.03
