RAW	190615	130640	372765	02
GEOM1	00.00	00.00	0.000000	0.000000	0.000000	0.000000	00.00	00.00	00.00	00.00	1000000.00	-3
GEOM2	00.00	00.00	0.000000	0.000000	0.000000	0.000000	00.00	00.00	00.00	00.00	0000.000	0000.000	1000000.00	-3
LDF	13.133171	0.149966	46.898638	0.150000	0571849.8	0431988.2	21.04	00.00	-2
GLDF	00.00	19.72	0.000000	0.150000	0.000000	0.150001	00.00	66.36	00.00	01.41	0571849.8	0000001.4	21.04	1000000.00	-2
0372	01	00.00000	00.00000	01.04	00.83	-2.24	30.01	-0.01
0472	04	05.55323	05.54823	04.87	05.34	-0.52	30.05	-0.03
0576	01	00.58590	00.58090	01.21	01.13	01.05	37.01	-0.02
0675	01	05.42584	05.42584	02.30	00.99	02.84	35.32	-0.04
0878	01	06.96519	06.96019	01.22	01.97	06.34	40.13	-0.02
0676	01	10.91021	10.90521	03.35	02.73	02.77	37.09	-0.03
0573	03	02.79715	02.79216	09.05	02.90	01.13	31.81	-0.04
0572	04	04.45074	04.44575	11.51	25.88	01.20	30.14	-0.04
