RAW	190613	071516	193549	02
GEOM1	00.00	00.00	0.000000	0.000000	0.000000	0.000000	00.00	00.00	00.00	00.00	1000000.00	-3
GEOM2	00.00	00.00	0.000000	0.000000	0.000000	0.000000	00.00	00.00	00.00	00.00	0000.000	0000.000	1000000.00	-3
LDF	16.371347	0.155953	47.189067	0.154787	0028492.6	0031323.4	00.52	01.05	-1
GLDF	03.76	00.11	16.330100	0.101359	47.164957	0.129769	64.03	04.22	92.07	03.33	0000073.6	0000131.1	01.58	1000000.00	-2
0772	04	03.33047	03.33047	05.02	03.87	04.71	30.23	-0.02
0774	02	02.11904	02.11904	04.13	02.35	04.56	33.62	-0.05
0673	04	04.89479	04.89479	01.65	02.46	02.92	31.83	-0.04
0674	01	00.00000	00.00000	01.38	01.32	02.84	33.58	-0.04
0973	01	04.01328	04.00829	01.20	00.85	08.07	31.96	-0.03
0773	02	00.03853	00.04352	07.74	06.00	04.63	31.89	-0.04
