RAW	190613	114752	019858	02
GEOM1	00.00	00.00	0.000000	0.000000	0.000000	0.000000	00.00	00.00	00.00	00.00	1000000.00	-3
GEOM2	00.00	00.00	0.000000	0.000000	0.000000	0.000000	00.00	00.00	00.00	00.00	0000.000	0000.000	1000000.00	-3
LDF	19.710698	0.176418	49.517171	0.178121	0091644.9	0106879.4	02.35	02.02	-1
GLDF	-5.91	  nan	20.081826	   nan	51.430382	   nan	89.88	  nan	351.81	  nan	1151054084.2	      nan	00.00	1000000.00	-2
0977	01	03.06615	03.07114	03.44	01.19	07.92	38.89	-0.09
0978	01	01.68070	01.69070	00.66	00.33	07.91	40.63	-0.05
0873	04	02.54190	02.54690	04.90	03.97	06.42	31.99	-0.03
0973	02	00.00000	00.00000	03.93	03.63	08.07	31.96	-0.03
0974	04	02.39657	02.39657	10.16	07.35	08.06	33.70	-0.06
