RAW	190615	123328	116296	02
GEOM1	00.00	00.00	0.000000	0.000000	0.000000	0.000000	00.00	00.00	00.00	00.00	1000000.00	-3
GEOM2	00.00	00.00	0.000000	0.000000	0.000000	0.000000	00.00	00.00	00.00	00.00	0000.000	0000.000	1000000.00	-3
LDF	17.995443	0.216272	50.085263	0.153385	0019516.4	0031500.5	00.17	01.91	-1
GLDF	00.00	27.11	0.000000	0.150000	0.000000	0.150000	00.00	54.29	00.00	01.41	0019516.4	0000001.4	00.17	1000000.00	-2
0774	04	00.96804	00.96304	04.28	03.45	04.56	33.62	-0.05
0574	01	05.64741	05.64241	01.16	01.26	01.13	33.54	-0.04
0674	01	01.64410	01.63910	01.41	00.84	02.84	33.58	-0.04
0874	04	00.00000	00.00000	10.00	07.90	06.35	33.66	-0.06
0773	02	02.77982	02.77482	05.81	04.31	04.63	31.89	-0.04
