RAW	190605	124127	390042	02
GEOM1	00.00	00.00	0.000000	0.000000	0.000000	0.000000	00.00	00.00	00.00	00.00	1000000.00	-3
GEOM2	00.00	00.00	0.000000	0.000000	0.000000	0.000000	00.00	00.00	00.00	00.00	0000.000	0000.000	1000000.00	-3
LDF	18.486298	0.150004	55.680841	0.150106	0052326.8	0050255.8	01.53	00.00	-2
GLDF	00.00	29.92	0.000000	0.150000	0.000000	0.150001	00.00	70.94	00.00	01.41	0052326.8	0000001.4	01.53	1000000.00	-2
0878	04	09.11212	09.11212	03.58	05.55	06.34	40.13	-0.02
0876	02	06.00345	06.00345	23.31	16.35	06.27	37.12	-0.05
0873	01	11.72723	11.73222	01.96	01.50	06.42	31.99	-0.03
0874	01	00.00000	00.00000	02.87	01.69	06.35	33.66	-0.06
0877	04	08.99353	08.99353	10.80	10.40	06.20	38.86	-0.05
1072	01	11.60851	11.60851	01.03	01.68	09.86	30.29	00.00
