RAW	190619	170813	539112	02
GEOM1	00.00	00.00	0.000000	0.000000	0.000000	0.000000	00.00	00.00	00.00	00.00	1000000.00	-3
GEOM2	00.00	00.00	0.000000	0.000000	0.000000	0.000000	00.00	00.00	00.00	00.00	0000.000	0000.000	1000000.00	-3
LDF	13.053074	0.122172	50.250011	0.124047	1107460.5	0439471.6	43.39	00.00	-1
GLDF	00.00	22.84	0.000000	0.150000	0.000000	0.150000	00.00	70.95	00.00	01.41	1107460.5	0000001.4	43.39	1000000.00	-2
0574	03	02.17543	02.17543	40.22	36.92	01.13	33.54	-0.04
0673	01	09.77833	09.77833	01.89	00.90	02.92	31.83	-0.04
0575	04	03.04606	03.04606	11.39	06.75	01.13	35.27	-0.03
0878	01	00.00000	00.00000	02.11	02.71	06.34	40.13	-0.02
0976	01	01.41180	01.40680	01.60	00.94	07.99	37.16	-0.09
0474	04	04.38199	04.38199	10.34	11.68	-0.59	33.51	-0.01
