RAW	190622	184054	461144	02
GEOM1	00.00	00.00	0.000000	0.000000	0.000000	0.000000	00.00	00.00	00.00	00.00	1000000.00	-3
GEOM2	00.00	00.00	0.000000	0.000000	0.000000	0.000000	00.00	00.00	00.00	00.00	0000.000	0000.000	1000000.00	-3
LDF	13.749763	0.150046	46.560955	0.150000	0711011.3	0491538.1	26.71	00.00	-2
GLDF	00.00	20.16	0.000000	0.150000	0.000000	0.150001	00.00	61.59	00.00	01.41	0711011.3	0000001.4	26.71	1000000.00	-2
0472	03	02.90411	02.90411	03.26	03.16	-0.52	30.05	-0.03
0576	01	07.85712	07.85712	02.24	01.12	01.05	37.01	-0.02
0973	01	00.00000	00.00000	01.51	01.37	08.07	31.96	-0.03
0776	01	02.44794	02.45294	00.96	00.67	04.49	37.09	-0.04
0672	04	05.19739	05.19739	08.56	06.80	02.92	30.12	-0.04
0572	04	04.46771	04.46771	14.15	13.97	01.20	30.14	-0.04
