RAW	190620	111051	502461	03
GEOM1	00.11	00.09	14.906131	0.150198	46.884897	0.149986	26.70	08.26	156.04	14.06	00.00	-2
GEOM2	00.18	00.15	14.906121	0.135634	46.884904	0.145177	35.32	18.67	151.97	10.65	0000.255	0009.298	00.00	-3
LDF	14.922679	0.132340	46.904112	0.127104	0247883.6	0115013.9	17.16	00.06	-1
GLDF	00.11	00.08	14.925488	0.127756	46.906380	0.122968	26.36	06.79	155.14	11.09	0254342.0	0158751.4	15.44	00.06	-1
0673	04	00.47148	00.47148	05.63	06.26	02.92	31.83	-0.04
0674	01	03.93325	03.93824	01.29	01.01	02.84	33.58	-0.04
0974	01	00.32829	00.32829	02.38	01.56	08.06	33.70	-0.06
0672	04	00.00000	00.00000	23.84	18.16	02.92	30.12	-0.04
0572	04	00.88333	00.88832	03.77	05.56	01.20	30.14	-0.04
