RAW	190623	053120	500513	02
GEOM1	00.00	00.00	0.000000	0.000000	0.000000	0.000000	00.00	00.00	00.00	00.00	1000000.00	-3
GEOM2	00.00	00.00	0.000000	0.000000	0.000000	0.000000	00.00	00.00	00.00	00.00	0000.000	0000.000	1000000.00	-3
LDF	19.752082	0.153853	54.552346	0.103481	0137138.1	0078453.3	03.46	02.73	-1
GLDF	00.00	27.00	0.000000	0.150000	0.000000	0.150000	00.00	54.31	00.00	01.41	0137138.1	0000001.4	03.46	1000000.00	-2
0977	04	02.87523	02.86524	15.56	06.87	07.92	38.89	-0.09
0978	02	00.00000	00.00000	02.29	01.55	07.91	40.63	-0.05
0976	04	03.69743	03.68743	09.82	07.05	07.99	37.16	-0.09
0877	03	04.83630	04.83131	07.45	05.30	06.20	38.86	-0.05
0475	01	07.88430	07.87431	00.63	00.42	-0.66	35.24	-0.01
