RAW	190602	043207	379327	02
GEOM1	00.00	00.00	0.000000	0.000000	0.000000	0.000000	00.00	00.00	00.00	00.00	1000000.00	-3
GEOM2	00.00	00.00	0.000000	0.000000	0.000000	0.000000	00.00	00.00	00.00	00.00	0000.000	0000.000	1000000.00	-3
LDF	13.402983	0.151232	47.493973	0.097580	0030253.0	0018729.0	00.60	00.49	-1
GLDF	00.00	27.79	0.000000	0.150000	0.000000	0.150001	00.00	71.41	00.00	01.41	0030253.0	0000001.4	00.60	1000000.00	-2
0472	01	03.94162	03.93662	01.46	01.27	-0.52	30.05	-0.03
0574	02	04.99987	04.99487	05.27	04.76	01.13	33.54	-0.04
0978	01	01.56479	01.55980	01.65	01.22	07.91	40.63	-0.05
0876	01	00.00000	00.00000	01.12	00.31	06.27	37.12	-0.05
0573	04	03.22228	03.21728	05.94	03.49	01.13	31.81	-0.04
0572	04	04.37617	04.37617	03.49	02.88	01.20	30.14	-0.04
