RAW	190602	233729	147623	03
GEOM1	04.90	00.05	12.015983	0.152047	46.518308	0.148091	12.61	07.66	13.19	111.28	01.93	-2
GEOM2	04.85	00.06	12.030328	0.148710	46.520521	0.149391	14.16	32.89	27.53	280.56	0010.664	0003.284	00.00	-3
LDF	11.928721	0.138174	46.517588	0.151052	1012833.6	0550286.3	43.58	01.17	-1
GLDF	04.88	00.02	11.882694	0.109283	46.512150	0.130012	10.00	06.20	13.25	94.70	1255236.8	0556671.4	53.32	04.05	-1
0372	04	05.16218	05.16718	05.70	05.58	-2.24	30.01	-0.01
0472	04	04.88425	04.88925	03.66	02.33	-0.52	30.05	-0.03
0874	01	11.04504	11.05004	01.98	02.21	06.35	33.66	-0.06
0972	01	00.00000	00.00000	00.75	01.38	08.14	30.22	00.02
0474	01	11.01655	11.02654	00.92	00.58	-0.59	33.51	-0.01
0572	01	00.69036	00.69536	01.41	00.91	01.20	30.14	-0.04
0572	04	05.53208	05.54706	10.43	07.03	01.20	30.14	-0.04
