RAW	190605	080427	225427	02
GEOM1	00.00	00.00	0.000000	0.000000	0.000000	0.000000	00.00	00.00	00.00	00.00	1000000.00	-3
GEOM2	00.00	00.00	0.000000	0.000000	0.000000	0.000000	00.00	00.00	00.00	00.00	0000.000	0000.000	1000000.00	-3
LDF	17.788124	0.068304	46.673516	0.150072	0043437.6	0017520.3	01.22	00.04	-1
GLDF	00.00	25.70	0.000000	0.150000	0.000000	0.150001	00.00	59.43	00.00	01.41	0043437.6	0000001.4	01.22	1000000.00	-2
0772	04	05.37557	05.37557	04.58	05.71	04.71	30.23	-0.02
0873	02	02.87055	02.87055	30.62	19.26	06.42	31.99	-0.03
0974	01	11.97068	11.97068	01.62	01.15	08.06	33.70	-0.06
0872	01	00.00000	00.00000	01.11	01.13	06.35	30.23	00.01
0872	04	05.70121	05.70121	06.33	05.03	06.35	30.23	00.01
