RAW	190617	102051	430833	02
GEOM1	00.00	00.00	0.000000	0.000000	0.000000	0.000000	00.00	00.00	00.00	00.00	1000000.00	-3
GEOM2	00.00	00.00	0.000000	0.000000	0.000000	0.000000	00.00	00.00	00.00	00.00	0000.000	0000.000	1000000.00	-3
LDF	13.385965	0.150000	47.890670	0.149953	0307126.1	0248542.0	10.65	00.00	-2
GLDF	00.00	21.15	0.000000	0.150000	0.000000	0.150001	00.00	68.21	00.00	01.41	0307126.1	0000001.4	10.65	1000000.00	-2
0472	02	07.90319	07.90319	06.84	05.24	-0.52	30.05	-0.03
0472	01	08.40285	09.03741	00.00	00.02	-0.52	30.05	-0.03
0576	01	10.36492	10.36492	00.90	01.65	01.05	37.01	-0.02
0776	01	07.63913	07.64913	02.03	00.48	04.49	37.09	-0.04
0976	01	00.00000	00.00000	00.67	01.20	07.99	37.16	-0.09
0573	04	05.47831	05.47831	12.66	20.82	01.13	31.81	-0.04
0572	04	05.83451	05.83451	04.78	04.47	01.20	30.14	-0.04
