RAW	190618	212846	368194	02
GEOM1	00.00	00.00	0.000000	0.000000	0.000000	0.000000	00.00	00.00	00.00	00.00	1000000.00	-3
GEOM2	00.00	00.00	0.000000	0.000000	0.000000	0.000000	00.00	00.00	00.00	00.00	0000.000	0000.000	1000000.00	-3
LDF	14.921943	0.105625	53.503919	0.150208	1441217.2	0577220.2	57.90	00.23	-1
GLDF	00.00	28.63	0.000000	0.150000	0.000000	0.150000	00.00	71.45	00.00	01.41	1441217.2	0000001.4	57.90	1000000.00	-2
0774	01	00.00000	00.00000	01.32	01.17	04.56	33.62	-0.05
0576	04	04.80718	04.80718	04.74	09.82	01.05	37.01	-0.02
0873	01	01.30954	01.30954	01.46	01.74	06.42	31.99	-0.03
0776	04	04.66079	04.66079	05.18	05.97	04.49	37.09	-0.04
0676	03	05.66742	05.67242	08.40	06.47	02.77	37.09	-0.03
0975	01	03.61923	03.61923	01.32	02.10	07.99	35.38	-0.08
