RAW	190619	044925	640783	03
GEOM1	02.56	00.15	17.173794	0.149977	48.976584	0.150007	34.01	13.67	27.66	10.40	00.00	-2
GEOM2	02.67	00.49	17.173824	0.147692	48.976584	0.149200	42.57	34.80	26.83	06.43	0000.743	0013.531	00.00	-3
LDF	17.176586	0.157168	49.081070	0.190598	0011376.8	0012840.4	01.03	02.28	00
GLDF	02.60	00.14	17.172207	0.158439	49.135447	0.128712	33.87	12.60	29.98	09.70	0014524.0	0016789.4	01.15	03.06	00
0774	04	02.83885	02.84384	04.88	02.51	04.56	33.62	-0.05
0873	04	03.47772	03.47772	01.87	01.82	06.42	31.99	-0.03
0973	01	00.00000	00.00000	01.77	01.01	08.07	31.96	-0.03
0775	02	00.83982	00.84481	81.17	14.53	04.56	35.35	-0.05
0773	04	02.32943	02.33443	03.86	05.40	04.63	31.89	-0.04
