RAW	190628	224503	088300	02
GEOM1	00.00	00.00	0.000000	0.000000	0.000000	0.000000	00.00	00.00	00.00	00.00	1000000.00	-3
GEOM2	00.00	00.00	0.000000	0.000000	0.000000	0.000000	00.00	00.00	00.00	00.00	0000.000	0000.000	1000000.00	-3
LDF	12.614968	0.066947	46.533848	0.150143	0063241.1	0023845.9	01.80	00.15	-1
GLDF	00.00	22.98	0.000000	0.150000	0.000000	0.150001	00.00	70.07	00.00	01.41	0063241.1	0000001.4	01.80	1000000.00	-2
0472	04	04.72627	04.72127	05.42	06.48	-0.52	30.05	-0.03
0877	01	00.00000	00.00000	02.43	01.47	06.20	38.86	-0.05
0573	02	02.04780	02.04280	05.71	06.04	01.13	31.81	-0.04
0475	01	00.74289	00.74289	02.13	00.84	-0.66	35.24	-0.01
0572	04	04.03473	04.03473	06.97	07.51	01.20	30.14	-0.04
