RAW	190620	091642	178092	04
GEOM1	06.65	00.11	19.910890	0.152452	54.190689	0.150645	34.24	04.88	100.01	10.55	03.27	-1
GEOM2	06.75	00.11	19.936099	0.150014	54.180438	0.149962	37.06	03.91	102.61	09.06	-000.966	0002.415	00.00	-2
LDF	19.910582	0.159198	54.304322	0.229201	0007584.7	0009774.7	00.47	05.26	01
GLDF	06.77	00.09	19.865294	0.170002	54.385820	0.114758	36.12	03.25	98.44	08.18	0009997.1	0006652.7	00.86	11.62	02
0472	01	00.00000	00.00000	01.26	00.99	-0.52	30.05	-0.03
0673	01	10.03749	10.03749	01.02	01.74	02.92	31.83	-0.04
0977	04	07.43964	07.43964	04.51	06.05	07.92	38.89	-0.09
0876	04	06.55580	06.55580	03.76	04.12	06.27	37.12	-0.05
0873	01	02.65271	02.65271	01.09	02.22	06.42	31.99	-0.03
1076	04	06.12139	06.12639	01.31	01.66	09.70	37.20	-0.12
0976	04	06.42778	06.42778	05.06	04.58	07.99	37.16	-0.09
