RAW	190617	014444	800673	05
GEOM1	02.08	00.14	19.325987	0.149669	55.305614	0.149108	65.93	02.68	224.59	01.39	00.20	00
GEOM2	02.08	00.15	19.330125	0.150087	55.301425	0.150039	66.65	05.97	224.83	03.07	0001.142	0002.884	00.02	-1
LDF	19.298326	0.117997	55.332362	0.133918	0000053.5	0000017.2	02.60	04.98	02
GLDF	02.08	00.14	19.289100	0.114207	55.340920	0.130084	66.62	02.15	224.59	01.01	0000040.4	0000038.6	02.58	07.52	04
0977	04	01.57616	01.57116	03.83	07.01	07.92	38.89	-0.09
0878	04	01.80465	01.80965	09.66	05.82	06.34	40.13	-0.02
0876	04	03.80168	03.79668	02.50	02.40	06.27	37.12	-0.05
1076	04	01.63165	01.63165	02.98	03.84	09.70	37.20	-0.12
0877	04	02.68863	02.68863	06.47	06.29	06.20	38.86	-0.05
1073	01	00.00000	00.00000	01.05	01.07	09.86	32.00	-0.03
0572	01	05.78830	05.78830	01.29	00.81	01.20	30.14	-0.04
