RAW	190627	091126	798992	06
GEOM1	06.80	00.12	16.220294	0.149925	47.737458	0.150160	53.59	01.36	326.79	01.96	00.11	01
GEOM2	06.80	00.13	16.219945	0.149987	47.736661	0.149966	53.69	02.33	326.88	03.19	0001.552	0002.139	00.00	00
LDF	16.328109	0.084255	47.617544	0.068636	0007123.1	0001262.0	14.78	05.16	03
GLDF	06.93	00.06	16.340389	0.074241	47.611043	0.055273	53.77	01.13	326.51	01.58	0006871.7	0001948.2	14.68	07.21	06
0772	04	07.79022	07.78523	25.10	25.01	04.71	30.23	-0.02
0774	04	06.44162	06.44162	02.38	01.23	04.56	33.62	-0.05
0673	04	05.88331	05.89330	17.98	14.97	02.92	31.83	-0.04
0674	04	05.17625	05.16625	02.48	07.47	02.84	33.58	-0.04
0873	02	00.00000	00.00000	01.40	01.56	06.42	31.99	-0.03
0773	04	07.03270	07.02770	16.89	10.86	04.63	31.89	-0.04
0672	04	06.71851	06.71351	06.23	03.85	02.92	30.12	-0.04
