RAW	190621	101732	472937	04
GEOM1	-0.14	00.09	19.661353	0.147694	54.238634	0.150449	03.55	05.84	232.87	109.71	01.30	-1
GEOM2	00.30	00.31	19.640990	0.150031	54.228796	0.149999	20.75	13.36	176.74	13.82	-008.121	0009.796	00.00	-2
LDF	19.600851	0.109761	54.376088	0.081269	0240610.0	0088696.9	08.25	02.90	01
GLDF	-0.14	00.08	19.607705	0.102550	54.394089	0.063751	02.75	05.08	222.38	114.55	0245356.6	0075791.1	07.96	05.60	02
0977	04	00.00000	00.00000	06.10	14.16	07.92	38.89	-0.09
0876	04	00.36711	00.36212	03.46	03.51	06.27	37.12	-0.05
1075	01	01.96081	01.96081	00.96	00.95	09.78	35.47	-0.10
0776	04	00.20597	00.21096	03.32	02.05	04.49	37.09	-0.04
0976	04	00.03066	00.03066	13.04	08.92	07.99	37.16	-0.09
0672	01	02.63769	02.64269	01.55	01.05	02.92	30.12	-0.04
