RAW	190608	151243	341042	04
GEOM1	05.81	00.11	12.500916	0.151533	51.085322	0.151457	33.65	04.07	209.52	09.92	01.62	-1
GEOM2	05.62	00.20	12.498388	0.149988	51.086356	0.150012	35.66	04.24	198.99	14.26	0009.563	0004.916	00.00	-2
LDF	12.398878	0.095421	51.036806	0.117337	0048470.6	0018289.7	03.95	02.08	01
GLDF	05.89	00.08	12.385809	0.086214	51.024351	0.098019	33.77	03.35	208.79	07.07	0049214.2	0022511.9	03.88	05.20	02
0674	04	06.05908	06.05908	01.73	02.57	02.84	33.58	-0.04
0575	04	05.27996	05.27996	04.70	06.58	01.13	35.27	-0.03
0474	01	00.00000	00.00000	00.71	01.45	-0.59	33.51	-0.01
0474	04	06.66043	06.66043	05.37	04.15	-0.59	33.51	-0.01
0475	04	06.24044	06.24544	08.94	05.15	-0.66	35.24	-0.01
