RAW	190622	111803	866395	04
GEOM1	07.92	00.05	11.524969	0.149415	46.777383	0.150075	09.75	06.21	285.05	37.88	00.10	-1
GEOM2	07.90	00.05	11.528134	0.149917	46.776836	0.149682	11.77	05.76	286.23	23.23	0006.107	0002.441	00.00	-2
LDF	11.507206	0.119159	46.731424	0.118103	0840670.3	0323903.9	34.03	00.24	00
GLDF	07.93	00.04	11.503440	0.110766	46.723042	0.112562	09.85	05.29	283.96	29.99	0848220.7	0288406.5	34.64	00.45	01
0372	04	08.15595	08.15095	09.50	05.43	-2.24	30.01	-0.01
0472	04	08.01869	08.01370	20.16	31.29	-0.52	30.05	-0.03
0777	01	11.64500	11.64001	02.40	00.83	04.48	38.84	-0.02
0876	01	00.00000	00.00000	01.90	01.61	06.27	37.12	-0.05
1075	01	00.86991	00.86491	01.88	02.11	09.78	35.47	-0.10
0776	01	06.27793	06.27293	04.64	03.75	04.49	37.09	-0.04
0473	04	07.89877	07.89877	07.72	06.96	-0.52	31.76	-0.03
0572	04	08.66734	08.66734	02.13	02.94	01.20	30.14	-0.04
