RAW	190613	111718	980393	04
GEOM1	04.10	00.11	15.191502	0.146913	52.453298	0.150103	43.70	02.70	132.25	03.50	01.60	-1
GEOM2	04.07	00.11	15.162606	0.149959	52.439183	0.149988	45.80	03.65	134.70	04.40	0006.041	0003.068	00.00	-2
LDF	15.296784	0.169589	52.561680	0.064195	0029824.8	0007956.0	09.15	06.04	01
GLDF	04.07	00.10	15.372763	0.159582	52.544499	0.057126	43.86	01.95	131.83	02.85	0031919.2	0012537.9	09.01	09.86	02
0472	01	08.43911	08.43411	01.50	01.28	-0.52	30.05	-0.03
0575	04	04.99861	04.99362	04.36	06.20	01.13	35.27	-0.03
0675	04	03.83960	03.83460	23.68	23.26	02.84	35.32	-0.04
0973	01	00.00000	00.00000	03.17	00.86	08.07	31.96	-0.03
0775	04	03.16869	03.15870	08.01	10.04	04.56	35.35	-0.05
0676	04	04.79238	04.78239	21.06	25.82	02.77	37.09	-0.03
