RAW	190601	144457	436142	04
GEOM1	05.31	00.14	13.504715	0.149981	52.187040	0.150545	72.53	01.25	253.88	00.95	00.01	-1
GEOM2	05.31	00.14	13.504693	0.149968	52.187034	0.147522	72.68	11.79	253.87	06.78	0001.000	0006.163	00.00	-2
LDF	13.416641	0.145752	52.222669	0.150003	0000003.8	0000000.9	13.63	06.66	00
GLDF	05.27	00.14	13.346095	0.123349	52.268588	0.147609	71.01	00.80	254.52	00.86	0000015.2	0000009.9	19.28	06.01	01
0372	01	03.20399	03.20399	02.07	01.14	-2.24	30.01	-0.01
0472	01	00.00000	00.00000	03.37	01.54	-0.52	30.05	-0.03
0576	04	04.20994	04.20994	31.92	34.06	01.05	37.01	-0.02
0575	05	05.78435	05.78435	118.72	104.40	01.13	35.27	-0.03
0675	04	05.34383	05.34883	04.09	05.29	02.84	35.32	-0.04
0676	04	03.71349	03.71349	09.89	09.27	02.77	37.09	-0.03
