RAW	190604	134703	627525	04
GEOM1	01.51	00.15	18.775926	0.157926	47.916768	0.155084	69.59	01.88	107.15	01.90	00.65	-1
GEOM2	01.52	00.15	18.778669	0.150054	47.924806	0.153466	68.66	06.89	106.16	07.68	0000.468	0002.196	00.00	-2
LDF	18.679663	0.165828	47.842005	0.141949	0000006.3	0000002.8	01.35	02.85	01
GLDF	01.48	00.14	18.651118	0.139993	47.850142	0.146753	70.79	01.23	108.29	01.18	0000003.9	0000002.8	01.94	03.67	02
0873	04	02.01697	02.01697	06.91	07.55	06.42	31.99	-0.03
0874	04	03.54213	03.54213	03.89	04.76	06.35	33.66	-0.06
0776	01	05.56067	05.56067	01.71	04.15	04.49	37.09	-0.04
0972	04	00.00000	00.00000	01.83	02.14	08.14	30.22	00.02
0872	04	00.44829	00.45329	07.68	09.20	06.35	30.23	00.01
0475	01	06.56420	06.56420	01.57	01.31	-0.66	35.24	-0.01
