RAW	190619	130054	789663	04
GEOM1	01.84	00.14	13.440725	0.149837	50.070004	0.150124	69.96	01.32	256.47	01.67	00.01	-1
GEOM2	01.84	00.14	13.440390	0.149907	50.070060	0.150044	70.14	04.88	256.55	06.86	0000.976	0002.292	00.00	-2
LDF	13.465751	0.143077	50.028159	0.143880	0000012.0	0000003.5	05.38	00.50	00
GLDF	01.83	00.14	13.444344	0.139993	50.080344	0.142327	70.15	01.07	256.29	01.35	0000010.8	0000007.6	05.38	00.63	01
0574	05	01.94952	01.94952	127.04	92.50	01.13	33.54	-0.04
0575	04	00.38025	00.38025	10.78	06.11	01.13	35.27	-0.03
0675	04	00.00000	00.00000	05.40	05.34	02.84	35.32	-0.04
0573	04	03.54203	03.54703	09.34	05.53	01.13	31.81	-0.04
0474	01	02.47424	02.47424	01.58	00.95	-0.59	33.51	-0.01
0672	03	04.20912	04.20912	02.13	02.28	02.92	30.12	-0.04
