RAW	190504	173724	889699	02
GEOM1	00.00	00.00	0.000000	0.000000	0.000000	0.000000	00.00	00.00	00.00	00.00	1000000.00	-3
GEOM2	00.00	00.00	0.000000	0.000000	0.000000	0.000000	00.00	00.00	00.00	00.00	0000.000	0000.000	1000000.00	-3
LDF	19.623418	0.131976	47.995525	0.155171	0104821.8	0074961.3	02.62	03.29	-1
GLDF	00.00	22.53	0.000000	0.150000	0.000000	0.150000	00.00	47.04	00.00	01.41	0104821.8	0000001.4	02.62	1000000.00	-2
0978	01	00.00000	00.00000	01.08	01.10	07.91	40.63	-0.05
0873	04	00.60650	00.60650	11.56	04.47	06.42	31.99	-0.03
0973	04	02.13124	02.12624	04.10	22.35	08.07	31.96	-0.03
0972	03	03.02573	03.02573	05.66	06.52	08.14	30.22	00.02
0573	01	06.10579	06.10080	01.08	02.93	01.13	31.81	-0.04
