RAW	190506	134834	404150	02
GEOM1	00.00	00.00	0.000000	0.000000	0.000000	0.000000	00.00	00.00	00.00	00.00	1000000.00	-3
GEOM2	00.00	00.00	0.000000	0.000000	0.000000	0.000000	00.00	00.00	00.00	00.00	0000.000	0000.000	1000000.00	-3
LDF	14.243628	0.076748	50.003181	0.150026	0041119.9	0018625.5	01.13	00.02	-1
GLDF	00.00	29.32	0.000000	0.150000	0.000000	0.150000	00.00	64.96	00.00	01.41	0041119.9	0000001.4	01.13	1000000.00	-2
0774	02	03.17317	03.17817	04.51	07.17	04.56	33.62	-0.05
0372	01	04.93776	04.94276	01.95	02.62	-2.24	30.01	-0.01
0574	04	00.87008	00.87508	04.54	03.64	01.13	33.54	-0.04
0674	04	00.00000	00.00000	03.94	04.94	02.84	33.58	-0.04
0675	01	07.42830	07.43829	00.46	00.52	02.84	35.32	-0.04
