RAW	190522	170956	886722	02
GEOM1	00.00	00.00	0.000000	0.000000	0.000000	0.000000	00.00	00.00	00.00	00.00	1000000.00	-3
GEOM2	00.00	00.00	0.000000	0.000000	0.000000	0.000000	00.00	00.00	00.00	00.00	0000.000	0000.000	1000000.00	-3
LDF	16.359520	0.166626	50.049484	0.150982	0524913.3	0407744.5	19.16	01.79	-1
GLDF	00.00	26.76	0.000000	0.150000	0.000000	0.150000	00.00	57.23	00.00	01.41	0524913.3	0000001.4	19.16	1000000.00	-2
0774	03	00.05810	00.05810	03.01	03.12	04.56	33.62	-0.05
0574	02	05.55305	05.55305	04.61	05.03	01.13	33.54	-0.04
0674	04	01.53934	01.53934	09.52	07.79	02.84	33.58	-0.04
0978	01	08.38859	08.39358	01.42	02.20	07.91	40.63	-0.05
0874	04	00.00000	00.00000	04.23	03.85	06.35	33.66	-0.06
