RAW	190503	065639	361729	02
GEOM1	00.00	00.00	0.000000	0.000000	0.000000	0.000000	00.00	00.00	00.00	00.00	1000000.00	-3
GEOM2	00.00	00.00	0.000000	0.000000	0.000000	0.000000	00.00	00.00	00.00	00.00	0000.000	0000.000	1000000.00	-3
LDF	13.370251	0.150018	49.115440	0.052176	0111608.0	0031357.5	02.77	00.00	-1
GLDF	00.00	21.27	0.000000	0.150000	0.000000	0.150000	00.00	65.30	00.00	01.41	0111608.0	0000001.4	02.77	1000000.00	-2
0774	01	01.10134	01.10633	01.04	01.14	04.56	33.62	-0.05
0574	04	03.29335	03.29835	16.65	05.33	01.13	33.54	-0.04
0575	02	05.52415	05.52915	11.75	10.28	01.13	35.27	-0.03
0978	01	09.09448	09.09948	04.05	04.47	07.91	40.63	-0.05
0973	01	00.00000	00.00000	01.70	02.01	08.07	31.96	-0.03
0974	01	07.53085	07.53085	04.59	04.08	08.06	33.70	-0.06
0573	04	04.72332	04.72831	07.97	14.56	01.13	31.81	-0.04
