RAW	190505	085416	460552	02
GEOM1	00.00	00.00	0.000000	0.000000	0.000000	0.000000	00.00	00.00	00.00	00.00	1000000.00	-3
GEOM2	00.00	00.00	0.000000	0.000000	0.000000	0.000000	00.00	00.00	00.00	00.00	0000.000	0000.000	1000000.00	-3
LDF	12.786817	0.212198	46.543103	0.153195	0017955.9	0027756.4	00.13	01.14	-1
GLDF	00.00	26.85	0.000000	0.150000	0.000000	0.150001	00.00	84.65	00.00	01.41	0017955.9	0000001.4	00.13	1000000.00	-2
0472	04	08.05561	08.05561	02.78	02.66	-0.52	30.05	-0.03
0574	01	00.00000	00.00000	00.91	00.77	01.13	33.54	-0.04
0878	01	04.07419	04.07919	01.21	01.01	06.34	40.13	-0.02
0672	02	06.13364	06.12865	04.77	05.52	02.92	30.12	-0.04
0572	04	08.30612	08.30612	05.99	04.64	01.20	30.14	-0.04
