RAW	190526	162152	516447	02
GEOM1	00.00	00.00	0.000000	0.000000	0.000000	0.000000	00.00	00.00	00.00	00.00	1000000.00	-3
GEOM2	00.00	00.00	0.000000	0.000000	0.000000	0.000000	00.00	00.00	00.00	00.00	0000.000	0000.000	1000000.00	-3
LDF	14.221448	0.073603	51.737974	0.149968	0045382.2	0019445.5	01.30	00.01	-1
GLDF	00.00	29.86	0.000000	0.150000	0.000000	0.150000	00.00	68.60	00.00	01.41	0045382.2	0000001.4	01.30	1000000.00	-2
0674	02	04.43821	04.43321	12.54	06.44	02.84	33.58	-0.04
0575	04	01.50733	01.49734	05.10	04.45	01.13	35.27	-0.03
0675	04	02.02851	02.01851	04.80	04.40	02.84	35.32	-0.04
0777	01	10.74402	10.73903	02.04	00.61	04.48	38.84	-0.02
0872	01	00.00000	00.00000	01.08	00.54	06.35	30.23	00.01
