RAW	190504	145400	155685	03
GEOM1	00.54	00.11	14.835034	0.150023	49.070503	0.150005	43.25	04.61	228.91	06.05	00.00	-2
GEOM2	00.57	00.41	14.834992	0.148099	49.070462	0.147784	45.24	16.70	227.16	15.25	0001.123	0019.830	00.00	-3
LDF	14.792354	0.147019	49.055159	0.079497	0014182.5	0004911.5	03.53	00.63	00
GLDF	00.58	00.10	14.769431	0.137638	49.044609	0.073595	44.17	03.20	227.78	04.13	0013238.1	0006275.0	03.14	00.79	00
0673	04	00.87296	00.87296	09.35	07.52	02.92	31.83	-0.04
0674	04	00.00000	00.00000	13.51	06.86	02.84	33.58	-0.04
0877	01	06.93293	06.93793	03.01	01.93	06.20	38.86	-0.05
0573	04	01.77146	01.77146	03.48	03.75	01.13	31.81	-0.04
0773	01	02.98898	02.98898	00.33	00.48	04.63	31.89	-0.04
