RAW	190516	190437	959334	02
GEOM1	00.00	00.00	0.000000	0.000000	0.000000	0.000000	00.00	00.00	00.00	00.00	1000000.00	-3
GEOM2	00.00	00.00	0.000000	0.000000	0.000000	0.000000	00.00	00.00	00.00	00.00	0000.000	0000.000	1000000.00	-3
LDF	19.432644	0.065841	46.666576	0.150985	0093181.8	0033676.1	02.38	00.54	-1
GLDF	00.00	22.89	0.000000	0.150000	0.000000	0.150000	00.00	47.65	00.00	01.41	0093181.8	0000001.4	02.38	1000000.00	-2
0675	01	05.26972	05.26972	01.79	01.49	02.84	35.32	-0.04
0972	04	02.54682	02.54682	07.99	06.01	08.14	30.22	00.02
1072	02	00.00000	00.00000	04.39	05.04	09.86	30.29	00.00
0474	01	07.50067	07.50067	01.30	01.20	-0.59	33.51	-0.01
0872	04	00.96523	00.96023	12.71	07.24	06.35	30.23	00.01
