RAW	190501	120811	354019	03
GEOM1	06.62	00.15	13.851683	0.149400	50.830111	0.132527	89.37	04.34	09.40	00.60	01.01	-2
GEOM2	06.64	01.16	13.841897	0.150365	50.889574	0.150022	87.24	264.13	09.48	13.25	-000.844	0059.335	00.00	-3
LDF	14.274462	  -nan	51.192796	  -nan	0000001.0	      nan	14976898947306082543785295783768100823362024629266837188314001440920503413784113402088972917646473945588978526747746271114037702584849650428260162657275889857443029220979638272.00	1000000.00	00
GLDF	06.62	 -nan	13.851683	  -nan	50.830111	  -nan	89.37	 -nan	09.40	 -nan	0000001.0	      nan	14976898947306082543785295783768100823362024629266837188314001440920503413784113402088972917646473945588978526747746271114037702584849650428260162657275889857443029220979638272.00	1000000.00	00
0574	04	06.01107	06.01107	05.69	06.74	01.13	33.54	-0.04
0575	04	06.29117	06.29117	05.23	04.54	01.13	35.27	-0.03
0675	03	08.18650	08.18650	09.47	04.25	02.84	35.32	-0.04
0878	01	00.00000	00.00000	01.84	01.59	06.34	40.13	-0.02
0775	04	09.69642	09.70141	01.15	02.39	04.56	35.35	-0.05
0875	01	09.38784	09.38284	00.83	01.20	06.27	35.38	-0.07
