RAW	190521	065938	684284	02
GEOM1	00.00	00.00	0.000000	0.000000	0.000000	0.000000	00.00	00.00	00.00	00.00	1000000.00	-3
GEOM2	00.00	00.00	0.000000	0.000000	0.000000	0.000000	00.00	00.00	00.00	00.00	0000.000	0000.000	1000000.00	-3
LDF	12.167606	0.142545	49.727798	0.151772	0381223.2	0252451.8	13.50	00.87	-1
GLDF	00.00	26.22	0.000000	0.150000	0.000000	0.150001	00.00	79.95	00.00	01.41	0381223.2	0000001.4	13.50	1000000.00	-2
0574	04	05.81608	05.82108	07.30	06.46	01.13	33.54	-0.04
0876	01	01.43954	01.44454	01.50	01.55	06.27	37.12	-0.05
1072	01	00.00000	00.00000	01.42	01.67	09.86	30.29	00.00
0474	03	04.18056	04.19055	08.26	06.84	-0.59	33.51	-0.01
0473	04	06.73447	06.73947	04.57	03.88	-0.52	31.76	-0.03
0475	03	03.57286	03.57286	01.23	02.97	-0.66	35.24	-0.01
