RAW	190527	142903	912914	02
GEOM1	00.00	00.00	0.000000	0.000000	0.000000	0.000000	00.00	00.00	00.00	00.00	1000000.00	-3
GEOM2	00.00	00.00	0.000000	0.000000	0.000000	0.000000	00.00	00.00	00.00	00.00	0000.000	0000.000	1000000.00	-3
LDF	15.033789	0.150146	52.775470	0.150066	0090606.4	0082400.4	02.33	03.14	-1
GLDF	00.00	28.87	0.000000	0.150000	0.000000	0.150000	00.00	63.46	00.00	01.41	0090606.4	0000001.4	02.33	1000000.00	-2
0372	01	05.16061	05.16061	01.63	03.81	-2.24	30.01	-0.01
0674	04	00.66113	00.65613	04.79	06.16	02.84	33.58	-0.04
0675	04	01.31225	01.31225	03.99	04.83	02.84	35.32	-0.04
0676	03	00.00000	00.00000	27.84	23.88	02.77	37.09	-0.03
0872	01	00.85573	00.85074	01.84	02.74	06.35	30.23	00.01
