RAW	190511	093541	706953	02
GEOM1	00.00	00.00	0.000000	0.000000	0.000000	0.000000	00.00	00.00	00.00	00.00	1000000.00	-3
GEOM2	00.00	00.00	0.000000	0.000000	0.000000	0.000000	00.00	00.00	00.00	00.00	0000.000	0000.000	1000000.00	-3
LDF	12.184969	0.132445	47.723595	0.130626	0199098.9	0113419.2	05.78	00.01	-1
GLDF	00.00	29.61	0.000000	0.150000	0.000000	0.150001	00.00	80.15	00.00	01.41	0199098.9	0000001.4	05.78	1000000.00	-2
0472	04	05.57669	05.57669	03.38	02.70	-0.52	30.05	-0.03
0878	01	00.00000	00.00000	01.17	00.86	06.34	40.13	-0.02
0873	01	08.10448	08.09948	00.76	01.31	06.42	31.99	-0.03
0776	01	00.08876	00.08876	00.59	00.68	04.49	37.09	-0.04
0676	01	00.82380	00.82380	01.57	00.71	02.77	37.09	-0.03
0573	04	05.07134	05.07134	02.99	03.12	01.13	31.81	-0.04
0473	03	06.56652	06.56652	04.50	04.86	-0.52	31.76	-0.03
