RAW	190515	141632	436590	02
GEOM1	00.00	00.00	0.000000	0.000000	0.000000	0.000000	00.00	00.00	00.00	00.00	1000000.00	-3
GEOM2	00.00	00.00	0.000000	0.000000	0.000000	0.000000	00.00	00.00	00.00	00.00	0000.000	0000.000	1000000.00	-3
LDF	12.718780	0.200367	49.277018	0.207642	0230820.9	0292167.4	07.22	02.85	-1
GLDF	00.00	22.16	0.000000	0.150000	0.000000	0.150001	00.00	71.20	00.00	01.41	0230820.9	0000001.4	07.22	1000000.00	-2
0574	04	04.98247	04.98247	18.58	07.71	01.13	33.54	-0.04
0474	02	01.73585	01.73585	11.76	09.25	-0.59	33.51	-0.01
0473	04	04.50419	04.50419	08.70	04.58	-0.52	31.76	-0.03
0773	01	08.04131	08.04131	00.87	00.88	04.63	31.89	-0.04
0572	01	00.00000	00.00000	01.05	01.17	01.20	30.14	-0.04
0875	01	05.82297	05.82797	01.14	01.16	06.27	35.38	-0.07
