RAW	190501	061544	307775	03
GEOM1	01.23	00.11	17.526005	0.149980	48.927320	0.149969	40.47	05.30	254.24	06.00	00.00	-2
GEOM2	01.29	00.63	17.526027	0.149632	48.927353	0.148479	38.49	20.87	255.43	11.06	0001.025	0018.148	00.00	-3
LDF	17.625461	0.196238	48.967822	0.161510	0010518.2	0010509.4	01.40	03.58	00
GLDF	01.15	00.12	17.712623	0.120111	48.993287	0.170171	38.45	06.25	257.64	05.41	0020738.6	0020252.2	02.21	04.52	00
0774	04	00.81061	00.80562	03.87	04.31	04.56	33.62	-0.05
0574	01	00.00000	00.00000	00.98	01.43	01.13	33.54	-0.04
0673	02	05.39090	05.39090	02.91	01.94	02.92	31.83	-0.04
0977	01	06.69379	06.69379	02.39	00.80	07.92	38.89	-0.09
0873	04	01.47811	01.47811	04.33	05.20	06.42	31.99	-0.03
0573	02	01.12303	01.12303	02.23	01.08	01.13	31.81	-0.04
0474	01	04.52914	04.53413	01.13	00.63	-0.59	33.51	-0.01
0473	01	06.75009	06.75009	01.24	01.46	-0.52	31.76	-0.03
0773	04	01.80835	01.80835	02.90	04.70	04.63	31.89	-0.04
