RAW	190507	110918	857889	02
GEOM1	00.00	00.00	0.000000	0.000000	0.000000	0.000000	00.00	00.00	00.00	00.00	1000000.00	-3
GEOM2	00.00	00.00	0.000000	0.000000	0.000000	0.000000	00.00	00.00	00.00	00.00	0000.000	0000.000	1000000.00	-3
LDF	14.626703	0.122072	49.505042	0.124730	0500241.4	0205553.2	18.18	00.00	-1
GLDF	00.00	24.88	0.000000	0.150000	0.000000	0.150001	00.00	77.04	00.00	01.41	0500241.4	0000001.4	18.18	1000000.00	-2
0574	04	09.27060	09.27060	06.85	06.56	01.13	33.54	-0.04
0673	04	07.95493	07.95992	06.64	07.06	02.92	31.83	-0.04
0674	03	06.23219	06.23719	13.70	06.79	02.84	33.58	-0.04
0974	01	00.00000	00.00000	01.21	01.81	08.06	33.70	-0.06
0975	01	13.54272	13.54272	02.15	01.77	07.99	35.38	-0.08
0474	02	06.62749	06.63748	01.96	01.92	-0.59	33.51	-0.01
