RAW	190510	040414	297647	02
GEOM1	00.00	00.00	0.000000	0.000000	0.000000	0.000000	00.00	00.00	00.00	00.00	1000000.00	-3
GEOM2	00.00	00.00	0.000000	0.000000	0.000000	0.000000	00.00	00.00	00.00	00.00	0000.000	0000.000	1000000.00	-3
LDF	11.393123	0.157977	47.432219	0.162105	0078962.7	0079088.6	02.11	01.34	-1
GLDF	00.00	24.67	0.000000	0.150000	0.000000	0.150000	00.00	71.57	00.00	01.41	0078962.7	0000001.4	02.11	1000000.00	-2
0372	04	00.00000	00.00000	03.02	02.68	-2.24	30.01	-0.01
0472	01	00.91060	00.90561	01.17	01.42	-0.52	30.05	-0.03
0472	03	03.15906	03.15906	03.44	04.21	-0.52	30.05	-0.03
0673	01	08.37703	08.37703	01.99	02.81	02.92	31.83	-0.04
0776	01	04.02640	04.02640	01.50	01.39	04.49	37.09	-0.04
0473	04	01.74507	01.75006	13.30	04.53	-0.52	31.76	-0.03
