RAW	190501	034454	162876	01
GEOM1	00.00	00.00	0.000000	0.000000	0.000000	0.000000	00.00	00.00	00.00	00.00	1000000.00	-4
GEOM2	00.00	00.00	0.000000	0.000000	0.000000	0.000000	00.00	00.00	00.00	00.00	0000.000	0000.000	1000000.00	-4
LDF	10.006950	0.149996	46.449300	0.149996	0000001.0	1830436.1	104.77	1000000.00	-3
GLDF	00.00	31.68	0.000000	0.150000	0.000000	0.150000	00.00	99.12	00.00	01.41	0000001.0	0000001.4	00.00	1000000.00	-4
0372	04	00.00000	00.00000	07.62	05.70	-2.24	30.01	-0.01
0472	02	02.18561	02.18561	02.46	01.83	-0.52	30.05	-0.03
0873	01	07.22137	07.22137	03.31	07.92	06.42	31.99	-0.03
0475	01	07.62619	07.62619	01.02	01.21	-0.66	35.24	-0.01
0572	02	00.12465	00.12965	04.37	03.36	01.20	30.14	-0.04
