RAW	190524	043022	567808	02
GEOM1	00.00	00.00	0.000000	0.000000	0.000000	0.000000	00.00	00.00	00.00	00.00	1000000.00	-3
GEOM2	00.00	00.00	0.000000	0.000000	0.000000	0.000000	00.00	00.00	00.00	00.00	0000.000	0000.000	1000000.00	-3
LDF	16.252069	0.162178	53.016266	0.163774	0066164.2	0073470.5	01.86	03.28	-1
GLDF	00.00	24.46	0.000000	0.150000	0.000000	0.150001	00.00	68.11	00.00	01.41	0066164.2	0000001.4	01.86	1000000.00	-2
0675	02	02.54250	02.54250	01.48	02.02	02.84	35.32	-0.04
0675	04	07.44412	07.44412	06.78	05.47	02.84	35.32	-0.04
0776	04	07.02428	07.02428	22.31	09.55	04.49	37.09	-0.04
1076	01	00.00000	00.00000	02.08	01.39	09.70	37.20	-0.12
1076	01	08.63421	08.62921	00.61	00.88	09.70	37.20	-0.12
0676	02	04.73430	04.73430	08.27	04.42	02.77	37.09	-0.03
0474	01	03.35728	03.35728	01.42	01.98	-0.59	33.51	-0.01
