RAW	190531	203207	582669	02
GEOM1	00.00	00.00	0.000000	0.000000	0.000000	0.000000	00.00	00.00	00.00	00.00	1000000.00	-3
GEOM2	00.00	00.00	0.000000	0.000000	0.000000	0.000000	00.00	00.00	00.00	00.00	0000.000	0000.000	1000000.00	-3
LDF	13.036611	0.149992	47.895003	0.149990	3199767.3	1941158.1	138.68	00.00	-2
GLDF	00.00	17.72	0.000000	0.150000	0.000000	0.150001	00.00	61.31	00.00	01.41	3199767.3	0000001.4	138.68	1000000.00	-2
0472	04	03.73689	03.73689	09.49	06.01	-0.52	30.05	-0.03
0673	02	12.49031	12.49031	04.38	03.18	02.92	31.83	-0.04
0575	01	00.00000	00.00000	01.81	01.41	01.13	35.27	-0.03
0573	04	03.89018	03.89018	39.78	21.13	01.13	31.81	-0.04
0572	02	06.28795	06.28795	05.01	03.96	01.20	30.14	-0.04
