RAW	190529	054121	596507	02
GEOM1	00.00	00.00	0.000000	0.000000	0.000000	0.000000	00.00	00.00	00.00	00.00	1000000.00	-3
GEOM2	00.00	00.00	0.000000	0.000000	0.000000	0.000000	00.00	00.00	00.00	00.00	-000.851	0016.403	1000000.00	-3
LDF	17.240084	0.150983	54.308577	0.138838	0077527.4	0059102.1	02.08	01.37	-1
GLDF	05.00	00.37	16.734826	0.140052	54.449638	0.134005	82.90	123.56	340.83	25.59	418466446.5	0000000.2	00.00	08.33	-2
0777	04	05.25498	05.25480	04.82	04.97	04.48	38.84	-0.02
0876	03	04.56328	04.56311	04.08	03.31	06.27	37.12	-0.05
0776	04	06.15674	06.15656	04.11	05.11	04.49	37.09	-0.04
0473	01	00.00000	00.00482	01.10	00.76	-0.52	31.76	-0.03
0572	01	00.00517	00.00000	00.96	01.68	01.20	30.14	-0.04
