RAW	190507	100416	769350	02
GEOM1	00.00	00.00	0.000000	0.000000	0.000000	0.000000	00.00	00.00	00.00	00.00	1000000.00	-3
GEOM2	00.00	00.00	0.000000	0.000000	0.000000	0.000000	00.00	00.00	00.00	00.00	0000.000	0000.000	1000000.00	-3
LDF	12.773427	0.151031	47.646079	0.183648	0043404.7	0048621.2	01.22	01.75	-1
GLDF	00.00	27.37	0.000000	0.150000	0.000000	0.150000	00.00	64.55	00.00	01.41	0043404.7	0000001.4	01.22	1000000.00	-2
1075	01	05.16524	05.17024	03.51	02.75	09.78	35.47	-0.10
1076	01	06.78007	06.78507	01.34	01.11	09.70	37.20	-0.12
0573	04	00.00000	00.00000	05.06	03.08	01.13	31.81	-0.04
0473	03	03.00158	03.00657	03.48	06.04	-0.52	31.76	-0.03
0572	04	00.86875	00.87375	03.52	04.66	01.20	30.14	-0.04
