RAW	190531	094806	292033	02
GEOM1	00.00	00.00	0.000000	0.000000	0.000000	0.000000	00.00	00.00	00.00	00.00	1000000.00	-3
GEOM2	00.00	00.00	0.000000	0.000000	0.000000	0.000000	00.00	00.00	00.00	00.00	0000.000	0000.000	1000000.00	-3
LDF	14.094349	0.080651	47.858416	0.149742	0136089.7	0066852.7	03.42	00.05	-1
GLDF	00.00	21.87	0.000000	0.150000	0.000000	0.150001	00.00	68.86	00.00	01.41	0136089.7	0000001.4	03.42	1000000.00	-2
0673	04	06.57827	06.58327	04.11	04.26	02.92	31.83	-0.04
0573	04	06.25532	06.25532	13.16	19.74	01.13	31.81	-0.04
0473	01	11.47810	11.48309	00.62	01.20	-0.52	31.76	-0.03
0672	03	08.46634	08.46634	07.84	04.71	02.92	30.12	-0.04
0475	01	00.00000	00.00000	01.59	02.47	-0.66	35.24	-0.01
