RAW	190502	061516	229542	02
GEOM1	00.00	00.00	0.000000	0.000000	0.000000	0.000000	00.00	00.00	00.00	00.00	1000000.00	-3
GEOM2	00.00	00.00	0.000000	0.000000	0.000000	0.000000	00.00	00.00	00.00	00.00	0000.000	0000.000	1000000.00	-3
LDF	16.347915	0.177199	50.454664	0.153561	0023220.4	0029587.4	00.29	02.49	-1
GLDF	00.00	25.31	0.000000	0.150000	0.000000	0.150001	00.00	68.48	00.00	01.41	0023220.4	0000001.4	00.29	1000000.00	-2
0774	04	07.58706	07.59206	15.33	05.32	04.56	33.62	-0.05
0576	01	00.00000	00.00000	01.98	01.51	01.05	37.01	-0.02
0674	04	07.09150	07.09650	05.29	04.32	02.84	33.58	-0.04
0675	01	04.33283	04.34283	01.77	00.69	02.84	35.32	-0.04
1075	01	04.53976	04.53976	01.59	01.80	09.78	35.47	-0.10
0775	03	04.77247	04.78246	03.89	04.95	04.56	35.35	-0.05
0872	01	07.28103	07.29602	02.68	04.11	06.35	30.23	00.01
