RAW	190515	080122	200293	02
GEOM1	00.00	00.00	0.000000	0.000000	0.000000	0.000000	00.00	00.00	00.00	00.00	1000000.00	-3
GEOM2	00.00	00.00	0.000000	0.000000	0.000000	0.000000	00.00	00.00	00.00	00.00	0000.000	0000.000	1000000.00	-3
LDF	11.831123	0.150272	51.863795	0.154054	0601604.4	0460867.5	22.24	02.57	-1
GLDF	00.00	30.50	0.000000	0.150000	0.000000	0.150000	00.00	69.55	00.00	01.41	0601604.4	0000001.4	22.24	1000000.00	-2
0472	01	07.04168	07.04168	03.10	03.92	-0.52	30.05	-0.03
0576	04	00.00000	00.00000	06.88	04.75	01.05	37.01	-0.02
0575	04	00.36918	00.36918	03.09	04.12	01.13	35.27	-0.03
0775	01	04.76005	04.76005	01.72	01.05	04.56	35.35	-0.05
0475	03	02.42109	02.42608	55.55	50.39	-0.66	35.24	-0.01
