RAW	190522	222128	435946	02
GEOM1	00.00	00.00	0.000000	0.000000	0.000000	0.000000	00.00	00.00	00.00	00.00	1000000.00	-3
GEOM2	00.00	00.00	0.000000	0.000000	0.000000	0.000000	00.00	00.00	00.00	00.00	0000.000	0000.000	1000000.00	-3
LDF	13.049485	0.149962	49.977209	0.150000	0390222.3	0313178.9	13.85	00.00	-2
GLDF	00.00	21.94	0.000000	0.150000	0.000000	0.150001	00.00	72.00	00.00	01.41	0390222.3	0000001.4	13.85	1000000.00	-2
0574	04	05.49129	05.49129	24.12	14.30	01.13	33.54	-0.04
0674	02	02.30938	02.30438	05.77	12.99	02.84	33.58	-0.04
0573	01	11.14241	11.14241	01.10	01.64	01.13	31.81	-0.04
0474	02	00.00000	00.00000	02.35	02.58	-0.59	33.51	-0.01
0474	04	04.51191	04.51191	04.17	04.66	-0.59	33.51	-0.01
