RAW	190515	133116	125625	03
GEOM1	00.14	00.15	18.601059	0.150034	49.921325	0.150015	74.63	26.84	357.86	00.63	00.00	-2
GEOM2	00.07	00.05	18.600236	0.133534	49.921342	0.148774	17.57	69.92	344.93	71.23	0000.481	0002.562	00.00	-3
LDF	18.600110	0.150001	49.920466	0.149895	0000000.2	0000000.1	00.06	00.18	-1
GLDF	00.11	00.14	18.599403	0.150736	49.901675	0.148752	72.08	08.75	357.60	01.18	0000004.2	0000035.9	09.62	01.02	-1
0675	01	02.15108	02.15108	12.10	03.57	02.84	35.32	-0.04
0977	01	02.18536	02.18536	01.87	00.62	07.92	38.89	-0.09
0873	04	00.26158	00.26158	06.90	07.27	06.42	31.99	-0.03
0874	04	00.10844	00.11343	07.38	04.04	06.35	33.66	-0.06
0974	01	02.77071	02.77571	01.16	01.23	08.06	33.70	-0.06
1072	01	04.48810	04.48311	02.18	05.52	09.86	30.29	00.00
0875	04	00.00000	00.00000	03.14	06.91	06.27	35.38	-0.07
