RAW	190503	170933	707196	03
GEOM1	03.74	00.13	17.160414	0.149998	51.753562	0.149978	51.85	05.72	245.58	07.01	00.00	-2
GEOM2	03.80	00.95	17.160415	0.149653	51.753546	0.149050	49.97	27.01	249.06	41.02	0000.922	0018.422	00.00	-3
LDF	17.020170	0.150332	51.848243	0.139116	0009819.3	0004804.5	11.01	02.35	00
GLDF	03.65	00.12	17.126611	0.158198	51.882490	0.133088	49.62	06.27	247.34	08.18	0016591.6	0023006.3	13.86	03.69	00
0774	04	05.17455	05.17455	03.92	03.73	04.56	33.62	-0.05
0777	01	00.00000	00.00000	00.72	00.53	04.48	38.84	-0.02
0874	04	04.71478	04.70978	02.99	02.72	06.35	33.66	-0.06
0776	04	02.71701	02.71701	04.92	07.70	04.49	37.09	-0.04
0775	03	02.94205	02.94205	04.38	06.62	04.56	35.35	-0.05
0473	01	05.13522	05.13522	02.24	00.87	-0.52	31.76	-0.03
0672	01	03.19640	03.19640	01.06	00.82	02.92	30.12	-0.04
