RAW	190513	035210	775023	02
GEOM1	00.00	00.00	0.000000	0.000000	0.000000	0.000000	00.00	00.00	00.00	00.00	1000000.00	-3
GEOM2	00.00	00.00	0.000000	0.000000	0.000000	0.000000	00.00	00.00	00.00	00.00	0000.000	0000.000	1000000.00	-3
LDF	16.868272	0.150340	48.534432	0.128311	0757367.5	0425891.8	28.62	00.26	-1
GLDF	00.00	29.42	0.000000	0.150000	0.000000	0.150001	00.00	66.02	00.00	01.41	0757367.5	0000001.4	28.62	1000000.00	-2
0772	04	06.40238	06.40238	02.62	03.33	04.71	30.23	-0.02
0774	04	04.78987	04.78987	07.31	02.84	04.56	33.62	-0.05
0876	01	00.00000	00.00000	01.45	01.14	06.27	37.12	-0.05
1075	01	13.50816	13.50816	01.64	02.07	09.78	35.47	-0.10
0773	03	06.21301	06.21801	08.65	06.06	04.63	31.89	-0.04
