RAW	190503	084059	511701	02
GEOM1	00.00	00.00	0.000000	0.000000	0.000000	0.000000	00.00	00.00	00.00	00.00	1000000.00	-3
GEOM2	00.00	00.00	0.000000	0.000000	0.000000	0.000000	00.00	00.00	00.00	00.00	0000.000	0000.000	1000000.00	-3
LDF	18.067611	0.160216	49.557659	0.160765	0061917.8	0065563.5	01.77	02.41	-1
GLDF	00.00	25.12	0.000000	0.150000	0.000000	0.150000	00.00	54.72	00.00	01.41	0061917.8	0000001.4	01.77	1000000.00	-2
0774	02	00.00000	00.00000	06.99	03.58	04.56	33.62	-0.05
0977	01	01.44161	01.44161	01.27	01.09	07.92	38.89	-0.09
0978	01	05.20873	05.21373	02.69	02.27	07.91	40.63	-0.05
0874	04	01.97609	01.98109	11.63	10.38	06.35	33.66	-0.06
0773	04	03.05950	03.05950	04.49	04.68	04.63	31.89	-0.04
