RAW	190512	071952	207994	02
GEOM1	00.00	00.00	0.000000	0.000000	0.000000	0.000000	00.00	00.00	00.00	00.00	1000000.00	-3
GEOM2	00.00	00.00	0.000000	0.000000	0.000000	0.000000	00.00	00.00	00.00	00.00	0000.000	0000.000	1000000.00	-3
LDF	16.290913	0.150750	50.048061	0.150040	0008167.2	0010289.2	04.23	02.19	-1
GLDF	00.00	28.22	0.000000	0.150000	0.000000	0.150001	00.00	63.81	00.00	01.41	0008167.2	0000001.4	04.23	1000000.00	-2
0774	04	05.47988	05.47489	05.79	08.52	04.56	33.62	-0.05
0372	01	11.76145	11.76145	03.19	03.16	-2.24	30.01	-0.01
0674	03	04.37995	04.38495	07.14	13.30	02.84	33.58	-0.04
0874	04	05.90927	05.90927	03.70	03.82	06.35	33.66	-0.06
0475	01	00.00000	00.00000	01.19	01.94	-0.66	35.24	-0.01
