RAW	190501	155837	825175	02
GEOM1	00.00	00.00	0.000000	0.000000	0.000000	0.000000	00.00	00.00	00.00	00.00	1000000.00	-3
GEOM2	00.00	00.00	0.000000	0.000000	0.000000	0.000000	00.00	00.00	00.00	00.00	0000.000	0000.000	1000000.00	-3
LDF	12.043273	0.139691	48.892664	0.129079	0335422.0	0184369.5	11.73	00.49	-1
GLDF	00.00	24.81	0.000000	0.150000	0.000000	0.150001	00.00	76.47	00.00	01.41	0335422.0	0000001.4	11.73	1000000.00	-2
0575	01	10.14807	10.15806	01.42	01.23	01.13	35.27	-0.03
0977	01	05.68368	05.68867	01.91	00.96	07.92	38.89	-0.09
1075	01	00.00000	00.00000	01.58	01.79	09.78	35.47	-0.10
0676	01	03.08584	03.09084	01.37	01.83	02.77	37.09	-0.03
0573	04	06.30546	06.31045	05.15	03.10	01.13	31.81	-0.04
0474	04	04.24529	04.25529	11.93	07.22	-0.59	33.51	-0.01
0473	03	06.23687	06.24686	10.57	07.16	-0.52	31.76	-0.03
