RAW	190502	065801	816194	02
GEOM1	00.00	00.00	0.000000	0.000000	0.000000	0.000000	00.00	00.00	00.00	00.00	1000000.00	-3
GEOM2	00.00	00.00	0.000000	0.000000	0.000000	0.000000	00.00	00.00	00.00	00.00	0000.000	0000.000	1000000.00	-3
LDF	14.850875	0.154395	52.572041	0.151091	0062988.7	0059114.7	01.80	00.75	-1
GLDF	00.00	31.57	0.000000	0.150000	0.000000	0.150000	00.00	70.28	00.00	01.41	0062988.7	0000001.4	01.80	1000000.00	-2
0576	02	03.71859	03.71359	07.00	05.80	01.05	37.01	-0.02
0575	04	01.11324	01.10325	01.90	01.57	01.13	35.27	-0.03
0675	04	02.58883	02.58883	09.15	04.41	02.84	35.32	-0.04
0676	03	01.34253	01.33753	06.76	07.49	02.77	37.09	-0.03
0872	01	00.00000	00.00000	01.11	01.26	06.35	30.23	00.01
