RAW	190501	101306	509870	03
GEOM1	05.75	00.08	13.638523	0.150004	52.471778	0.150007	13.61	04.44	84.17	35.58	00.00	-2
GEOM2	05.84	00.50	13.638524	0.149725	52.471777	0.149489	15.99	17.14	64.80	89.73	0000.841	0021.563	00.00	-3
LDF	13.673769	0.166339	52.589985	0.057164	0136054.3	0055770.1	04.33	02.85	00
GLDF	05.78	00.06	13.695691	0.176327	52.595877	0.049415	14.27	03.54	85.86	28.49	0139146.9	0059688.5	04.31	03.88	00
0574	01	12.00212	12.00212	00.62	00.45	01.13	33.54	-0.04
0576	04	06.07358	06.07358	14.08	11.02	01.05	37.01	-0.02
0575	04	05.65623	05.66122	08.04	15.00	01.13	35.27	-0.03
0675	04	05.91411	05.91411	05.87	04.31	02.84	35.32	-0.04
0972	01	03.50078	03.50078	01.34	01.73	08.14	30.22	00.02
0475	01	00.00000	00.00000	00.77	01.00	-0.66	35.24	-0.01
