RAW	190531	120343	740357	03
GEOM1	04.77	00.13	15.714597	0.149567	46.913972	0.149840	58.71	01.85	191.30	03.19	00.00	-2
GEOM2	04.78	00.19	15.714604	0.127935	46.914001	0.148651	57.21	20.58	190.46	11.79	0000.501	0012.190	00.00	-3
LDF	15.714088	0.128165	46.951536	0.157229	0000395.1	0000257.0	01.56	01.98	00
GLDF	04.76	00.11	15.708214	0.129138	46.969458	0.157072	58.78	01.61	191.19	02.49	0000414.2	0000304.7	01.72	02.90	00
0772	04	03.82310	03.82809	03.00	02.92	04.71	30.23	-0.02
0673	01	00.00000	00.00000	00.38	00.87	02.92	31.83	-0.04
0776	01	00.95093	00.96092	00.96	01.45	04.49	37.09	-0.04
0676	01	07.19431	07.19931	02.38	02.09	02.77	37.09	-0.03
0773	04	03.65374	03.65874	03.64	05.37	04.63	31.89	-0.04
0672	04	05.31800	05.32300	20.73	11.32	02.92	30.12	-0.04
0475	01	07.41980	07.42480	01.51	01.60	-0.66	35.24	-0.01
