RAW	190515	130033	493926	02
GEOM1	00.00	00.00	0.000000	0.000000	0.000000	0.000000	00.00	00.00	00.00	00.00	1000000.00	-3
GEOM2	00.00	00.00	0.000000	0.000000	0.000000	0.000000	00.00	00.00	00.00	00.00	0000.000	0000.000	1000000.00	-3
LDF	12.551782	0.061248	46.530445	0.150180	0078721.4	0026632.0	02.10	00.18	-1
GLDF	00.00	21.50	0.000000	0.150000	0.000000	0.150000	00.00	63.11	00.00	01.41	0078721.4	0000001.4	02.10	1000000.00	-2
0372	02	00.00000	00.00000	05.44	08.35	-2.24	30.01	-0.01
0472	04	01.81834	01.81834	10.11	08.02	-0.52	30.05	-0.03
0673	02	08.88681	08.88681	02.73	02.84	02.92	31.83	-0.04
1076	01	02.11570	02.11570	01.17	00.70	09.70	37.20	-0.12
0572	04	02.03273	02.03273	10.02	04.67	01.20	30.14	-0.04
