RAW	190513	061839	767945	03
GEOM1	03.39	00.12	17.624474	0.149966	49.431069	0.150003	44.97	05.00	152.25	04.43	00.00	-2
GEOM2	03.43	00.56	17.624527	0.148035	49.431044	0.149252	44.36	10.96	153.05	10.25	0001.138	0019.139	00.00	-3
LDF	17.700814	0.184186	49.401015	0.173051	0005273.5	0004419.1	01.22	06.94	00
GLDF	03.22	00.09	17.825690	0.114283	49.230904	0.167570	29.44	08.09	161.49	09.93	0097684.8	0088221.4	06.33	08.57	00
0774	04	04.26412	04.14421	03.75	02.90	04.56	33.62	-0.05
0874	04	03.16965	03.04974	06.95	09.19	06.35	33.66	-0.06
1076	01	00.00000	00.00000	00.00	00.79	09.70	37.20	-0.12
0773	04	03.67823	03.55831	04.59	08.97	04.63	31.89	-0.04
0475	01	01.34328	01.22336	03.31	01.91	-0.66	35.24	-0.01
