RAW	190508	105220	189982	03
GEOM1	04.09	00.12	12.462531	0.150007	47.872593	0.150017	28.76	11.01	292.73	10.24	00.00	-2
GEOM2	04.19	00.56	12.462511	0.149591	47.872607	0.148631	34.66	29.21	290.55	10.14	0001.016	0018.452	00.00	-3
LDF	12.576203	0.079233	47.865793	0.156128	0032228.8	0015141.1	01.83	02.06	00
GLDF	04.12	00.11	12.588323	0.069164	47.859430	0.158652	29.01	09.79	294.35	08.54	0032332.6	0021638.8	01.70	02.80	00
0472	04	04.86232	04.85732	03.21	02.81	-0.52	30.05	-0.03
0877	01	06.21440	06.21440	01.47	00.83	06.20	38.86	-0.05
0573	04	04.22141	04.22141	09.19	04.01	01.13	31.81	-0.04
0473	02	00.00000	00.00000	01.69	01.27	-0.52	31.76	-0.03
0473	04	03.90735	03.91234	05.80	04.42	-0.52	31.76	-0.03
