RAW	190531	161740	333085	02
GEOM1	00.00	00.00	0.000000	0.000000	0.000000	0.000000	00.00	00.00	00.00	00.00	1000000.00	-3
GEOM2	00.00	00.00	0.000000	0.000000	0.000000	0.000000	00.00	00.00	00.00	00.00	0000.000	0000.000	1000000.00	-3
LDF	16.334925	0.174432	47.365139	0.150897	0066727.7	0068365.0	01.88	02.26	-1
GLDF	00.00	26.32	0.000000	0.150000	0.000000	0.150001	00.00	66.18	00.00	01.41	0066727.7	0000001.4	01.88	1000000.00	-2
0772	04	05.92796	06.00291	05.79	03.06	04.71	30.23	-0.02
0574	01	13.41610	13.48605	01.59	03.03	01.13	33.54	-0.04
0773	02	00.00000	00.00000	01.61	08.10	04.63	31.89	-0.04
0773	03	08.99419	09.06414	07.75	06.38	04.63	31.89	-0.04
0672	04	06.61164	06.68160	04.95	04.90	02.92	30.12	-0.04
0572	02	11.98195	12.05190	03.66	06.93	01.20	30.14	-0.04
