RAW	190515	135639	071810	02
GEOM1	00.00	00.00	0.000000	0.000000	0.000000	0.000000	00.00	00.00	00.00	00.00	1000000.00	-3
GEOM2	00.00	00.00	0.000000	0.000000	0.000000	0.000000	00.00	00.00	00.00	00.00	0000.000	0000.000	1000000.00	-3
LDF	14.368207	0.135876	51.741969	0.154016	0042867.5	0037336.5	01.20	01.55	-1
GLDF	00.00	27.42	0.000000	0.150000	0.000000	0.150001	00.00	72.43	00.00	01.41	0042867.5	0000001.4	01.20	1000000.00	-2
0574	02	07.79103	07.78603	05.86	06.92	01.13	33.54	-0.04
0575	04	05.27899	05.27400	03.41	05.15	01.13	35.27	-0.03
0675	02	00.00000	00.00000	08.27	02.23	02.84	35.32	-0.04
0675	04	04.91661	04.91162	06.87	10.21	02.84	35.32	-0.04
0973	01	07.67058	07.66559	01.97	05.86	08.07	31.96	-0.03
0676	01	02.93044	02.92545	01.39	01.40	02.77	37.09	-0.03
