RAW	190526	022300	458879	02
GEOM1	00.00	00.00	0.000000	0.000000	0.000000	0.000000	00.00	00.00	00.00	00.00	1000000.00	-3
GEOM2	00.00	00.00	0.000000	0.000000	0.000000	0.000000	00.00	00.00	00.00	00.00	0000.000	0000.000	1000000.00	-3
LDF	17.528784	0.151433	52.998225	0.183387	0094216.3	0093899.7	02.40	02.90	-1
GLDF	08.72	00.06	16.767006	0.149492	52.626758	0.061862	17.57	03.76	269.76	16.69	0038514.3	0014748.8	01.41	00.19	-2
0574	01	04.95121	04.95620	01.21	02.20	01.13	33.54	-0.04
0576	01	03.97044	03.97544	01.24	01.41	01.05	37.01	-0.02
0977	03	04.82602	04.82602	01.72	01.40	07.92	38.89	-0.09
0876	03	06.70867	06.71366	04.10	04.61	06.27	37.12	-0.05
0776	04	08.57918	08.58917	04.45	05.95	04.49	37.09	-0.04
1076	02	00.00000	00.00000	00.97	03.48	09.70	37.20	-0.12
0775	04	09.09309	09.10309	06.19	06.69	04.56	35.35	-0.05
