RAW	190522	230520	267409	02
GEOM1	00.00	00.00	0.000000	0.000000	0.000000	0.000000	00.00	00.00	00.00	00.00	1000000.00	-3
GEOM2	00.00	00.00	0.000000	0.000000	0.000000	0.000000	00.00	00.00	00.00	00.00	0000.000	0000.000	1000000.00	-3
LDF	12.304650	0.126970	51.238630	0.135247	0378515.1	0189977.8	13.39	00.53	-1
GLDF	00.00	25.84	0.000000	0.150000	0.000000	0.150000	00.00	67.68	00.00	01.41	0378515.1	0000001.4	13.39	1000000.00	-2
0575	04	00.00000	00.00000	11.38	06.67	01.13	35.27	-0.03
0775	01	09.44552	09.44552	03.82	04.74	04.56	35.35	-0.05
1072	01	00.85101	00.85101	03.70	02.99	09.86	30.29	00.00
0474	04	01.68386	01.68386	04.83	04.90	-0.59	33.51	-0.01
0475	03	03.03444	03.02945	08.28	05.99	-0.66	35.24	-0.01
