RAW	190515	024625	620773	02
GEOM1	00.00	00.00	0.000000	0.000000	0.000000	0.000000	00.00	00.00	00.00	00.00	1000000.00	-3
GEOM2	00.00	00.00	0.000000	0.000000	0.000000	0.000000	00.00	00.00	00.00	00.00	0000.000	0000.000	1000000.00	-3
LDF	10.902344	0.072538	46.468379	0.150342	0051936.7	0021793.9	01.52	00.17	-1
GLDF	00.24	00.55	10.912762	0.147306	47.672280	0.101154	24.74	04.43	346.95	14.36	0471096.9	0128726.0	28.21	1000000.00	-2
0372	04	00.00000	00.00000	04.81	05.00	-2.24	30.01	-0.01
0472	04	01.25010	01.25010	06.38	05.76	-0.52	30.05	-0.03
0972	01	03.15626	03.15626	00.84	01.88	08.14	30.22	00.02
0475	01	02.62005	02.62505	00.93	00.84	-0.66	35.24	-0.01
0572	02	02.98657	02.99157	08.40	03.76	01.20	30.14	-0.04
