RAW	190523	224715	544327	02
GEOM1	00.00	00.00	0.000000	0.000000	0.000000	0.000000	00.00	00.00	00.00	00.00	1000000.00	-3
GEOM2	00.00	00.00	0.000000	0.000000	0.000000	0.000000	00.00	00.00	00.00	00.00	0000.000	0000.000	1000000.00	-3
LDF	18.980881	0.124239	54.729896	0.117835	0469745.3	0181373.3	16.97	00.03	-1
GLDF	00.00	28.62	0.000000	0.150000	0.000000	0.150000	00.00	60.45	00.00	01.41	0469745.3	0000001.4	16.97	1000000.00	-2
0576	01	00.00000	00.00000	01.29	01.05	01.05	37.01	-0.02
0977	04	05.75846	05.75846	04.99	08.31	07.92	38.89	-0.09
0878	03	07.67123	07.67123	01.61	02.83	06.34	40.13	-0.02
0876	04	04.54802	04.54802	11.32	06.41	06.27	37.12	-0.05
0877	03	06.63628	06.64128	05.64	03.74	06.20	38.86	-0.05
0872	01	00.31284	00.31284	01.11	00.65	06.35	30.23	00.01
