RAW	190522	120356	071033	02
GEOM1	00.00	00.00	0.000000	0.000000	0.000000	0.000000	00.00	00.00	00.00	00.00	1000000.00	-3
GEOM2	00.00	00.00	0.000000	0.000000	0.000000	0.000000	00.00	00.00	00.00	00.00	0000.000	0000.000	1000000.00	-3
LDF	18.493460	0.149984	55.744935	0.150052	0041116.1	0040327.5	01.13	00.00	-2
GLDF	00.00	30.42	0.000000	0.150000	0.000000	0.150001	00.00	70.05	00.00	01.41	0041116.1	0000001.4	01.13	1000000.00	-2
0575	01	00.00000	00.00000	00.61	01.68	01.13	35.27	-0.03
0977	02	05.21408	05.21408	07.55	07.40	07.92	38.89	-0.09
0878	04	08.44834	08.45334	05.41	04.55	06.34	40.13	-0.02
0877	04	08.27912	08.27912	09.49	08.88	06.20	38.86	-0.05
0473	01	10.10148	10.10148	01.85	02.18	-0.52	31.76	-0.03
