RAW	190501	131543	846590	02
GEOM1	00.00	00.00	0.000000	0.000000	0.000000	0.000000	00.00	00.00	00.00	00.00	1000000.00	-3
GEOM2	00.00	00.00	0.000000	0.000000	0.000000	0.000000	00.00	00.00	00.00	00.00	0000.000	0000.000	1000000.00	-3
LDF	18.631885	0.150603	47.600788	0.067545	0075793.4	0028492.4	02.05	00.35	-1
GLDF	00.00	24.33	0.000000	0.150000	0.000000	0.150000	00.00	48.95	00.00	01.41	0075793.4	0000001.4	02.05	1000000.00	-2
0873	04	00.00000	00.00000	10.19	06.55	06.42	31.99	-0.03
0873	01	08.75397	08.75397	01.40	00.74	06.42	31.99	-0.03
0874	02	02.21746	02.21746	09.07	04.62	06.35	33.66	-0.06
0872	04	00.32933	00.32433	06.61	05.91	06.35	30.23	00.01
0475	01	02.82454	02.82454	01.54	01.24	-0.66	35.24	-0.01
0875	02	04.40064	04.40564	02.16	02.03	06.27	35.38	-0.07
