RAW	190509	191608	954848	02
GEOM1	00.00	00.00	0.000000	0.000000	0.000000	0.000000	00.00	00.00	00.00	00.00	1000000.00	-3
GEOM2	00.00	00.00	0.000000	0.000000	0.000000	0.000000	00.00	00.00	00.00	00.00	0000.000	0000.000	1000000.00	-3
LDF	17.605876	0.072571	53.544417	0.150055	0061075.0	0024870.4	01.76	00.04	-1
GLDF	00.00	30.96	0.000000	0.150000	0.000000	0.150001	00.00	69.01	00.00	01.41	0061075.0	0000001.4	01.76	1000000.00	-2
0772	01	00.00000	00.00000	00.89	01.07	04.71	30.23	-0.02
0978	01	05.04768	05.05268	00.74	00.55	07.91	40.63	-0.05
0876	04	07.15517	07.15517	06.33	03.79	06.27	37.12	-0.05
0874	01	10.04590	10.04590	01.32	01.11	06.35	33.66	-0.06
0776	04	06.02649	06.02649	05.96	05.17	04.49	37.09	-0.04
0676	02	08.31802	08.31802	04.77	05.25	02.77	37.09	-0.03
0475	01	02.39526	02.39526	03.76	00.98	-0.66	35.24	-0.01
