RAW	190512	113826	040519	02
GEOM1	00.00	00.00	0.000000	0.000000	0.000000	0.000000	00.00	00.00	00.00	00.00	1000000.00	-3
GEOM2	00.00	00.00	0.000000	0.000000	0.000000	0.000000	00.00	00.00	00.00	00.00	-005.071	0002.908	1000000.00	-3
LDF	16.771967	0.151004	52.234433	0.164852	0575472.6	0435510.2	21.19	01.13	-1
GLDF	00.00	29.26	0.000000	0.150000	0.000000	0.150001	00.00	70.45	00.00	01.41	0575472.6	0000001.4	21.19	1000000.00	-2
0774	04	07.65506	07.66006	03.86	02.32	04.56	33.62	-0.05
0372	01	13.55638	13.55638	03.24	03.55	-2.24	30.01	-0.01
0874	02	02.99399	02.99399	02.14	02.76	06.35	33.66	-0.06
1075	01	00.07225	00.06725	01.68	02.08	09.78	35.47	-0.10
0776	04	06.68455	06.68455	10.07	07.26	04.49	37.09	-0.04
0976	01	00.00000	00.00000	01.55	01.17	07.99	37.16	-0.09
0775	03	07.44097	07.44097	11.67	04.68	04.56	35.35	-0.05
0775	01	15.25561	15.26060	01.64	00.65	04.56	35.35	-0.05
