RAW	190514	113430	002503	02
GEOM1	00.00	00.00	0.000000	0.000000	0.000000	0.000000	00.00	00.00	00.00	00.00	1000000.00	-3
GEOM2	00.00	00.00	0.000000	0.000000	0.000000	0.000000	00.00	00.00	00.00	00.00	0000.000	0000.000	1000000.00	-3
LDF	19.473062	0.057276	50.118073	0.150159	0087901.4	0027676.1	02.27	00.10	-1
GLDF	02.82	00.06	18.732320	0.064635	49.438863	0.041819	71.09	20.68	296.38	03.37	64618497.4	226582948.3	00.00	1000000.00	-2
0772	01	05.95498	05.95998	00.77	01.26	04.71	30.23	-0.02
0774	02	00.18527	00.19027	03.15	03.06	04.56	33.62	-0.05
0574	01	00.00000	00.00000	01.43	02.50	01.13	33.54	-0.04
0874	04	02.22784	02.23284	09.31	07.55	06.35	33.66	-0.06
0974	04	01.05257	01.05756	09.71	10.04	08.06	33.70	-0.06
