RAW	190512	223446	315657	02
GEOM1	00.00	00.00	0.000000	0.000000	0.000000	0.000000	00.00	00.00	00.00	00.00	1000000.00	-3
GEOM2	00.00	00.00	0.000000	0.000000	0.000000	0.000000	00.00	00.00	00.00	00.00	0000.000	0000.000	1000000.00	-3
LDF	15.086466	0.152148	50.809197	0.071022	0080599.7	0032788.9	02.14	01.07	-1
GLDF	00.00	24.28	0.000000	0.150000	0.000000	0.150000	00.00	59.03	00.00	01.41	0080599.7	0000001.4	02.14	1000000.00	-2
0774	02	03.81410	03.80411	07.49	07.13	04.56	33.62	-0.05
0673	02	09.71943	09.71444	02.11	02.12	02.92	31.83	-0.04
0674	04	01.72074	01.71574	14.11	08.07	02.84	33.58	-0.04
0675	04	00.42116	00.42116	07.57	05.60	02.84	35.32	-0.04
0878	01	04.96308	04.95808	03.31	01.11	06.34	40.13	-0.02
0876	01	00.00000	00.00000	01.71	00.92	06.27	37.12	-0.05
