RAW	190531	045139	987061	03
GEOM1	04.28	00.11	14.154271	0.150004	52.299293	0.149996	35.15	04.16	141.49	10.70	00.00	-2
GEOM2	04.34	14.09	14.154262	0.150037	52.299300	0.149999	36.39	187.16	142.15	255.36	0001.278	0528.662	00.00	-3
LDF	14.173357	0.090432	52.392983	0.139455	0036319.5	0016346.6	03.16	01.16	00
GLDF	04.33	00.08	14.168448	0.082534	52.423190	0.114279	36.03	02.95	138.96	08.44	0035603.0	0015993.6	03.17	01.35	00
0576	04	05.22026	05.21527	06.10	05.04	01.05	37.01	-0.02
0575	04	04.56144	04.56644	03.71	03.39	01.13	35.27	-0.03
0675	04	03.76842	03.76842	09.41	06.80	02.84	35.32	-0.04
0474	02	00.00000	00.00000	02.89	03.41	-0.59	33.51	-0.01
0572	01	07.57665	07.57665	08.55	05.58	01.20	30.14	-0.04
