RAW	190528	235807	279917	01
GEOM1	00.00	00.00	0.000000	0.000000	0.000000	0.000000	00.00	00.00	00.00	00.00	1000000.00	-4
GEOM2	00.00	00.00	0.000000	0.000000	0.000000	0.000000	00.00	00.00	00.00	00.00	0000.000	0000.000	1000000.00	-4
LDF	10.006950	0.160352	46.449300	0.153815	0000001.0	0034031.0	00.45	1000000.00	-3
GLDF	00.00	38.56	0.000000	0.150000	0.000000	0.150001	00.00	137.54	00.00	01.41	0000001.0	0000001.4	00.00	1000000.00	-4
0372	04	07.02527	07.02527	03.62	03.30	-2.24	30.01	-0.01
0472	02	04.93979	04.93979	04.27	03.18	-0.52	30.05	-0.03
0878	01	03.30627	03.30127	01.43	02.41	06.34	40.13	-0.02
1073	01	00.00000	00.00000	04.19	01.40	09.86	32.00	-0.03
0474	01	13.19419	13.19918	01.00	00.93	-0.59	33.51	-0.01
0572	02	08.17311	08.16812	04.02	03.46	01.20	30.14	-0.04
