RAW	190531	103840	112716	02
GEOM1	00.00	00.00	0.000000	0.000000	0.000000	0.000000	00.00	00.00	00.00	00.00	1000000.00	-3
GEOM2	00.00	00.00	0.000000	0.000000	0.000000	0.000000	00.00	00.00	00.00	00.00	0000.000	0000.000	1000000.00	-3
LDF	21.750337	0.150000	46.921012	0.150026	0614795.1	0485183.4	22.78	00.00	-2
GLDF	00.00	21.35	0.000000	0.150000	0.000000	0.150000	00.00	40.43	00.00	01.41	0614795.1	0000001.4	22.78	1000000.00	-2
0673	01	08.01087	08.01087	06.46	06.59	02.92	31.83	-0.04
0972	03	02.00100	02.00100	05.24	09.09	08.14	30.22	00.02
1073	04	00.15144	00.15144	04.16	04.18	09.86	32.00	-0.03
1072	04	00.00000	00.00000	28.10	19.34	09.86	30.29	00.00
0573	01	01.47197	01.47197	02.52	01.31	01.13	31.81	-0.04
