RAW	190503	055510	536791	02
GEOM1	00.00	00.00	0.000000	0.000000	0.000000	0.000000	00.00	00.00	00.00	00.00	1000000.00	-3
GEOM2	00.00	00.00	0.000000	0.000000	0.000000	0.000000	00.00	00.00	00.00	00.00	0000.000	0000.000	1000000.00	-3
LDF	13.370285	0.156067	48.919123	0.301297	0041109.6	0083603.4	01.13	02.31	-1
GLDF	02.33	01.68	13.306457	0.111350	49.048389	0.076150	09.93	05.26	359.14	01.42	617121343.8	400983468.1	04.51	1000000.00	-2
0574	04	06.54671	06.54671	05.24	04.55	01.13	33.54	-0.04
0978	01	06.23820	06.23320	00.79	00.72	07.91	40.63	-0.05
0776	01	03.53661	03.53661	01.99	01.53	04.49	37.09	-0.04
1076	01	12.96131	12.96630	00.89	01.01	09.70	37.20	-0.12
0972	01	00.00000	00.00000	00.94	01.17	08.14	30.22	00.02
0573	04	05.64040	05.64540	14.76	08.27	01.13	31.81	-0.04
0572	02	07.54163	07.54163	04.35	03.49	01.20	30.14	-0.04
