RAW	190506	083710	126659	03
GEOM1	00.61	00.10	12.370104	0.150003	47.797523	0.150001	33.98	04.79	54.89	09.35	00.00	-2
GEOM2	00.69	00.56	12.370120	0.149308	47.797543	0.149006	32.39	15.57	51.32	28.95	0001.042	0018.357	00.00	-3
LDF	12.448206	0.091617	47.735795	0.154750	0021754.0	0011367.7	01.65	01.18	00
GLDF	00.60	00.09	12.452710	0.077628	47.716490	0.153137	34.50	03.54	53.32	07.71	0021827.2	0012472.6	01.70	01.48	00
0472	04	00.00000	00.00000	03.19	03.09	-0.52	30.05	-0.03
0974	01	01.46157	01.46157	01.47	01.82	08.06	33.70	-0.06
0676	01	00.58930	00.58430	00.74	00.58	02.77	37.09	-0.03
0573	04	01.26773	01.27273	04.85	05.14	01.13	31.81	-0.04
0473	04	00.67786	00.68785	04.62	04.58	-0.52	31.76	-0.03
