RAW	190508	034643	334642	02
GEOM1	00.00	00.00	0.000000	0.000000	0.000000	0.000000	00.00	00.00	00.00	00.00	1000000.00	-3
GEOM2	00.00	00.00	0.000000	0.000000	0.000000	0.000000	00.00	00.00	00.00	00.00	0000.000	0000.000	1000000.00	-3
LDF	19.521927	0.125042	49.321385	0.122920	0210462.2	0090998.3	06.29	00.20	-1
GLDF	00.00	28.25	0.000000	0.150000	0.000000	0.150000	00.00	54.40	00.00	01.41	0210462.2	0000001.4	06.29	1000000.00	-2
0978	01	00.00000	00.00000	01.90	03.41	07.91	40.63	-0.05
0873	04	02.55235	02.55735	05.24	04.45	06.42	31.99	-0.03
0874	02	05.35249	05.35749	04.60	03.22	06.35	33.66	-0.06
0974	04	02.20143	02.20643	06.25	05.33	08.06	33.70	-0.06
0975	02	07.75603	07.76102	01.76	01.40	07.99	35.38	-0.08
