RAW	190506	183250	742526	03
GEOM1	06.41	00.11	12.491234	0.149983	46.833251	0.149992	28.78	11.26	120.94	11.31	00.00	-2
GEOM2	06.50	00.53	12.491227	0.149479	46.833251	0.148678	33.45	23.77	115.37	27.76	0001.010	0019.653	00.00	-3
LDF	12.464713	0.070409	46.847856	0.153461	0046851.4	0018726.1	02.57	01.61	00
GLDF	06.43	00.10	12.460755	0.065296	46.858310	0.155874	29.36	09.41	120.60	08.87	0046028.5	0028958.5	02.37	02.37	00
0472	04	06.48653	06.59646	11.91	09.93	-0.52	30.05	-0.03
0574	01	00.00000	00.00000	01.82	00.00	01.13	33.54	-0.04
0575	01	13.57576	13.68568	01.37	01.28	01.13	35.27	-0.03
0975	01	03.01758	03.13250	01.19	01.02	07.99	35.38	-0.08
0573	04	07.03077	07.14070	03.29	04.00	01.13	31.81	-0.04
0473	02	11.82667	11.93160	01.27	01.72	-0.52	31.76	-0.03
0572	04	06.14178	06.25670	07.24	03.62	01.20	30.14	-0.04
