RAW	190509	143459	069084	02
GEOM1	00.00	00.00	0.000000	0.000000	0.000000	0.000000	00.00	00.00	00.00	00.00	1000000.00	-3
GEOM2	00.00	00.00	0.000000	0.000000	0.000000	0.000000	00.00	00.00	00.00	00.00	0000.000	0000.000	1000000.00	-3
LDF	16.187394	0.131897	48.818117	0.135329	0224473.4	0127249.2	06.93	00.32	-1
GLDF	00.00	28.67	0.000000	0.150000	0.000000	0.150001	00.00	70.40	00.00	01.41	0224473.4	0000001.4	06.93	1000000.00	-2
0774	04	07.38721	07.39221	04.25	02.75	04.56	33.62	-0.05
0673	04	05.81441	05.81941	06.00	04.67	02.92	31.83	-0.04
0575	01	10.33667	10.33667	01.02	00.90	01.13	35.27	-0.03
1075	01	00.00000	00.00000	00.43	03.03	09.78	35.47	-0.10
0773	03	04.15230	04.15729	03.51	04.56	04.63	31.89	-0.04
