RAW	190520	172351	415395	03
GEOM1	-0.04	00.10	12.241326	0.149986	47.642043	0.150002	19.57	07.85	131.88	18.41	00.00	-2
GEOM2	00.08	00.67	12.241349	0.149677	47.642016	0.149643	14.95	23.61	129.43	23.46	0000.929	0018.526	00.00	-3
LDF	12.304686	0.178837	47.567620	0.188720	0030307.8	0035767.4	01.01	03.52	00
GLDF	-0.10	00.09	12.370892	0.188638	47.486409	0.168783	15.65	06.93	131.01	17.65	0064931.0	0063571.6	02.05	04.63	00
0472	04	00.00000	00.00000	04.50	03.71	-0.52	30.05	-0.03
1075	01	05.74131	05.73631	00.88	01.61	09.78	35.47	-0.10
1075	01	06.63071	06.62571	05.36	01.58	09.78	35.47	-0.10
0573	04	00.09878	00.08878	04.26	03.44	01.13	31.81	-0.04
0473	04	00.32156	00.31657	04.55	04.07	-0.52	31.76	-0.03
