RAW	190524	180519	512971	02
GEOM1	00.00	00.00	0.000000	0.000000	0.000000	0.000000	00.00	00.00	00.00	00.00	1000000.00	-3
GEOM2	00.00	00.00	0.000000	0.000000	0.000000	0.000000	00.00	00.00	00.00	00.00	0000.000	0000.000	1000000.00	-3
LDF	17.483613	0.072432	53.394588	0.151909	0101915.9	0043565.3	02.55	00.37	-1
GLDF	00.00	25.41	0.000000	0.150000	0.000000	0.150001	00.00	68.15	00.00	01.41	0101915.9	0000001.4	02.55	1000000.00	-2
0876	04	09.54538	09.54038	06.57	03.65	06.27	37.12	-0.05
0776	04	08.09145	08.09145	13.24	19.86	04.49	37.09	-0.04
0976	02	06.80585	06.80085	07.77	10.38	07.99	37.16	-0.09
0775	02	00.00000	00.00000	01.82	02.17	04.56	35.35	-0.05
0975	03	09.55158	09.55158	01.81	02.03	07.99	35.38	-0.08
