RAW	190524	014046	618326	03
GEOM1	06.89	00.08	14.783218	0.149804	50.015067	0.149636	28.55	05.54	181.20	119.59	00.08	-2
GEOM2	06.89	00.06	14.779668	0.124644	50.014985	0.149084	29.38	24.80	184.36	831.25	0004.886	0002.352	00.00	-3
LDF	14.824369	0.147402	50.015985	0.150751	0154405.4	0103213.0	10.19	00.46	-1
GLDF	06.86	00.07	14.847722	0.140004	50.016396	0.157408	27.93	04.80	181.35	142.31	0175261.0	0140627.8	11.04	00.71	-1
0774	04	06.40629	06.41128	02.88	02.21	04.56	33.62	-0.05
0574	04	07.78378	07.78878	05.17	04.48	01.13	33.54	-0.04
0674	04	06.79877	06.80376	03.85	06.94	02.84	33.58	-0.04
0777	01	03.76620	03.77119	01.60	00.76	04.48	38.84	-0.02
0977	01	07.97334	07.97833	00.40	00.35	07.92	38.89	-0.09
0975	01	10.14446	10.14945	02.05	02.01	07.99	35.38	-0.08
0872	01	00.00000	00.00000	01.50	02.85	06.35	30.23	00.01
