RAW	190530	180715	644692	03
GEOM1	00.91	00.14	13.217608	0.151859	48.236650	0.143881	71.41	22.15	49.27	07.00	00.00	-2
GEOM2	00.92	00.07	13.217539	0.086081	48.236714	0.089190	65.89	69.76	315.73	30.01	0000.449	0002.447	00.00	-3
LDF	13.214896	0.145857	48.238587	0.147899	0000005.7	0000002.2	07.39	00.01	-1
GLDF	00.91	00.13	13.216380	0.151811	48.237639	0.138794	70.75	10.25	49.06	03.67	0000009.8	0000079.2	09.18	00.00	-1
0673	04	02.20595	02.20595	04.42	05.13	02.92	31.83	-0.04
0575	01	02.57968	02.57968	01.77	02.17	01.13	35.27	-0.03
0978	01	04.48042	04.48042	01.68	02.03	07.91	40.63	-0.05
0573	04	01.02988	01.02988	05.87	04.81	01.13	31.81	-0.04
0473	04	00.00000	00.00000	06.84	06.68	-0.52	31.76	-0.03
