RAW	190504	151530	018722	02
GEOM1	00.00	00.00	0.000000	0.000000	0.000000	0.000000	00.00	00.00	00.00	00.00	1000000.00	-3
GEOM2	00.00	00.00	0.000000	0.000000	0.000000	0.000000	00.00	00.00	00.00	00.00	0000.000	0000.000	1000000.00	-3
LDF	10.873023	0.081465	46.467754	0.149986	0034394.4	0016926.0	00.81	00.00	-1
GLDF	00.00	27.25	0.000000	0.150000	0.000000	0.150001	00.00	81.21	00.00	01.41	0034394.4	0000001.4	00.81	1000000.00	-2
0372	04	03.49527	03.49527	03.49	03.46	-2.24	30.01	-0.01
0472	04	04.14301	04.14301	05.00	02.22	-0.52	30.05	-0.03
0874	01	00.04160	00.04160	00.32	00.94	06.35	33.66	-0.06
0773	02	00.00000	00.00000	01.70	02.56	04.63	31.89	-0.04
0773	01	04.43697	04.43197	01.75	01.04	04.63	31.89	-0.04
0672	02	07.91322	07.90823	02.15	01.21	02.92	30.12	-0.04
0572	02	01.55284	01.55284	49.37	59.44	01.20	30.14	-0.04
