RAW	190522	152751	269050	02
GEOM1	00.00	00.00	0.000000	0.000000	0.000000	0.000000	00.00	00.00	00.00	00.00	1000000.00	-3
GEOM2	00.00	00.00	0.000000	0.000000	0.000000	0.000000	00.00	00.00	00.00	00.00	0000.000	0000.000	1000000.00	-3
LDF	20.189249	0.155685	54.614127	0.122270	0066276.7	0050535.4	01.87	02.45	-1
GLDF	00.00	27.41	0.000000	0.150000	0.000000	0.150000	00.00	57.54	00.00	01.41	0066276.7	0000001.4	01.87	1000000.00	-2
0372	01	02.18301	02.17801	00.69	01.64	-2.24	30.01	-0.01
0674	01	05.44472	05.44472	01.27	00.95	02.84	33.58	-0.04
0777	01	00.64477	00.64477	00.84	00.83	04.48	38.84	-0.02
0977	04	05.07769	05.08268	16.63	10.63	07.92	38.89	-0.09
0978	02	02.21186	02.21686	21.63	10.18	07.91	40.63	-0.05
0976	04	05.62043	05.62543	04.98	06.72	07.99	37.16	-0.09
0872	01	00.00000	00.00000	01.39	01.11	06.35	30.23	00.01
