RAW	190501	183149	909200	03
GEOM1	00.54	00.11	13.018916	0.150070	50.508195	0.149910	38.38	04.87	220.41	06.61	00.00	-2
GEOM2	00.59	00.37	13.018941	0.147379	50.508225	0.148222	39.71	07.27	216.68	26.54	0000.897	0017.641	00.00	-3
LDF	12.913957	0.132723	50.637541	0.091030	0026872.0	0010868.9	03.07	01.82	00
GLDF	00.56	00.08	12.896541	0.112146	50.643177	0.079925	39.32	03.21	218.15	04.76	0026084.2	0011985.3	03.22	01.96	00
0574	04	00.64825	00.64825	09.36	12.77	01.13	33.54	-0.04
0575	04	00.00000	00.00000	07.83	06.09	01.13	35.27	-0.03
0878	01	05.35911	05.35911	01.52	00.83	06.34	40.13	-0.02
0474	04	01.54390	01.54390	03.34	05.92	-0.59	33.51	-0.01
0773	01	06.79584	06.79584	03.62	02.37	04.63	31.89	-0.04
