RAW	190502	001529	637801	03
GEOM1	05.80	00.10	17.541678	0.149994	49.484929	0.150000	20.03	05.49	201.77	22.91	00.00	-2
GEOM2	05.91	00.78	17.541688	0.149564	49.484937	0.149745	20.32	04.05	205.75	26.22	0001.246	0022.645	00.00	-3
LDF	17.646401	0.111552	49.389391	0.150851	0097513.6	0054989.4	03.52	02.18	00
GLDF	05.79	00.06	17.657569	0.087303	49.352487	0.113839	20.02	04.20	210.96	16.95	0110837.8	0050269.8	04.17	02.54	00
0774	04	06.13798	06.13298	03.04	04.46	04.56	33.62	-0.05
0978	01	00.00000	00.00000	02.16	02.13	07.91	40.63	-0.05
0874	04	05.57856	05.57856	06.80	04.70	06.35	33.66	-0.06
0473	01	00.72398	00.72398	01.46	01.81	-0.52	31.76	-0.03
0773	04	06.37565	06.37565	05.10	04.72	04.63	31.89	-0.04
