RAW	190530	084712	295937	02
GEOM1	00.00	00.00	0.000000	0.000000	0.000000	0.000000	00.00	00.00	00.00	00.00	1000000.00	-3
GEOM2	00.00	00.00	0.000000	0.000000	0.000000	0.000000	00.00	00.00	00.00	00.00	0000.000	0000.000	1000000.00	-3
LDF	16.916896	0.152810	47.404357	0.082186	0053089.2	0026640.0	01.55	01.24	-1
GLDF	00.00	23.52	0.000000	0.150000	0.000000	0.150001	00.00	66.80	00.00	01.41	0053089.2	0000001.4	01.55	1000000.00	-2
0772	04	08.87242	08.87242	09.78	09.94	04.71	30.23	-0.02
0774	02	06.55121	06.55121	03.30	03.84	04.56	33.62	-0.05
0974	01	03.33279	03.33279	01.24	00.95	08.06	33.70	-0.06
0474	01	12.70662	12.70662	02.29	01.57	-0.59	33.51	-0.01
0473	01	00.00000	00.00000	00.63	00.43	-0.52	31.76	-0.03
0773	04	09.76752	09.76752	05.89	04.89	04.63	31.89	-0.04
