RAW	190531	023845	512968	02
GEOM1	00.00	00.00	0.000000	0.000000	0.000000	0.000000	00.00	00.00	00.00	00.00	1000000.00	-3
GEOM2	00.00	00.00	0.000000	0.000000	0.000000	0.000000	00.00	00.00	00.00	00.00	0000.000	0000.000	1000000.00	-3
LDF	14.233218	0.119276	52.569145	0.122836	0366569.7	0133243.6	12.93	00.34	-1
GLDF	07.89	118316945.59	14.227237	118316945.589912	52.573725	118316945.589911	08.79	118316942.81	289.49	118316472.59	0334507.4	0000069.6	12.33	1000000.00	-2
0576	04	07.88880	07.88880	06.70	07.14	01.05	37.01	-0.02
0575	02	05.84952	05.84952	14.37	25.38	01.13	35.27	-0.03
0675	04	08.21309	08.21808	09.94	07.21	02.84	35.32	-0.04
0978	01	04.79154	04.79154	01.12	01.52	07.91	40.63	-0.05
0676	02	00.00000	00.00000	00.88	02.22	02.77	37.09	-0.03
0475	02	03.14233	03.13733	00.80	03.31	-0.66	35.24	-0.01
