RAW	190512	091359	018041	02
GEOM1	00.00	00.00	0.000000	0.000000	0.000000	0.000000	00.00	00.00	00.00	00.00	1000000.00	-3
GEOM2	00.00	00.00	0.000000	0.000000	0.000000	0.000000	00.00	00.00	00.00	00.00	0000.000	0000.000	1000000.00	-3
LDF	11.683568	0.150532	48.914741	0.156181	0217448.6	0176549.2	06.60	01.46	-1
GLDF	00.00	25.22	0.000000	0.150000	0.000000	0.150000	00.00	69.58	00.00	01.41	0217448.6	0000001.4	06.60	1000000.00	-2
0472	04	01.12569	01.12569	02.86	02.74	-0.52	30.05	-0.03
0575	02	07.01522	07.01522	01.90	05.56	01.13	35.27	-0.03
1076	01	05.69744	05.69744	02.43	02.38	09.70	37.20	-0.12
0474	04	00.74810	00.74810	09.43	10.01	-0.59	33.51	-0.01
0473	03	00.00000	00.00000	04.09	04.30	-0.52	31.76	-0.03
