RAW	190502	190432	278339	03
GEOM1	-0.09	00.09	18.155713	0.150001	47.717389	0.150000	10.95	07.93	18.55	30.65	00.00	-2
GEOM2	00.03	00.81	18.155713	0.149781	47.717389	0.149809	07.51	22.17	20.01	34.89	0001.101	0023.165	00.00	-3
LDF	18.089870	0.167825	47.611018	0.094619	0104739.1	0060654.6	02.80	02.05	00
GLDF	-0.11	00.08	18.051739	0.170475	47.601571	0.079008	09.36	06.94	11.12	29.26	0122075.1	0068397.0	03.22	02.57	00
0777	01	06.48670	06.48670	02.29	02.91	04.48	38.84	-0.02
0873	04	00.18622	00.18622	04.16	05.64	06.42	31.99	-0.03
0773	04	00.00000	00.00000	03.41	04.36	04.63	31.89	-0.04
0872	04	00.05919	00.06418	04.74	06.53	06.35	30.23	00.01
0672	02	05.98065	05.97565	00.91	02.04	02.92	30.12	-0.04
