RAW	190526	120001	697164	02
GEOM1	00.00	00.00	0.000000	0.000000	0.000000	0.000000	00.00	00.00	00.00	00.00	1000000.00	-3
GEOM2	00.00	00.00	0.000000	0.000000	0.000000	0.000000	00.00	00.00	00.00	00.00	0000.000	0000.000	1000000.00	-3
LDF	18.264070	0.149673	49.303636	0.068768	0089727.3	0040567.6	02.31	00.09	-1
GLDF	00.00	25.46	0.000000	0.150000	0.000000	0.150000	00.00	50.88	00.00	01.41	0089727.3	0000001.4	02.31	1000000.00	-2
0574	01	08.59207	08.58707	03.78	02.90	01.13	33.54	-0.04
0777	01	01.01950	01.01450	02.57	00.71	04.48	38.84	-0.02
0873	04	00.00000	00.00000	06.50	04.21	06.42	31.99	-0.03
0874	04	00.75048	00.74549	08.34	10.83	06.35	33.66	-0.06
0773	03	02.66756	02.66256	02.84	04.78	04.63	31.89	-0.04
