RAW	190524	001314	021868	02
GEOM1	00.00	00.00	0.000000	0.000000	0.000000	0.000000	00.00	00.00	00.00	00.00	1000000.00	-3
GEOM2	00.00	00.00	0.000000	0.000000	0.000000	0.000000	00.00	00.00	00.00	00.00	0000.000	0000.000	1000000.00	-3
LDF	13.993882	0.124833	48.871790	0.125924	0304499.4	0136162.6	10.54	00.02	-1
GLDF	00.00	27.34	0.000000	0.150000	0.000000	0.150000	00.00	65.43	00.00	01.41	0304499.4	0000001.4	10.54	1000000.00	-2
0574	04	01.99115	01.98615	05.88	04.29	01.13	33.54	-0.04
0673	04	02.13632	02.13132	05.03	04.63	02.92	31.83	-0.04
0878	01	01.41534	01.41034	01.82	00.54	06.34	40.13	-0.02
0874	01	00.00000	00.00000	01.56	01.70	06.35	33.66	-0.06
0573	03	00.27715	00.27215	04.42	04.00	01.13	31.81	-0.04
