RAW	190510	051421	232973	03
GEOM1	03.81	00.12	15.794024	0.149984	50.373307	0.149953	50.19	07.56	95.59	02.84	00.00	-2
GEOM2	03.84	12.71	15.794023	0.150060	50.373320	0.150006	52.00	340.01	94.68	436.94	0001.087	0503.244	00.00	-3
LDF	15.803334	0.076873	50.392826	0.151564	0006153.0	0002217.6	06.19	00.91	00
GLDF	03.84	00.12	15.802720	0.069168	50.403682	0.151606	51.33	05.57	95.47	02.17	0005203.2	0004958.8	05.68	01.29	00
0774	04	03.59894	03.59394	03.71	04.44	04.56	33.62	-0.05
0574	01	07.44603	07.43604	00.57	01.35	01.13	33.54	-0.04
0674	04	03.65050	03.65050	14.39	07.62	02.84	33.58	-0.04
0873	01	00.00000	00.00000	00.79	01.28	06.42	31.99	-0.03
0775	04	04.96824	04.96824	03.76	03.51	04.56	35.35	-0.05
