RAW	190511	143451	649764	02
GEOM1	00.00	00.00	0.000000	0.000000	0.000000	0.000000	00.00	00.00	00.00	00.00	1000000.00	-3
GEOM2	00.00	00.00	0.000000	0.000000	0.000000	0.000000	00.00	00.00	00.00	00.00	0000.000	0000.000	1000000.00	-3
LDF	15.876320	0.116456	52.690528	0.118561	0549215.0	0164308.0	20.13	00.28	-1
GLDF	00.00	24.20	0.000000	0.150000	0.000000	0.150001	00.00	65.58	00.00	01.41	0549215.0	0000001.4	20.13	1000000.00	-2
0675	02	04.01293	04.01293	07.69	06.46	02.84	35.32	-0.04
0976	01	05.20565	05.21065	01.20	00.77	07.99	37.16	-0.09
0775	04	05.77328	05.77828	12.05	07.47	04.56	35.35	-0.05
0676	04	06.16149	06.16149	14.10	09.39	02.77	37.09	-0.03
0975	01	00.00000	00.00000	02.13	01.54	07.99	35.38	-0.08
0475	01	10.56620	10.56620	04.68	02.65	-0.66	35.24	-0.01
