RAW	190513	080238	607069	02
GEOM1	00.00	00.00	0.000000	0.000000	0.000000	0.000000	00.00	00.00	00.00	00.00	1000000.00	-3
GEOM2	00.00	00.00	0.000000	0.000000	0.000000	0.000000	00.00	00.00	00.00	00.00	0000.000	0000.000	1000000.00	-3
LDF	14.297572	0.078468	49.654965	0.151377	0111677.4	0052391.7	02.77	01.58	-1
GLDF	00.00	23.53	0.000000	0.150000	0.000000	0.150001	00.00	75.90	00.00	01.41	0111677.4	0000001.4	02.77	1000000.00	-2
0574	04	07.93163	07.93163	06.14	10.25	01.13	33.54	-0.04
0574	02	12.76333	12.76333	05.96	03.17	01.13	33.54	-0.04
0673	03	07.02304	07.02304	04.04	04.59	02.92	31.83	-0.04
0674	04	09.01408	09.01408	04.43	14.72	02.84	33.58	-0.04
0873	01	00.00000	00.00000	02.79	02.30	06.42	31.99	-0.03
