RAW	190529	141539	043989	02
GEOM1	00.00	00.00	0.000000	0.000000	0.000000	0.000000	00.00	00.00	00.00	00.00	1000000.00	-3
GEOM2	00.00	00.00	0.000000	0.000000	0.000000	0.000000	00.00	00.00	00.00	00.00	0000.000	0000.000	1000000.00	-3
LDF	14.122004	0.117894	47.684489	0.122449	0424580.7	0154800.0	15.19	00.13	-1
GLDF	00.00	22.27	0.000000	0.150000	0.000000	0.150001	00.00	65.71	00.00	01.41	0424580.7	0000001.4	15.19	1000000.00	-2
0576	01	00.00000	00.00000	01.58	02.48	01.05	37.01	-0.02
0673	04	05.92319	05.92319	06.21	12.89	02.92	31.83	-0.04
1073	01	04.05903	04.05903	03.07	02.66	09.86	32.00	-0.03
1073	01	06.32251	06.32251	01.04	01.92	09.86	32.00	-0.03
0573	03	07.64006	07.64006	06.97	04.17	01.13	31.81	-0.04
0572	04	04.97301	04.97301	07.93	06.66	01.20	30.14	-0.04
