RAW	190502	115852	055379	02
GEOM1	00.00	00.00	0.000000	0.000000	0.000000	0.000000	00.00	00.00	00.00	00.00	1000000.00	-3
GEOM2	00.00	00.00	0.000000	0.000000	0.000000	0.000000	00.00	00.00	00.00	00.00	0006.098	0004.380	1000000.00	-3
LDF	17.181850	0.150000	53.371243	0.149969	1072049.1	0749354.1	41.88	00.00	-2
GLDF	-68.14	  nan	7.388093	   nan	23.233719	   nan	89.99	  nan	354.91	  nan	3012803836.2	      nan	00.00	1000000.00	-2
0675	02	06.97840	06.97840	05.80	04.57	02.84	35.32	-0.04
0777	01	00.48000	00.48500	01.38	00.52	04.48	38.84	-0.02
0876	01	00.00000	00.00000	01.31	00.96	06.27	37.12	-0.05
0873	01	07.15098	07.15098	01.34	01.21	06.42	31.99	-0.03
0776	04	04.22615	04.22615	06.40	07.45	04.49	37.09	-0.04
0775	04	04.04476	04.04476	05.95	05.81	04.56	35.35	-0.05
0877	03	06.60967	06.60967	02.95	05.55	06.20	38.86	-0.05
