RAW	190505	220314	189987	02
GEOM1	00.00	00.00	0.000000	0.000000	0.000000	0.000000	00.00	00.00	00.00	00.00	1000000.00	-3
GEOM2	00.00	00.00	0.000000	0.000000	0.000000	0.000000	00.00	00.00	00.00	00.00	0000.000	0000.000	1000000.00	-3
LDF	12.706017	0.119678	46.538751	0.153016	0041114.9	0031121.2	01.13	01.21	-1
GLDF	00.00	24.23	0.000000	0.150000	0.000000	0.150001	00.00	71.99	00.00	01.41	0041114.9	0000001.4	01.13	1000000.00	-2
0472	04	04.18159	04.18159	03.77	04.17	-0.52	30.05	-0.03
0777	01	10.17881	10.17881	03.55	01.88	04.48	38.84	-0.02
0775	01	01.00693	01.00193	01.11	02.70	04.56	35.35	-0.05
0573	02	00.00000	00.00000	02.06	01.61	01.13	31.81	-0.04
0473	02	07.52160	07.52160	19.84	21.44	-0.52	31.76	-0.03
0572	04	04.92447	04.92447	04.63	09.95	01.20	30.14	-0.04
