RAW	190510	101630	138943	02
GEOM1	00.00	00.00	0.000000	0.000000	0.000000	0.000000	00.00	00.00	00.00	00.00	1000000.00	-3
GEOM2	00.00	00.00	0.000000	0.000000	0.000000	0.000000	00.00	00.00	00.00	00.00	-009.002	0003.585	1000000.00	-3
LDF	16.823718	0.151101	50.461363	0.170585	0612627.1	0477479.7	22.69	01.63	-1
GLDF	00.00	27.31	0.000000	0.150000	0.000000	0.150001	00.00	65.54	00.00	01.41	0612627.1	0000001.4	22.69	1000000.00	-2
0774	03	06.46457	06.45957	03.37	02.42	04.56	33.62	-0.05
0776	01	14.16999	14.16499	01.91	00.50	04.49	37.09	-0.04
0775	04	06.21786	06.21287	08.60	07.56	04.56	35.35	-0.05
0877	01	01.51321	01.50822	08.13	03.97	06.20	38.86	-0.05
0975	01	00.00000	00.00000	04.54	02.68	07.99	35.38	-0.08
0773	04	05.84691	05.84191	03.70	04.52	04.63	31.89	-0.04
