RAW	190501	100436	288874	01
GEOM1	00.00	00.00	0.000000	0.000000	0.000000	0.000000	00.00	00.00	00.00	00.00	1000000.00	-4
GEOM2	00.00	00.00	0.000000	0.000000	0.000000	0.000000	00.00	00.00	00.00	00.00	0000.000	0000.000	1000000.00	-4
LDF	13.370100	0.126213	49.984100	0.122359	0000001.0	0205824.4	17.22	1000000.00	-3
GLDF	00.00	34.28	0.000000	0.150000	0.000000	0.150000	00.00	88.05	00.00	01.41	0000001.0	0000001.4	00.00	1000000.00	-4
0574	04	00.38308	00.38808	08.59	07.07	01.13	33.54	-0.04
0977	01	02.09692	02.09692	00.76	02.69	07.92	38.89	-0.09
0775	01	02.53162	02.53662	01.25	02.16	04.56	35.35	-0.05
0573	02	02.51285	02.51785	04.73	03.86	01.13	31.81	-0.04
0572	02	00.00000	00.00000	06.45	04.15	01.20	30.14	-0.04
