RAW	190523	110833	804011	03
GEOM1	00.32	00.12	17.836234	0.150007	49.682058	0.150034	40.84	08.43	288.95	04.56	00.00	-2
GEOM2	00.37	00.55	17.836240	0.149574	49.682023	0.148084	42.68	12.22	286.96	20.99	0001.103	0020.432	00.00	-3
LDF	17.870640	0.076133	49.665528	0.152626	0023595.2	0009059.2	04.19	01.94	00
GLDF	00.35	00.12	17.875627	0.070623	49.653035	0.154496	41.43	06.82	288.82	03.57	0022525.7	0017412.0	03.76	02.84	00
0774	04	00.00000	00.00000	04.50	03.82	04.56	33.62	-0.05
0574	02	01.92005	01.92005	02.26	01.51	01.13	33.54	-0.04
0673	02	04.49681	04.49681	01.20	02.27	02.92	31.83	-0.04
0874	04	00.31394	00.30895	11.61	11.89	06.35	33.66	-0.06
0773	04	01.14711	01.14211	03.86	05.69	04.63	31.89	-0.04
