RAW	190531	150659	196808	03
GEOM1	00.32	00.15	16.833770	0.150533	49.570573	0.149849	71.76	35.45	166.50	03.30	00.85	-2
GEOM2	00.27	00.11	16.836471	0.145513	49.582863	0.148934	36.23	102.14	157.20	63.68	0000.030	0002.639	00.00	-3
LDF	16.834744	0.149888	49.575425	0.147912	0000002.5	0000001.4	00.47	00.09	-1
GLDF	00.27	00.14	16.829380	0.150629	49.549938	0.148531	70.39	07.08	166.27	01.52	0000008.0	0000044.7	03.96	02.04	-1
0772	02	01.94277	01.94777	04.41	03.94	04.71	30.23	-0.02
0774	04	00.44318	00.44318	03.88	02.82	04.56	33.62	-0.05
0874	02	08.03657	08.03657	01.99	02.24	06.35	33.66	-0.06
0775	04	00.84134	00.84134	01.04	02.23	04.56	35.35	-0.05
0773	04	00.00000	00.00000	03.62	04.68	04.63	31.89	-0.04
