RAW	190512	112237	943908	03
GEOM1	00.13	00.14	17.544942	0.149983	50.422690	0.149994	23.94	14.69	215.49	39.83	00.00	-2
GEOM2	00.30	00.70	17.544925	0.149413	50.422695	0.149759	19.96	09.86	173.05	144.26	0000.722	0016.540	00.00	-3
LDF	17.803141	0.071878	50.031545	0.149129	0034377.5	0013509.6	01.46	02.05	00
GLDF	00.08	00.12	17.778957	0.070115	50.414380	0.140764	16.85	08.48	196.34	66.07	0064829.8	0030587.9	02.09	06.02	00
0774	04	00.60373	00.60373	04.31	02.26	04.56	33.62	-0.05
0372	01	06.94964	06.94964	01.28	00.56	-2.24	30.01	-0.01
0675	04	01.31011	01.31011	04.04	02.71	02.84	35.32	-0.04
0873	03	02.61247	02.61247	03.08	05.15	06.42	31.99	-0.03
0874	04	00.00000	00.00000	16.34	04.17	06.35	33.66	-0.06
