RAW	190525	215655	868131	03
GEOM1	05.16	00.08	17.820164	0.150003	49.533569	0.150000	17.35	04.35	15.95	25.53	00.00	-2
GEOM2	05.23	00.53	17.820159	0.149514	49.533558	0.149744	15.06	17.54	18.34	34.34	0001.080	0024.232	00.00	-3
LDF	17.877205	0.072626	49.398675	0.197206	0260765.3	0163738.1	11.00	04.63	00
GLDF	05.15	00.07	17.887764	0.069321	49.304384	0.146097	17.20	03.88	17.65	20.43	0342742.7	0164521.4	14.94	06.13	00
0774	04	05.11507	05.11507	07.17	02.26	04.56	33.62	-0.05
0674	02	11.18007	11.18007	01.63	01.73	02.84	33.58	-0.04
0777	01	08.70184	08.70184	00.57	00.45	04.48	38.84	-0.02
0874	04	05.53506	05.54006	29.57	11.38	06.35	33.66	-0.06
0976	01	00.00000	00.00000	01.34	01.63	07.99	37.16	-0.09
0773	04	04.97950	04.97950	03.95	19.36	04.63	31.89	-0.04
