RAW	190531	003152	426551	03
GEOM1	00.61	00.09	11.319665	0.150003	47.206431	0.150006	30.76	05.08	22.19	08.74	00.00	-2
GEOM2	00.67	00.51	11.319656	0.148815	47.206405	0.149574	28.83	18.19	24.31	18.98	0001.063	0022.067	00.00	-3
LDF	11.226079	0.157894	47.295182	0.066371	0073806.6	0029232.1	04.73	01.98	00
GLDF	00.56	00.09	11.188829	0.148162	47.294213	0.056864	31.09	03.95	23.91	07.60	0076995.5	0037021.1	05.35	02.44	00
0372	04	00.00000	00.00000	04.92	07.42	-2.24	30.01	-0.01
0372	01	07.39499	07.39998	00.61	01.14	-2.24	30.01	-0.01
0472	04	00.74389	00.75388	09.77	07.94	-0.52	30.05	-0.03
0473	04	01.08839	01.09338	12.88	09.42	-0.52	31.76	-0.03
0773	01	05.26801	05.27300	01.57	02.32	04.63	31.89	-0.04
