RAW	190501	001338	195165	03
GEOM1	01.83	00.10	12.279147	0.150001	47.042025	0.149992	22.32	05.91	332.13	16.18	00.00	-2
GEOM2	01.93	00.62	12.279175	0.149316	47.042021	0.149682	23.10	05.09	339.05	42.33	0001.074	0020.486	00.00	-3
LDF	12.386623	0.119869	47.163171	0.128829	0076196.5	0040372.6	02.89	02.12	00
GLDF	01.85	00.08	12.403755	0.095141	47.183805	0.112790	23.50	04.33	335.06	12.87	0078534.3	0036710.0	03.15	02.49	00
0772	01	00.00000	00.00000	01.53	00.89	04.71	30.23	-0.02
0472	04	01.85227	01.84728	04.69	07.11	-0.52	30.05	-0.03
0473	04	01.63442	01.62943	05.73	04.08	-0.52	31.76	-0.03
0572	04	02.49053	02.48554	05.41	04.89	01.20	30.14	-0.04
0572	01	07.05742	07.05243	01.40	00.72	01.20	30.14	-0.04
