RAW	190501	095736	768450	02
GEOM1	00.00	00.00	0.000000	0.000000	0.000000	0.000000	00.00	00.00	00.00	00.00	1000000.00	-3
GEOM2	00.00	00.00	0.000000	0.000000	0.000000	0.000000	00.00	00.00	00.00	00.00	0000.000	0000.000	1000000.00	-3
LDF	12.130371	0.126213	47.021584	0.122359	0476173.6	0205824.4	17.22	00.10	-1
GLDF	00.00	22.79	0.000000	0.150000	0.000000	0.150001	00.00	76.35	00.00	01.41	0476173.6	0000001.4	17.22	1000000.00	-2
0472	02	03.62552	03.62552	01.47	02.08	-0.52	30.05	-0.03
0472	03	08.42223	08.42223	18.29	07.31	-0.52	30.05	-0.03
0574	01	00.00000	00.00000	01.04	01.64	01.13	33.54	-0.04
0473	04	05.72385	05.72884	09.34	08.24	-0.52	31.76	-0.03
0572	04	07.47985	07.47985	05.67	06.54	01.20	30.14	-0.04
