RAW	190510	224908	392291	02
GEOM1	00.00	00.00	0.000000	0.000000	0.000000	0.000000	00.00	00.00	00.00	00.00	1000000.00	-3
GEOM2	00.00	00.00	0.000000	0.000000	0.000000	0.000000	00.00	00.00	00.00	00.00	0000.000	0000.000	1000000.00	-3
LDF	16.888569	0.150951	48.062410	0.155920	0679814.1	0474071.2	25.43	00.80	-1
GLDF	00.00	26.98	0.000000	0.150000	0.000000	0.150000	00.00	58.26	00.00	01.41	0679814.1	0000001.4	25.43	1000000.00	-2
0772	04	03.02099	03.01599	07.99	06.23	04.71	30.23	-0.02
0774	04	00.99156	00.98656	02.97	03.38	04.56	33.62	-0.05
1075	01	00.00000	00.00000	03.07	01.09	09.78	35.47	-0.10
0974	01	07.76379	07.76379	06.70	00.49	08.06	33.70	-0.06
0773	03	02.30002	02.29502	10.41	07.51	04.63	31.89	-0.04
