RAW	190528	034024	254323	02
GEOM1	00.00	00.00	0.000000	0.000000	0.000000	0.000000	00.00	00.00	00.00	00.00	1000000.00	-3
GEOM2	00.00	00.00	0.000000	0.000000	0.000000	0.000000	00.00	00.00	00.00	00.00	0000.000	0000.000	1000000.00	-3
LDF	16.840635	0.149974	49.176405	0.078935	0040556.0	0018900.6	01.10	00.03	-1
GLDF	00.00	29.71	0.000000	0.150000	0.000000	0.150001	00.00	66.75	00.00	01.41	0040556.0	0000001.4	01.10	1000000.00	-2
0774	04	05.91834	05.92333	04.17	03.56	04.56	33.62	-0.05
0776	02	08.58997	08.58997	04.55	00.79	04.49	37.09	-0.04
0775	02	02.56824	02.56824	03.54	04.19	04.56	35.35	-0.05
0972	01	00.00000	00.00000	01.43	00.64	08.14	30.22	00.02
0473	01	06.10150	06.10150	01.50	01.36	-0.52	31.76	-0.03
0773	04	05.36900	05.36900	04.75	03.75	04.63	31.89	-0.04
