RAW	190501	113623	253202	03
GEOM1	00.93	00.14	13.736835	0.150016	52.801956	0.149791	64.50	01.55	48.34	01.35	00.00	-2
GEOM2	00.93	00.29	13.736861	0.144218	52.801982	0.142958	64.74	04.85	48.32	02.89	0001.295	0022.071	00.00	-3
LDF	13.689408	0.115231	52.830341	0.114134	0000182.0	0000044.7	09.61	00.25	00
GLDF	00.92	00.12	13.682249	0.106210	52.832774	0.106631	64.38	01.37	48.57	01.03	0000191.3	0000106.3	09.75	00.27	00
0774	01	05.87576	05.88076	01.07	01.12	04.56	33.62	-0.05
0576	04	01.12563	01.13062	15.71	07.38	01.05	37.01	-0.02
0673	02	02.27147	02.27646	06.93	01.76	02.92	31.83	-0.04
0674	02	08.74653	08.74653	02.45	01.71	02.84	33.58	-0.04
0575	04	00.00000	00.00000	12.54	11.20	01.13	35.27	-0.03
0676	04	02.21612	02.21612	10.34	04.41	02.77	37.09	-0.03
