RAW	190518	054351	090303	02
GEOM1	00.00	00.00	0.000000	0.000000	0.000000	0.000000	00.00	00.00	00.00	00.00	1000000.00	-3
GEOM2	00.00	00.00	0.000000	0.000000	0.000000	0.000000	00.00	00.00	00.00	00.00	0000.000	0000.000	1000000.00	-3
LDF	19.493235	0.075323	50.118530	0.150464	0048833.7	0021491.5	01.42	00.23	-1
GLDF	00.00	29.03	0.000000	0.150000	0.000000	0.150000	00.00	57.92	00.00	01.41	0048833.7	0000001.4	01.42	1000000.00	-2
0774	02	06.95679	06.96179	05.49	07.00	04.56	33.62	-0.05
0674	02	00.72458	00.72958	01.47	02.78	02.84	33.58	-0.04
0874	04	04.94719	04.95219	04.73	04.44	06.35	33.66	-0.06
0974	04	03.70045	03.70545	05.08	06.66	08.06	33.70	-0.06
1072	01	00.00000	00.00000	01.02	01.70	09.86	30.29	00.00
0473	01	07.82442	07.82941	01.13	01.29	-0.52	31.76	-0.03
