RAW	190508	151754	014165	02
GEOM1	00.00	00.00	0.000000	0.000000	0.000000	0.000000	00.00	00.00	00.00	00.00	1000000.00	-3
GEOM2	00.00	00.00	0.000000	0.000000	0.000000	0.000000	00.00	00.00	00.00	00.00	0000.000	0000.000	1000000.00	-3
LDF	11.724693	0.150004	47.345608	0.069800	0051051.4	0020501.7	01.49	00.00	-1
GLDF	00.00	24.88	0.000000	0.150000	0.000000	0.150001	00.00	87.04	00.00	01.41	0051051.4	0000001.4	01.49	1000000.00	-2
0372	02	05.30544	05.30544	06.77	06.56	-2.24	30.01	-0.01
0472	04	07.67761	07.67761	04.84	05.71	-0.52	30.05	-0.03
1076	01	00.72453	00.72453	11.15	04.94	09.70	37.20	-0.12
0972	01	00.00000	00.00000	01.15	00.66	08.14	30.22	00.02
0473	04	08.04543	08.03543	04.93	05.86	-0.52	31.76	-0.03
0773	01	03.48555	03.48555	01.54	01.10	04.63	31.89	-0.04
