RAW	190504	140901	243208	01
GEOM1	00.00	00.00	0.000000	0.000000	0.000000	0.000000	00.00	00.00	00.00	00.00	1000000.00	-4
GEOM2	00.00	00.00	0.000000	0.000000	0.000000	0.000000	00.00	00.00	00.00	00.00	0000.000	0000.000	1000000.00	-4
LDF	10.006950	0.123236	46.449300	0.126498	0000001.0	0077784.4	04.55	1000000.00	-3
GLDF	00.00	36.18	0.000000	0.150000	0.000000	0.150001	00.00	136.57	00.00	01.41	0000001.0	0000001.4	00.00	1000000.00	-4
0372	04	07.25877	07.26377	05.29	03.26	-2.24	30.01	-0.01
0472	02	05.00224	05.00724	02.60	02.32	-0.52	30.05	-0.03
0977	01	09.60856	09.61355	01.11	00.88	07.92	38.89	-0.09
0977	01	10.15818	10.15818	00.98	01.82	07.92	38.89	-0.09
0876	01	04.00767	04.01766	02.91	03.53	06.27	37.12	-0.05
0973	01	00.00000	00.00000	00.52	03.12	08.07	31.96	-0.03
0974	01	09.35265	09.36264	01.33	00.43	08.06	33.70	-0.06
0572	02	07.21962	07.21962	03.94	04.60	01.20	30.14	-0.04
