RAW	190524	230131	511544	03
GEOM1	05.65	00.11	16.531610	0.150033	50.589209	0.149922	46.69	03.52	49.93	04.04	00.00	-2
GEOM2	05.68	00.32	16.531635	0.147447	50.589262	0.145957	45.89	13.25	52.86	31.14	0000.772	0015.397	00.00	-3
LDF	16.901047	0.150992	50.478768	0.144562	0020635.8	0012981.6	08.48	00.22	-1
GLDF	05.66	00.10	16.441350	0.133973	50.682189	0.088154	47.11	02.51	50.67	03.14	0005940.9	0003122.6	02.24	01.17	00
0774	04	05.54228	05.53728	09.47	09.65	04.56	33.62	-0.05
0576	01	00.00000	00.00000	01.32	00.97	01.05	37.01	-0.02
0674	04	04.80601	04.80101	03.22	02.46	02.84	33.58	-0.04
0874	03	08.45063	08.44064	04.58	03.48	06.35	33.66	-0.06
0775	04	06.54017	06.53518	05.74	05.38	04.56	35.35	-0.05
