RAW	190513	052159	962253	02
GEOM1	00.00	00.00	0.000000	0.000000	0.000000	0.000000	00.00	00.00	00.00	00.00	1000000.00	-3
GEOM2	00.00	00.00	0.000000	0.000000	0.000000	0.000000	00.00	00.00	00.00	00.00	0000.000	0000.000	1000000.00	-3
LDF	13.523587	0.153090	48.992099	0.076616	0089640.9	0041117.9	02.31	01.06	-1
GLDF	08.77	00.06	13.285476	0.077106	48.872758	0.057941	59.45	07.49	238.11	10.17	0000417.9	0000658.7	02.58	1000000.00	-2
0574	04	07.96444	07.96444	05.74	06.27	01.13	33.54	-0.04
0674	03	10.87736	10.87736	01.99	01.96	02.84	33.58	-0.04
0575	02	05.86880	05.86880	04.20	04.03	01.13	35.27	-0.03
0573	04	09.21519	09.21519	18.92	11.32	01.13	31.81	-0.04
0474	01	00.00000	00.00000	00.98	00.85	-0.59	33.51	-0.01
