RAW	190515	045332	691692	02
GEOM1	00.00	00.00	0.000000	0.000000	0.000000	0.000000	00.00	00.00	00.00	00.00	1000000.00	-3
GEOM2	00.00	00.00	0.000000	0.000000	0.000000	0.000000	00.00	00.00	00.00	00.00	0000.000	0000.000	1000000.00	-3
LDF	11.724691	0.150192	47.315036	0.074051	0046036.4	0019930.8	01.32	00.09	-1
GLDF	00.00	25.52	0.000000	0.150000	0.000000	0.150001	00.00	81.59	00.00	01.41	0046036.4	0000001.4	01.32	1000000.00	-2
0472	02	00.00000	00.00000	01.74	01.28	-0.52	30.05	-0.03
0472	04	06.19577	06.19577	05.93	04.57	-0.52	30.05	-0.03
0978	01	12.11252	12.11252	00.49	00.39	07.91	40.63	-0.05
0573	02	03.22979	03.23479	08.98	06.89	01.13	31.81	-0.04
0473	04	05.59776	05.59776	04.92	04.10	-0.52	31.76	-0.03
