RAW	190521	122616	693072	02
GEOM1	00.00	00.00	0.000000	0.000000	0.000000	0.000000	00.00	00.00	00.00	00.00	1000000.00	-3
GEOM2	00.00	00.00	0.000000	0.000000	0.000000	0.000000	00.00	00.00	00.00	00.00	0000.000	0000.000	1000000.00	-3
LDF	19.464070	0.054621	50.117869	0.150041	0096766.0	0028798.3	02.45	00.04	-1
GLDF	00.00	23.86	0.000000	0.150000	0.000000	0.150000	00.00	54.49	00.00	01.41	0096766.0	0000001.4	02.45	1000000.00	-2
0774	02	03.96965	03.96965	02.96	02.22	04.56	33.62	-0.05
0876	01	00.00000	00.00000	00.30	00.34	06.27	37.12	-0.05
0874	04	06.46989	06.46989	10.52	08.52	06.35	33.66	-0.06
0974	04	04.78152	04.77652	09.01	12.02	08.06	33.70	-0.06
0573	01	00.19713	00.19713	00.31	00.46	01.13	31.81	-0.04
