RAW	190503	034605	272718	02
GEOM1	00.00	00.00	0.000000	0.000000	0.000000	0.000000	00.00	00.00	00.00	00.00	1000000.00	-3
GEOM2	00.00	00.00	0.000000	0.000000	0.000000	0.000000	00.00	00.00	00.00	00.00	0000.000	0000.000	1000000.00	-3
LDF	14.352651	0.141115	50.745578	0.141273	0363282.4	0221667.1	12.80	02.75	-1
GLDF	00.00	22.42	0.000000	0.150000	0.000000	0.150000	00.00	61.99	00.00	01.41	0363282.4	0000001.4	12.80	1000000.00	-2
0574	02	05.67532	05.67532	06.31	06.02	01.13	33.54	-0.04
0574	01	08.82317	08.82317	00.59	00.96	01.13	33.54	-0.04
0674	04	03.06709	03.06709	11.83	17.89	02.84	33.58	-0.04
0575	04	02.84771	02.84771	09.11	06.62	01.13	35.27	-0.03
0475	01	00.00000	00.00000	01.32	00.83	-0.66	35.24	-0.01
