RAW	190517	050634	167533	02
GEOM1	00.00	00.00	0.000000	0.000000	0.000000	0.000000	00.00	00.00	00.00	00.00	1000000.00	-3
GEOM2	00.00	00.00	0.000000	0.000000	0.000000	0.000000	00.00	00.00	00.00	00.00	0000.000	0000.000	1000000.00	-3
LDF	16.840507	0.149952	49.179434	0.076619	0043691.5	0019559.7	01.23	00.02	-1
GLDF	00.00	29.08	0.000000	0.150000	0.000000	0.150001	00.00	66.66	00.00	01.41	0043691.5	0000001.4	01.23	1000000.00	-2
0774	04	06.69896	06.69896	03.92	04.45	04.56	33.62	-0.05
0775	01	00.00000	00.00000	00.94	00.63	04.56	35.35	-0.05
0775	02	04.77672	04.76673	04.98	10.17	04.56	35.35	-0.05
0573	01	05.64246	05.63746	01.95	01.49	01.13	31.81	-0.04
0773	04	05.18790	05.18290	03.36	05.71	04.63	31.89	-0.04
