RAW	190507	075709	698478	02
GEOM1	00.00	00.00	0.000000	0.000000	0.000000	0.000000	00.00	00.00	00.00	00.00	1000000.00	-3
GEOM2	00.00	00.00	0.000000	0.000000	0.000000	0.000000	00.00	00.00	00.00	00.00	0000.000	0000.000	1000000.00	-3
LDF	12.887583	0.150355	47.376909	0.088440	0101444.7	0054620.7	02.54	01.05	-1
GLDF	00.00	24.43	0.000000	0.150000	0.000000	0.150000	00.00	61.28	00.00	01.41	0101444.7	0000001.4	02.54	1000000.00	-2
0576	01	06.09951	06.09951	01.26	02.45	01.05	37.01	-0.02
0573	04	00.00000	00.00000	04.68	03.91	01.13	31.81	-0.04
0474	01	06.74352	06.74352	01.20	01.10	-0.59	33.51	-0.01
0473	03	02.62068	02.62068	04.97	06.12	-0.52	31.76	-0.03
0572	04	00.53462	00.53462	07.02	08.28	01.20	30.14	-0.04
