RAW	190527	041010	909603	03
GEOM1	00.72	00.08	14.903047	0.150014	48.731579	0.149834	29.38	05.73	323.35	16.30	00.00	-2
GEOM2	00.77	00.20	14.903047	0.145241	48.731574	0.147643	24.97	17.32	327.15	22.07	0000.423	0012.880	00.00	-3
LDF	14.859792	0.171911	48.932134	0.085813	0063943.5	0033925.6	03.33	05.11	00
GLDF	00.63	00.07	14.834640	0.171887	48.950354	0.063458	29.21	04.50	327.05	10.96	0075555.0	0035120.9	04.41	06.55	00
0574	04	00.00000	00.00000	07.61	05.91	01.13	33.54	-0.04
0574	01	08.26936	08.26936	01.28	01.33	01.13	33.54	-0.04
0673	04	01.00714	01.00215	11.55	60.46	02.92	31.83	-0.04
0674	04	00.59795	00.59795	07.95	04.53	02.84	33.58	-0.04
0776	01	02.75822	02.75822	01.19	01.63	04.49	37.09	-0.04
