RAW	190529	102205	479746	03
GEOM1	01.40	00.12	17.473544	0.149975	49.564603	0.150015	45.85	03.36	234.16	04.51	00.00	-2
GEOM2	01.42	00.52	17.473524	0.148860	49.564577	0.148115	46.28	04.00	234.62	08.37	0001.272	0020.114	00.00	-3
LDF	17.521653	0.098202	49.539365	0.113466	0009004.8	0003189.3	02.95	00.21	00
GLDF	01.39	00.08	17.528360	0.089314	49.536798	0.101995	45.96	02.55	234.64	03.69	0008934.5	0004353.0	02.82	00.24	00
0774	04	01.47720	01.47720	04.78	05.64	04.56	33.62	-0.05
0874	04	00.71892	00.71392	03.04	07.97	06.35	33.66	-0.06
0773	04	02.46685	02.46185	04.77	04.16	04.63	31.89	-0.04
0872	01	00.00000	00.00000	01.37	00.85	06.35	30.23	00.01
0475	01	02.83496	02.82997	01.33	01.72	-0.66	35.24	-0.01
