RAW	190523	115622	048244	02
GEOM1	00.00	00.00	0.000000	0.000000	0.000000	0.000000	00.00	00.00	00.00	00.00	1000000.00	-3
GEOM2	00.00	00.00	0.000000	0.000000	0.000000	0.000000	00.00	00.00	00.00	00.00	0000.000	0000.000	1000000.00	-3
LDF	20.008822	0.128645	52.696199	0.145104	1275136.3	0663673.9	50.64	00.01	-1
GLDF	00.00	35.92	0.000000	0.150000	0.000000	0.150000	00.00	64.82	00.00	01.41	1275136.3	0000001.4	50.64	1000000.00	-2
0372	01	00.00000	00.00000	02.32	01.42	-2.24	30.01	-0.01
0876	04	03.88318	03.88318	07.36	03.50	06.27	37.12	-0.05
1075	04	06.74512	06.75011	01.57	01.66	09.78	35.47	-0.10
0976	03	05.63920	05.63421	09.97	08.35	07.99	37.16	-0.09
0676	01	09.18671	09.18671	02.67	05.11	02.77	37.09	-0.03
0975	03	04.00462	04.00462	15.73	11.21	07.99	35.38	-0.08
1072	01	05.88319	05.88319	01.36	01.33	09.86	30.29	00.00
