RAW	190522	134212	590542	04
GEOM1	05.93	00.12	19.117629	0.149499	55.283414	0.150424	50.74	01.80	346.16	03.91	00.65	-1
GEOM2	05.92	00.12	19.125073	0.149994	55.279574	0.149979	51.53	02.80	342.12	06.00	0004.656	0003.016	00.00	-2
LDF	19.165766	0.071405	55.350987	0.159788	0006095.5	0001130.3	06.27	03.97	01
GLDF	05.94	00.08	19.154835	0.068753	55.382284	0.160001	50.78	01.41	346.34	03.13	0006132.5	0001913.4	06.03	06.71	02
0675	01	11.97988	11.98487	00.70	01.36	02.84	35.32	-0.04
0777	01	04.46733	04.46733	01.23	00.66	04.48	38.84	-0.02
0977	04	06.77543	06.77543	21.71	19.79	07.92	38.89	-0.09
0878	04	05.40584	05.40085	03.98	06.93	06.34	40.13	-0.02
1076	04	08.75654	08.75155	05.97	05.01	09.70	37.20	-0.12
0976	02	00.00000	00.00000	03.03	02.82	07.99	37.16	-0.09
0877	04	05.45642	05.45642	46.05	53.77	06.20	38.86	-0.05
0474	01	11.85670	11.86170	01.42	00.92	-0.59	33.51	-0.01
