RAW	190527	153733	607286	02
GEOM1	00.00	00.00	0.000000	0.000000	0.000000	0.000000	00.00	00.00	00.00	00.00	1000000.00	-3
GEOM2	00.00	00.00	0.000000	0.000000	0.000000	0.000000	00.00	00.00	00.00	00.00	0000.000	0000.000	1000000.00	-3
LDF	19.056895	0.150959	48.027899	0.151248	0008357.4	0010327.6	02.80	00.84	-1
GLDF	00.00	32.07	0.000000	0.150000	0.000000	0.150001	00.00	64.30	00.00	01.41	0008357.4	0000001.4	02.80	1000000.00	-2
0673	02	08.27593	08.27593	08.21	07.22	02.92	31.83	-0.04
0878	01	14.07497	14.07497	01.37	01.13	06.34	40.13	-0.02
0873	04	07.57177	07.56678	05.17	04.86	06.42	31.99	-0.03
0775	01	00.00000	00.00000	02.70	01.14	04.56	35.35	-0.05
0972	04	06.13846	06.13846	01.72	01.22	08.14	30.22	00.02
0773	02	05.59624	05.59624	06.12	04.68	04.63	31.89	-0.04
