RAW	190523	184340	543586	03
GEOM1	06.08	00.07	18.443487	0.150011	48.696493	0.149900	20.65	07.54	98.07	24.17	00.00	-2
GEOM2	06.15	02.50	18.443470	0.150866	48.696530	0.149566	29.22	320.88	114.92	415.00	0000.194	0149.895	00.00	-3
LDF	18.416727	0.141423	48.666924	0.135773	0296442.3	0167420.0	15.13	00.20	-1
GLDF	06.07	00.06	18.410270	0.137408	48.657939	0.128423	19.90	06.44	99.34	20.23	0316747.5	0197668.7	14.73	00.24	-1
0873	04	06.02213	06.02213	37.93	05.18	06.42	31.99	-0.03
0874	04	06.79908	06.79908	06.40	03.56	06.35	33.66	-0.06
0975	01	07.06662	07.06662	00.76	01.11	07.99	35.38	-0.08
0473	01	00.00000	00.00000	01.75	01.26	-0.52	31.76	-0.03
0773	04	06.35936	06.36436	03.07	03.97	04.63	31.89	-0.04
0773	02	11.29599	11.29599	01.07	02.35	04.63	31.89	-0.04
