RAW	190501	215642	546420	02
GEOM1	00.00	00.00	0.000000	0.000000	0.000000	0.000000	00.00	00.00	00.00	00.00	1000000.00	-3
GEOM2	00.00	00.00	0.000000	0.000000	0.000000	0.000000	00.00	00.00	00.00	00.00	0000.000	0000.000	1000000.00	-3
LDF	18.463121	0.150000	54.836072	0.149957	0228494.6	0195914.0	07.12	00.00	-2
GLDF	00.00	29.51	0.000000	0.150000	0.000000	0.150000	00.00	64.37	00.00	01.41	0228494.6	0000001.4	07.12	1000000.00	-2
0977	01	03.47488	03.50986	01.26	00.65	07.92	38.89	-0.09
0978	02	00.00000	00.00000	01.72	02.25	07.91	40.63	-0.05
0878	02	07.62696	07.65195	04.79	04.02	06.34	40.13	-0.02
0876	04	05.65473	05.68471	03.93	03.89	06.27	37.12	-0.05
0877	04	05.87460	05.90458	13.77	07.81	06.20	38.86	-0.05
