RAW	190501	094730	884365	02
GEOM1	00.00	00.00	0.000000	0.000000	0.000000	0.000000	00.00	00.00	00.00	00.00	1000000.00	-3
GEOM2	00.00	00.00	0.000000	0.000000	0.000000	0.000000	00.00	00.00	00.00	00.00	0000.000	0000.000	1000000.00	-3
LDF	11.724678	0.155076	47.154599	0.242590	0033721.0	0055741.8	00.78	01.87	-1
GLDF	00.00	23.30	0.000000	0.150000	0.000000	0.150001	00.00	89.24	00.00	01.41	0033721.0	0000001.4	00.78	1000000.00	-2
0372	02	06.07666	06.08665	10.28	03.63	-2.24	30.01	-0.01
0472	04	08.98574	08.99074	03.54	14.86	-0.52	30.05	-0.03
0876	01	07.48269	07.48768	01.71	01.59	06.27	37.12	-0.05
0975	01	00.19095	00.20094	02.45	02.61	07.99	35.38	-0.08
0473	04	08.79403	08.79902	03.89	04.51	-0.52	31.76	-0.03
0672	01	00.00000	00.00000	02.00	02.81	02.92	30.12	-0.04
