RAW	190515	095601	261936	03
GEOM1	00.97	00.15	15.662305	0.145847	47.187361	0.153105	89.92	05.82	259.59	00.88	00.61	-2
GEOM2	00.98	00.16	15.638783	0.148028	47.191600	0.116519	89.38	353.56	260.09	10.03	0000.056	0004.560	00.00	-3
LDF	15.638785	  -nan	47.191682	  -nan	0000001.0	      nan	  inf	1000000.00	00
GLDF	00.97	 -nan	15.662305	  -nan	47.187361	  -nan	89.92	 -nan	259.59	 -nan	0000001.0	      nan	  inf	1000000.00	00
0772	04	01.26723	01.27223	02.87	03.30	04.71	30.23	-0.02
0673	04	00.00000	00.00000	04.94	03.14	02.92	31.83	-0.04
0876	01	07.21254	07.21254	01.76	00.90	06.27	37.12	-0.05
0473	01	06.59319	06.58819	01.33	01.33	-0.52	31.76	-0.03
0773	01	08.31135	08.31135	00.63	00.90	04.63	31.89	-0.04
0672	04	01.68576	01.68576	05.33	03.43	02.92	30.12	-0.04
