RAW	190524	014858	300090	02
GEOM1	00.00	00.00	0.000000	0.000000	0.000000	0.000000	00.00	00.00	00.00	00.00	1000000.00	-3
GEOM2	00.00	00.00	0.000000	0.000000	0.000000	0.000000	00.00	00.00	00.00	00.00	0000.000	0000.000	1000000.00	-3
LDF	17.506053	0.180100	51.124689	0.177630	0149040.4	0163421.1	03.83	01.83	-1
GLDF	00.00	27.64	0.000000	0.150000	0.000000	0.150000	00.00	56.02	00.00	01.41	0149040.4	0000001.4	03.83	1000000.00	-2
0774	02	03.30511	03.30012	08.03	05.76	04.56	33.62	-0.05
0372	01	04.49537	04.49037	02.98	02.57	-2.24	30.01	-0.01
0372	01	08.23783	08.22784	01.03	02.07	-2.24	30.01	-0.01
0874	04	00.00000	00.00000	04.16	04.92	06.35	33.66	-0.06
0775	04	01.57069	01.56569	11.57	04.86	04.56	35.35	-0.05
0972	01	08.83983	08.83483	02.26	02.63	08.14	30.22	00.02
