RAW	190522	020315	598869	02
GEOM1	00.00	00.00	0.000000	0.000000	0.000000	0.000000	00.00	00.00	00.00	00.00	1000000.00	-3
GEOM2	00.00	00.00	0.000000	0.000000	0.000000	0.000000	00.00	00.00	00.00	00.00	0000.000	0000.000	1000000.00	-3
LDF	17.449747	0.201032	48.833085	0.153820	0045201.0	0056162.5	01.29	02.18	-1
GLDF	00.00	26.22	0.000000	0.150000	0.000000	0.150001	00.00	60.27	00.00	01.41	0045201.0	0000001.4	01.29	1000000.00	-2
0774	03	02.88587	02.88087	04.64	03.76	04.56	33.62	-0.05
0674	01	08.18300	08.17300	01.31	01.01	02.84	33.58	-0.04
0873	04	06.06101	06.05602	05.22	04.27	06.42	31.99	-0.03
0474	01	00.00000	00.00000	01.91	01.25	-0.59	33.51	-0.01
0773	04	04.54426	04.54426	08.23	06.04	04.63	31.89	-0.04
0773	01	11.72435	11.71935	01.80	00.88	04.63	31.89	-0.04
