RAW	190523	225707	756120	02
GEOM1	00.00	00.00	0.000000	0.000000	0.000000	0.000000	00.00	00.00	00.00	00.00	1000000.00	-3
GEOM2	00.00	00.00	0.000000	0.000000	0.000000	0.000000	00.00	00.00	00.00	00.00	0000.000	0000.000	1000000.00	-3
LDF	15.959800	0.087881	48.298945	0.150664	0036632.9	0019622.6	00.92	00.30	-1
GLDF	00.00	28.84	0.000000	0.150000	0.000000	0.150000	00.00	59.40	00.00	01.41	0036632.9	0000001.4	00.92	1000000.00	-2
0673	04	00.00000	00.00000	03.94	05.33	02.92	31.83	-0.04
0575	01	02.86175	02.86175	01.34	00.47	01.13	35.27	-0.03
0573	02	02.57597	02.57597	13.69	11.98	01.13	31.81	-0.04
0773	04	00.88286	00.88286	03.08	03.82	04.63	31.89	-0.04
0475	01	07.05567	07.05567	01.18	01.28	-0.66	35.24	-0.01
