RAW	190506	140542	299325	03
GEOM1	06.11	00.09	16.524494	0.150033	53.461443	0.150035	35.49	08.54	250.02	06.79	00.00	-2
GEOM2	06.13	00.15	16.524523	0.147131	53.461482	0.133679	41.23	44.74	248.97	11.09	0000.773	0024.276	00.00	-3
LDF	16.386763	0.111355	53.546630	0.132682	0385701.2	0128774.5	54.97	01.77	-1
GLDF	06.09	00.08	16.397753	0.115080	53.551151	0.128819	31.30	08.35	246.79	06.69	0581148.9	0476591.7	50.69	01.60	-1
0777	01	05.61949	05.62449	01.24	00.71	04.48	38.84	-0.02
0977	01	00.00000	00.00000	01.14	01.21	07.92	38.89	-0.09
0776	04	06.06832	06.06832	126.57	155.87	04.49	37.09	-0.04
1076	01	04.15306	04.15805	01.58	00.72	09.70	37.20	-0.12
0775	04	07.15220	07.15720	06.15	07.10	04.56	35.35	-0.05
0676	04	06.51608	06.44612	21.10	19.67	02.77	37.09	-0.03
