RAW	190531	183136	882141	02
GEOM1	00.00	00.00	0.000000	0.000000	0.000000	0.000000	00.00	00.00	00.00	00.00	1000000.00	-3
GEOM2	00.00	00.00	0.000000	0.000000	0.000000	0.000000	00.00	00.00	00.00	00.00	0000.000	0000.000	1000000.00	-3
LDF	16.238463	0.127053	48.813330	0.129002	0301887.4	0145719.3	10.44	00.20	-1
GLDF	00.00	27.12	0.000000	0.150000	0.000000	0.150000	00.00	63.63	00.00	01.41	0301887.4	0000001.4	10.44	1000000.00	-2
0774	04	04.87442	04.87442	04.16	04.68	04.56	33.62	-0.05
0673	04	02.85352	02.84852	05.11	07.30	02.92	31.83	-0.04
0674	01	08.42694	08.42694	00.74	00.81	02.84	33.58	-0.04
0777	01	05.04079	05.04578	00.68	01.65	04.48	38.84	-0.02
1075	01	00.00000	00.00000	01.55	01.84	09.78	35.47	-0.10
0773	03	02.41590	02.41590	04.57	06.76	04.63	31.89	-0.04
