RAW	190502	121923	070314	02
GEOM1	00.00	00.00	0.000000	0.000000	0.000000	0.000000	00.00	00.00	00.00	00.00	1000000.00	-3
GEOM2	00.00	00.00	0.000000	0.000000	0.000000	0.000000	00.00	00.00	00.00	00.00	0000.000	0000.000	1000000.00	-3
LDF	14.548312	0.163625	47.139042	0.162161	0068385.6	0072202.9	01.91	01.74	-1
GLDF	-121.36	  nan	14.114378	   nan	54.435652	   nan	89.93	  nan	347.91	  nan	22777376251.9	      nan	00.00	1000000.00	-2
0674	01	04.64632	04.64632	01.43	01.27	02.84	33.58	-0.04
0972	01	00.00000	00.00000	01.41	01.27	08.14	30.22	00.02
0573	04	06.06297	06.06297	03.98	03.18	01.13	31.81	-0.04
0672	04	06.15407	06.15407	07.79	06.93	02.92	30.12	-0.04
0572	02	08.87312	08.87312	04.03	06.77	01.20	30.14	-0.04
