RAW	190516	040600	096893	02
GEOM1	00.00	00.00	0.000000	0.000000	0.000000	0.000000	00.00	00.00	00.00	00.00	1000000.00	-3
GEOM2	00.00	00.00	0.000000	0.000000	0.000000	0.000000	00.00	00.00	00.00	00.00	0000.000	0000.000	1000000.00	-3
LDF	12.471474	0.150517	47.407711	0.097925	0235163.1	0125014.9	07.43	02.20	-1
GLDF	00.00	22.68	0.000000	0.150000	0.000000	0.150000	00.00	64.40	00.00	01.41	0235163.1	0000001.4	07.43	1000000.00	-2
0472	04	00.32400	00.31900	04.93	03.26	-0.52	30.05	-0.03
0876	01	01.17834	01.17334	01.02	02.32	06.27	37.12	-0.05
0776	01	02.34812	02.34312	02.98	08.23	04.49	37.09	-0.04
0473	04	00.00000	00.00000	14.91	08.22	-0.52	31.76	-0.03
0572	03	02.34095	02.33596	17.35	07.46	01.20	30.14	-0.04
