RAW	190504	054022	750414	02
GEOM1	00.00	00.00	0.000000	0.000000	0.000000	0.000000	00.00	00.00	00.00	00.00	1000000.00	-3
GEOM2	00.00	00.00	0.000000	0.000000	0.000000	0.000000	00.00	00.00	00.00	00.00	0000.000	0000.000	1000000.00	-3
LDF	17.887175	0.119450	48.387540	0.152248	0044124.2	0032571.6	01.25	00.97	-1
GLDF	00.00	27.92	0.000000	0.150000	0.000000	0.150000	00.00	57.22	00.00	01.41	0044124.2	0000001.4	01.25	1000000.00	-2
0774	02	05.03329	05.03329	07.21	03.58	04.56	33.62	-0.05
0977	01	02.99924	03.00424	00.66	00.68	07.92	38.89	-0.09
0873	04	02.17476	02.16977	06.00	06.30	06.42	31.99	-0.03
0775	02	00.00000	00.00000	01.38	02.18	04.56	35.35	-0.05
0473	01	09.80911	09.81411	04.21	03.57	-0.52	31.76	-0.03
0773	04	02.76963	02.76963	02.78	04.49	04.63	31.89	-0.04
