RAW	190523	100240	519933	02
GEOM1	00.00	00.00	0.000000	0.000000	0.000000	0.000000	00.00	00.00	00.00	00.00	1000000.00	-3
GEOM2	00.00	00.00	0.000000	0.000000	0.000000	0.000000	00.00	00.00	00.00	00.00	0000.000	0000.000	1000000.00	-3
LDF	18.055115	0.166089	54.836390	0.153871	0021750.4	0026294.4	00.23	02.19	-1
GLDF	08.82	 -nan	17.786603	  -nan	54.146834	  -nan	89.91	 -nan	194.33	 -nan	-496467710680.8	      nan	  nan	1000000.00	-2
0575	01	05.42368	05.42868	01.79	01.24	01.13	35.27	-0.03
0777	04	07.87779	07.87779	03.71	04.61	04.48	38.84	-0.02
0876	03	04.89807	04.89807	06.29	03.23	06.27	37.12	-0.05
0877	04	06.49487	06.49487	07.81	11.46	06.20	38.86	-0.05
0475	01	00.00000	00.00000	02.07	02.66	-0.66	35.24	-0.01
