RAW	190529	201232	826591	02
GEOM1	00.00	00.00	0.000000	0.000000	0.000000	0.000000	00.00	00.00	00.00	00.00	1000000.00	-3
GEOM2	00.00	00.00	0.000000	0.000000	0.000000	0.000000	00.00	00.00	00.00	00.00	0000.000	0000.000	1000000.00	-3
LDF	21.038562	0.084249	51.859595	0.151913	0070463.2	0034153.7	01.95	00.98	-1
GLDF	00.00	28.29	0.000000	0.150000	0.000000	0.150000	00.00	56.05	00.00	01.41	0070463.2	0000001.4	01.95	1000000.00	-2
0372	01	09.74568	09.75067	01.04	01.44	-2.24	30.01	-0.01
0978	01	00.00000	00.00000	01.46	01.61	07.91	40.63	-0.05
1075	04	05.25577	05.26077	05.54	05.04	09.78	35.47	-0.10
0974	02	08.05632	08.05632	07.78	13.84	08.06	33.70	-0.06
0975	04	05.36310	05.36809	07.64	09.78	07.99	35.38	-0.08
