RAW	190504	125540	900848	02
GEOM1	00.00	00.00	0.000000	0.000000	0.000000	0.000000	00.00	00.00	00.00	00.00	1000000.00	-3
GEOM2	00.00	00.00	0.000000	0.000000	0.000000	0.000000	00.00	00.00	00.00	00.00	0000.000	0000.000	1000000.00	-3
LDF	17.197253	0.151246	52.197754	0.151302	0010445.2	0012626.3	00.21	01.03	-1
GLDF	07.15	00.10	17.203821	0.012501	51.691253	0.134149	89.93	01.08	307.17	00.51	1747268.8	192088397.1	00.00	1000000.00	-2
0774	02	08.81456	08.81456	03.00	02.72	04.56	33.62	-0.05
0472	01	08.94198	08.93698	01.10	01.67	-0.52	30.05	-0.03
0575	01	00.00000	00.00000	00.93	00.75	01.13	35.27	-0.03
0876	04	06.70858	06.70358	01.82	01.79	06.27	37.12	-0.05
0775	04	06.83733	06.83733	06.48	05.68	04.56	35.35	-0.05
0773	02	06.55014	06.55014	04.59	04.42	04.63	31.89	-0.04
