RAW	190518	090336	201526	03
GEOM1	07.60	00.15	11.697386	0.151028	48.510960	0.149107	86.17	23.70	190.29	00.81	00.00	-2
GEOM2	07.57	00.10	11.697388	0.137731	48.511014	0.147784	32.10	130.63	197.57	58.30	0000.918	0002.600	00.00	-3
LDF	11.996177	0.000000	48.456627	0.000000	-000000.0	0000000.0	  nan	26531.45	-1
GLDF	07.57	00.13	11.702921	0.134738	48.544103	0.156398	85.97	00.19	353.55	00.96	0000000.0	0000000.0	00.00	1000000.00	-1
0774	01	07.38820	07.38820	01.35	00.98	04.56	33.62	-0.05
0472	04	07.99496	07.99496	02.55	02.27	-0.52	30.05	-0.03
0576	01	13.36672	13.36672	01.55	00.99	01.05	37.01	-0.02
0973	01	00.00000	00.00000	01.78	01.97	08.07	31.96	-0.03
1072	01	09.67483	09.67983	01.32	01.26	09.86	30.29	00.00
0474	04	07.41363	07.41863	03.62	05.22	-0.59	33.51	-0.01
0473	04	07.63309	07.63309	05.22	04.21	-0.52	31.76	-0.03
