RAW	190510	014411	356566	02
GEOM1	00.00	00.00	0.000000	0.000000	0.000000	0.000000	00.00	00.00	00.00	00.00	1000000.00	-3
GEOM2	00.00	00.00	0.000000	0.000000	0.000000	0.000000	00.00	00.00	00.00	00.00	0000.000	0000.000	1000000.00	-3
LDF	16.856243	0.150000	48.805286	0.150032	0183766.1	0165141.5	05.13	00.00	-2
GLDF	03.80	00.06	16.807018	0.074921	48.978411	0.068998	59.16	07.45	196.89	02.77	0000564.6	0000971.4	04.22	1000000.00	-2
0772	02	06.49668	06.49668	07.35	04.64	04.71	30.23	-0.02
0774	04	03.61762	03.61762	03.32	03.52	04.56	33.62	-0.05
0776	01	00.00000	00.00000	01.22	01.43	04.49	37.09	-0.04
0972	01	03.53694	03.53694	00.92	01.26	08.14	30.22	00.02
0773	04	03.94234	03.94733	07.72	10.29	04.63	31.89	-0.04
