RAW	190505	060530	843720	02
GEOM1	00.00	00.00	0.000000	0.000000	0.000000	0.000000	00.00	00.00	00.00	00.00	1000000.00	-3
GEOM2	00.00	00.00	0.000000	0.000000	0.000000	0.000000	00.00	00.00	00.00	00.00	0000.000	0000.000	1000000.00	-3
LDF	15.715850	0.149726	52.846717	0.187850	0100509.7	0096612.7	02.52	01.97	-1
GLDF	00.00	29.94	0.000000	0.150000	0.000000	0.150000	00.00	72.12	00.00	01.41	0100509.7	0000001.4	02.52	1000000.00	-2
0675	01	02.38901	02.38402	01.39	01.25	02.84	35.32	-0.04
0675	04	04.03788	04.03288	04.59	06.29	02.84	35.32	-0.04
0776	03	07.05923	07.05923	07.55	05.11	04.49	37.09	-0.04
0877	01	04.32921	04.32921	01.09	00.73	06.20	38.86	-0.05
0676	04	05.65424	05.64924	04.05	05.54	02.77	37.09	-0.03
0975	01	00.00000	00.00000	03.10	01.63	07.99	35.38	-0.08
