RAW	190510	083843	698820	02
GEOM1	00.00	00.00	0.000000	0.000000	0.000000	0.000000	00.00	00.00	00.00	00.00	1000000.00	-3
GEOM2	00.00	00.00	0.000000	0.000000	0.000000	0.000000	00.00	00.00	00.00	00.00	0000.000	0000.000	1000000.00	-3
LDF	12.524628	0.080324	48.224925	0.150063	0029023.8	0014436.6	00.54	00.05	-1
GLDF	00.00	28.85	0.000000	0.150000	0.000000	0.150000	00.00	69.02	00.00	01.41	0029023.8	0000001.4	00.54	1000000.00	-2
0673	02	03.03869	03.03869	05.47	04.77	02.92	31.83	-0.04
0878	01	05.09114	05.08615	03.49	04.97	06.34	40.13	-0.02
1076	01	06.44325	06.44325	01.37	01.65	09.70	37.20	-0.12
0573	04	00.75915	00.75915	03.59	03.22	01.13	31.81	-0.04
0473	04	00.00000	00.00000	04.42	03.31	-0.52	31.76	-0.03
