RAW	190501	002757	706020	03
GEOM1	00.50	00.14	16.077105	0.150117	48.060040	0.149806	68.00	05.66	246.23	01.28	00.00	-2
GEOM2	00.51	04.44	16.077137	0.150101	48.060056	0.149974	69.75	661.83	246.46	85.95	0000.845	0229.439	00.00	-3
LDF	15.977004	0.108899	48.094887	0.145437	0000064.4	0000016.2	16.02	00.94	00
GLDF	00.51	00.14	15.961789	0.103456	48.101265	0.144612	68.49	03.30	246.06	00.91	0000050.1	0000089.7	15.77	01.10	00
0772	04	01.41872	01.41372	04.87	04.56	04.71	30.23	-0.02
0673	04	00.69624	00.69125	14.68	15.70	02.92	31.83	-0.04
0777	01	07.68324	07.67825	01.94	00.67	04.48	38.84	-0.02
1076	01	07.29790	07.29790	01.62	00.79	09.70	37.20	-0.12
0773	04	00.00000	00.00000	13.04	11.57	04.63	31.89	-0.04
