RAW	190503	141335	674393	02
GEOM1	00.00	00.00	0.000000	0.000000	0.000000	0.000000	00.00	00.00	00.00	00.00	1000000.00	-3
GEOM2	00.00	00.00	0.000000	0.000000	0.000000	0.000000	00.00	00.00	00.00	00.00	0000.000	0000.000	1000000.00	-3
LDF	11.684664	0.152286	49.180388	0.108702	0043773.6	0029383.1	01.24	00.96	-1
GLDF	00.00	26.59	0.000000	0.150000	0.000000	0.150001	00.00	85.06	00.00	01.41	0043773.6	0000001.4	01.24	1000000.00	-2
0472	02	03.49080	03.49080	08.13	08.11	-0.52	30.05	-0.03
0576	01	00.00000	00.00000	01.41	02.11	01.05	37.01	-0.02
0777	01	01.67586	01.67086	01.01	01.39	04.48	38.84	-0.02
0878	01	10.17808	10.17808	00.83	00.64	06.34	40.13	-0.02
0876	01	01.88842	01.88343	01.18	01.47	06.27	37.12	-0.05
0474	04	05.96958	05.96458	06.32	06.74	-0.59	33.51	-0.01
0473	04	06.66883	06.66883	03.32	04.39	-0.52	31.76	-0.03
