RAW	190531	182415	909277	02
GEOM1	00.00	00.00	0.000000	0.000000	0.000000	0.000000	00.00	00.00	00.00	00.00	1000000.00	-3
GEOM2	00.00	00.00	0.000000	0.000000	0.000000	0.000000	00.00	00.00	00.00	00.00	0000.000	0000.000	1000000.00	-3
LDF	19.073982	0.153049	54.768760	0.196397	0069528.0	0077417.1	01.93	02.42	-1
GLDF	00.00	29.92	0.000000	0.150000	0.000000	0.150000	00.00	64.22	00.00	01.41	0069528.0	0000001.4	01.93	1000000.00	-2
0675	01	01.78634	01.78634	00.91	01.52	02.84	35.32	-0.04
0777	02	00.87550	00.87550	01.61	02.93	04.48	38.84	-0.02
0977	03	04.41650	04.41650	08.80	04.92	07.92	38.89	-0.09
0876	04	05.07878	05.07878	04.83	06.08	06.27	37.12	-0.05
0775	02	00.00000	00.00000	02.05	03.56	04.56	35.35	-0.05
0877	04	05.98406	05.98406	06.79	08.89	06.20	38.86	-0.05
