RAW	190502	130611	347932	02
GEOM1	00.00	00.00	0.000000	0.000000	0.000000	0.000000	00.00	00.00	00.00	00.00	1000000.00	-3
GEOM2	00.00	00.00	0.000000	0.000000	0.000000	0.000000	00.00	00.00	00.00	00.00	0000.000	0000.000	1000000.00	-3
LDF	20.269692	0.150445	51.020392	0.065130	0062454.5	0023228.3	01.79	00.28	-1
GLDF	00.00	27.19	0.000000	0.150000	0.000000	0.150000	00.00	52.80	00.00	01.41	0062454.5	0000001.4	01.79	1000000.00	-2
0574	01	00.12407	00.12907	01.62	02.46	01.13	33.54	-0.04
1075	02	05.24556	05.24556	12.56	11.86	09.78	35.47	-0.10
0976	01	00.00000	00.00000	01.23	01.27	07.99	37.16	-0.09
0974	04	02.73852	02.73852	07.36	05.13	08.06	33.70	-0.06
0975	04	02.66144	02.66144	08.71	07.65	07.99	35.38	-0.08
0872	01	09.90681	09.91181	01.57	00.54	06.35	30.23	00.01
