RAW	190531	043309	758438	03
GEOM1	06.79	00.13	17.968485	0.149986	54.667631	0.150039	61.51	02.22	347.96	02.01	00.00	-2
GEOM2	06.80	00.42	17.968484	0.144564	54.667631	0.149517	61.80	05.82	347.80	07.78	0001.228	0020.108	00.00	-3
LDF	17.989285	0.139758	54.581129	0.135261	0000360.6	0000155.1	06.04	01.11	00
GLDF	06.84	00.12	17.998814	0.136663	54.555159	0.114851	61.42	02.12	347.54	01.64	0000387.8	0000296.9	06.68	01.44	00
0777	04	05.65607	05.65107	04.02	06.23	04.48	38.84	-0.02
0876	04	07.53396	07.53396	05.41	07.19	06.27	37.12	-0.05
0775	01	00.00000	00.00000	01.43	00.64	04.56	35.35	-0.05
0877	04	07.13374	07.13374	07.65	04.55	06.20	38.86	-0.05
0773	01	13.17484	13.17484	00.64	01.31	04.63	31.89	-0.04
