RAW	190513	100451	304821	03
GEOM1	00.97	00.15	17.818520	0.150800	49.410689	0.147191	83.45	07.06	239.60	00.69	00.00	-2
GEOM2	00.98	00.33	17.818572	0.150419	49.410726	0.149301	88.78	593.44	239.51	03.47	0000.229	0009.292	00.00	-3
LDF	17.829869	0.082194	49.389334	0.130404	0000000.0	0000000.0	00.00	1000000.00	00
GLDF	00.96	00.05	17.835336	0.036309	49.403731	0.041513	83.45	00.41	239.62	00.55	0000000.0	0000000.0	00.00	03.69	00
0774	04	00.94384	00.94384	11.43	14.08	04.56	33.62	-0.05
0774	01	06.66994	06.66994	00.46	00.40	04.56	33.62	-0.05
0372	01	05.96399	05.96399	01.98	00.75	-2.24	30.01	-0.01
0873	04	01.40188	01.40188	11.19	11.68	06.42	31.99	-0.03
0874	04	00.00000	00.00000	04.97	03.49	06.35	33.66	-0.06
0676	01	04.78809	04.78809	01.69	01.57	02.77	37.09	-0.03
