RAW	190506	084623	827989	03
GEOM1	05.61	00.13	17.340248	0.149942	52.949137	0.150149	52.31	05.26	319.87	03.62	00.00	-2
GEOM2	05.67	00.38	17.340232	0.145909	52.949159	0.147014	56.19	26.64	319.76	05.12	0000.502	0011.230	00.00	-3
LDF	17.355753	0.156888	52.930134	0.159241	0000545.4	0000456.5	00.02	04.07	00
GLDF	05.64	00.13	17.363773	0.160539	52.920329	0.163240	52.36	04.38	319.86	03.04	0000565.4	0000632.8	00.03	06.04	00
0978	01	09.88156	09.88655	02.18	00.56	07.91	40.63	-0.05
0876	04	06.13662	06.13662	04.67	03.09	06.27	37.12	-0.05
0776	04	04.99673	04.99673	03.66	04.21	04.49	37.09	-0.04
0775	04	05.99596	05.99596	03.63	04.39	04.56	35.35	-0.05
0975	02	00.00000	00.00000	02.60	01.14	07.99	35.38	-0.08
