RAW	190509	083047	121445	03
GEOM1	06.53	00.07	17.406687	0.150004	47.139959	0.149978	14.35	04.74	304.54	21.76	00.00	-2
GEOM2	06.60	00.39	17.406682	0.149475	47.139954	0.149484	14.03	03.41	318.20	73.64	0000.802	0020.625	00.00	-3
LDF	17.615070	0.091754	47.356654	0.099707	0274119.8	0098662.7	10.85	05.46	00
GLDF	06.52	00.06	17.631176	0.065336	47.377684	0.076314	14.82	03.48	313.39	18.04	0295408.3	0084290.9	11.89	05.89	00
0772	04	06.61804	06.61304	24.15	09.72	04.71	30.23	-0.02
0675	01	02.18289	02.17790	03.32	03.43	02.84	35.32	-0.04
0873	01	05.06788	05.05788	00.63	01.32	06.42	31.99	-0.03
0775	01	00.00000	00.00000	01.23	01.33	04.56	35.35	-0.05
0773	04	06.37246	06.36746	09.24	13.08	04.63	31.89	-0.04
0872	04	06.89646	06.89147	16.36	06.65	06.35	30.23	00.01
