RAW	190518	132015	286244	02
GEOM1	00.00	00.00	0.000000	0.000000	0.000000	0.000000	00.00	00.00	00.00	00.00	1000000.00	-3
GEOM2	00.00	00.00	0.000000	0.000000	0.000000	0.000000	00.00	00.00	00.00	00.00	0000.000	0000.000	1000000.00	-3
LDF	20.070205	0.111352	53.594442	0.150928	1974493.1	0801386.9	81.74	01.10	-1
GLDF	00.00	26.40	0.000000	0.150000	0.000000	0.150000	00.00	56.89	00.00	01.41	1974493.1	0000001.4	81.74	1000000.00	-2
0372	01	00.00000	00.00000	01.06	01.42	-2.24	30.01	-0.01
0777	01	08.53541	08.54041	00.81	01.28	04.48	38.84	-0.02
0876	04	05.92218	05.92718	15.86	08.15	06.27	37.12	-0.05
1076	04	05.24829	05.25328	05.04	10.29	09.70	37.20	-0.12
0976	03	06.22559	06.22559	05.77	08.06	07.99	37.16	-0.09
