RAW	190503	234314	663052	03
GEOM1	03.29	00.14	12.717748	0.150178	47.686932	0.149902	67.04	04.32	249.64	01.58	00.00	-2
GEOM2	03.30	07.36	12.717770	0.150362	47.686946	0.149979	68.64	538.30	249.49	81.40	0000.746	0252.602	00.00	-3
LDF	12.641636	0.160908	47.696640	0.153552	0000022.6	0000014.3	01.47	03.22	00
GLDF	03.32	00.14	12.621221	0.140115	47.707793	0.151479	71.70	03.52	249.47	00.98	0000002.1	0000005.0	01.88	03.61	00
0674	01	00.00000	00.00000	00.78	01.08	02.84	33.58	-0.04
0974	01	03.93297	03.93297	00.90	00.90	08.06	33.70	-0.06
0573	04	02.61811	02.61811	03.61	03.49	01.13	31.81	-0.04
0473	04	03.21304	03.21304	05.25	05.77	-0.52	31.76	-0.03
0572	04	04.06876	04.06876	04.24	04.47	01.20	30.14	-0.04
