RAW	190505	184141	600448	03
GEOM1	04.96	00.13	13.899693	0.149959	47.142936	0.150009	61.81	02.30	176.47	02.09	00.00	-2
GEOM2	04.96	00.42	13.899693	0.144260	47.142934	0.149739	61.84	14.87	176.08	13.78	0001.053	0019.296	00.00	-3
LDF	13.661348	0.149699	47.191664	0.154624	0000243.1	0000161.2	03.29	02.41	00
GLDF	04.96	00.13	13.901706	0.142413	47.276592	0.116241	61.88	02.28	175.89	01.60	0000323.0	0000273.6	05.95	01.46	00
0472	03	06.23478	06.23478	03.32	01.15	-0.52	30.05	-0.03
0874	01	00.00000	00.00000	01.37	01.30	06.35	33.66	-0.06
0573	04	05.54319	05.54819	06.77	04.28	01.13	31.81	-0.04
0672	04	03.86686	03.86686	05.67	03.45	02.92	30.12	-0.04
0572	04	05.36375	05.36375	07.56	04.78	01.20	30.14	-0.04
