RAW	190508	000349	899810	03
GEOM1	05.64	00.12	21.005186	0.150003	47.697888	0.150005	51.17	04.76	12.77	05.51	00.00	-2
GEOM2	05.70	00.49	21.005184	0.147944	47.697888	0.149510	46.09	33.15	20.28	60.75	0000.383	0012.407	00.00	-3
LDF	20.858999	0.145016	47.714740	0.104005	0010065.7	0003445.6	07.21	01.46	00
GLDF	05.61	00.11	20.982490	0.138045	47.637482	0.081224	51.06	01.26	12.50	02.87	0009509.9	0002446.2	10.50	01.39	00
0472	01	10.33222	10.32723	02.44	30.39	-0.52	30.05	-0.03
0876	01	07.61769	07.61769	02.13	01.25	06.27	37.12	-0.05
0973	03	04.55679	04.55679	04.07	03.57	08.07	31.96	-0.03
0874	04	04.81157	04.81657	01.67	01.36	06.35	33.66	-0.06
0776	01	00.00000	00.00000	03.04	03.56	04.49	37.09	-0.04
0676	01	13.68652	13.69152	01.47	00.47	02.77	37.09	-0.03
0972	04	05.01724	05.01724	13.24	06.38	08.14	30.22	00.02
1073	04	06.64813	06.64813	12.21	05.59	09.86	32.00	-0.03
