RAW	190509	030137	372589	02
GEOM1	00.00	00.00	0.000000	0.000000	0.000000	0.000000	00.00	00.00	00.00	00.00	1000000.00	-3
GEOM2	00.00	00.00	0.000000	0.000000	0.000000	0.000000	00.00	00.00	00.00	00.00	0000.000	0000.000	1000000.00	-3
LDF	12.672628	0.177324	49.307341	0.150156	0117942.7	0102012.2	02.93	02.19	-1
GLDF	05.66	00.84	11.982442	0.151760	51.265517	0.143299	56.51	02.00	276.33	02.42	17938791647.1	139261923.9	32.84	1000000.00	-2
0574	04	06.11427	06.11427	05.75	05.80	01.13	33.54	-0.04
0573	03	08.72492	08.72492	08.96	05.31	01.13	31.81	-0.04
0474	01	00.00000	00.00000	01.18	01.05	-0.59	33.51	-0.01
0474	01	02.02361	02.02361	00.32	00.56	-0.59	33.51	-0.01
0474	04	07.36995	07.36995	05.72	06.98	-0.59	33.51	-0.01
