RAW	190511	001210	021792	03
GEOM1	07.56	00.15	14.315691	0.150030	51.334349	0.149793	76.56	03.56	259.40	01.05	00.00	-2
GEOM2	07.55	00.31	14.315649	0.149369	51.334283	0.139883	77.21	30.37	259.54	13.85	0001.113	0021.244	00.00	-3
LDF	14.195061	0.146683	51.355890	0.150129	0000000.0	0000000.0	02.90	03.40	00
GLDF	07.56	00.15	14.137439	0.219075	51.369228	0.155948	76.69	03.14	259.12	00.73	0000000.0	0000000.1	03.22	04.63	00
0772	01	04.50968	04.50968	01.51	01.75	04.71	30.23	-0.02
0772	01	09.66616	09.66616	02.92	01.49	04.71	30.23	-0.02
0574	04	09.03900	09.03900	07.83	05.38	01.13	33.54	-0.04
0673	01	04.44239	04.43739	00.44	00.67	02.92	31.83	-0.04
0575	04	07.39400	07.38901	03.99	08.06	01.13	35.27	-0.03
0675	04	07.02680	07.02680	16.57	14.43	02.84	35.32	-0.04
0777	01	00.00000	00.00000	00.56	01.66	04.48	38.84	-0.02
0974	01	04.75917	04.75917	02.06	00.84	08.06	33.70	-0.06
