RAW	190525	105315	258167	02
GEOM1	00.00	00.00	0.000000	0.000000	0.000000	0.000000	00.00	00.00	00.00	00.00	1000000.00	-3
GEOM2	00.00	00.00	0.000000	0.000000	0.000000	0.000000	00.00	00.00	00.00	00.00	0000.000	0000.000	1000000.00	-3
LDF	15.538851	0.178620	52.331851	0.153740	0044653.6	0050279.0	01.27	02.46	-1
GLDF	00.00	26.99	0.000000	0.150000	0.000000	0.150001	00.00	73.81	00.00	01.41	0044653.6	0000001.4	01.27	1000000.00	-2
0675	04	08.85419	08.85419	08.88	08.87	02.84	35.32	-0.04
1076	01	00.00000	00.00000	01.14	01.72	09.70	37.20	-0.12
0775	04	07.82949	07.82949	06.33	03.80	04.56	35.35	-0.05
0676	03	05.61086	05.61086	04.86	07.49	02.77	37.09	-0.03
0474	01	15.12837	15.12337	00.73	00.87	-0.59	33.51	-0.01
