RAW	190521	064610	878941	02
GEOM1	00.00	00.00	0.000000	0.000000	0.000000	0.000000	00.00	00.00	00.00	00.00	1000000.00	-3
GEOM2	00.00	00.00	0.000000	0.000000	0.000000	0.000000	00.00	00.00	00.00	00.00	0000.000	0000.000	1000000.00	-3
LDF	11.029167	0.165575	47.489838	0.166061	0108769.4	0110219.5	02.71	01.14	-1
GLDF	00.00	26.69	0.000000	0.150000	0.000000	0.150000	00.00	77.85	00.00	01.41	0108769.4	0000001.4	02.71	1000000.00	-2
0372	04	03.14198	03.13699	02.81	03.57	-2.24	30.01	-0.01
0472	02	00.00000	00.00000	06.87	03.15	-0.52	30.05	-0.03
1075	01	05.40138	05.40138	02.24	00.87	09.78	35.47	-0.10
0972	01	00.05882	00.05882	03.80	01.12	08.14	30.22	00.02
1072	01	07.58501	07.58501	04.58	04.72	09.86	30.29	00.00
0473	04	02.22913	02.23413	05.01	05.57	-0.52	31.76	-0.03
