RAW	190501	171949	285594	02
GEOM1	00.00	00.00	0.000000	0.000000	0.000000	0.000000	00.00	00.00	00.00	00.00	1000000.00	-3
GEOM2	00.00	00.00	0.000000	0.000000	0.000000	0.000000	00.00	00.00	00.00	00.00	0000.000	0000.000	1000000.00	-3
LDF	11.724686	0.152269	47.249582	0.086982	0052906.8	0027710.8	01.55	00.99	-1
GLDF	00.00	23.44	0.000000	0.150000	0.000000	0.150001	00.00	77.95	00.00	01.41	0052906.8	0000001.4	01.55	1000000.00	-2
0472	04	05.50336	05.49337	08.52	07.83	-0.52	30.05	-0.03
0777	01	02.49140	02.48640	01.95	01.12	04.48	38.84	-0.02
0573	02	00.00000	00.00000	02.81	00.97	01.13	31.81	-0.04
0474	02	08.40216	08.39717	06.57	04.30	-0.59	33.51	-0.01
0473	04	05.39043	05.38544	04.71	04.94	-0.52	31.76	-0.03
