RAW	190524	155204	039954	02
GEOM1	00.00	00.00	0.000000	0.000000	0.000000	0.000000	00.00	00.00	00.00	00.00	1000000.00	-3
GEOM2	00.00	00.00	0.000000	0.000000	0.000000	0.000000	00.00	00.00	00.00	00.00	0000.000	0000.000	1000000.00	-3
LDF	19.058103	0.130879	56.332446	0.125707	0251169.4	0122584.7	08.18	00.32	-1
GLDF	00.00	34.46	0.000000	0.150000	0.000000	0.150000	00.00	69.26	00.00	01.41	0251169.4	0000001.4	08.18	1000000.00	-2
0978	04	07.11610	07.11610	04.85	04.17	07.91	40.63	-0.05
0878	03	05.81277	05.81277	04.91	05.60	06.34	40.13	-0.02
0876	01	00.00000	00.00000	01.31	01.17	06.27	37.12	-0.05
0877	04	07.05316	07.05316	04.48	05.71	06.20	38.86	-0.05
0875	01	06.15897	06.16897	01.45	00.91	06.27	35.38	-0.07
