RAW	190523	043717	422917	02
GEOM1	00.00	00.00	0.000000	0.000000	0.000000	0.000000	00.00	00.00	00.00	00.00	1000000.00	-3
GEOM2	00.00	00.00	0.000000	0.000000	0.000000	0.000000	00.00	00.00	00.00	00.00	0000.000	0000.000	1000000.00	-3
LDF	15.649653	0.181068	50.973482	0.150934	0100789.0	0097856.0	02.53	02.56	-1
GLDF	00.00	28.68	0.000000	0.150000	0.000000	0.150001	00.00	70.23	00.00	01.41	0100789.0	0000001.4	02.53	1000000.00	-2
0774	02	13.04487	13.03987	03.38	03.61	04.56	33.62	-0.05
0576	01	01.31939	01.31440	01.13	00.58	01.05	37.01	-0.02
0674	03	04.30600	04.30101	11.75	06.37	02.84	33.58	-0.04
0675	04	06.16178	06.15678	05.95	04.72	02.84	35.32	-0.04
1075	01	00.00000	00.00000	01.22	01.33	09.78	35.47	-0.10
0775	04	06.03272	06.02772	06.77	05.10	04.56	35.35	-0.05
