RAW	190531	062141	627825	03
GEOM1	05.88	00.17	12.551944	0.150099	46.540761	0.150107	52.82	65.77	148.29	68.18	00.00	-2
GEOM2	05.85	00.16	12.551891	0.144037	46.540680	0.148926	46.16	37.81	157.38	75.19	0003.093	0005.429	00.00	-3
LDF	12.680383	0.099363	46.613010	0.133069	0001233.2	0000449.6	00.69	03.07	00
GLDF	05.80	00.21	12.695354	0.097886	46.611423	0.169460	49.89	38.08	150.04	44.93	0001929.8	0009777.6	01.10	04.05	00
0372	04	07.75450	07.75450	02.85	03.48	-2.24	30.01	-0.01
0472	04	06.47395	06.47395	02.81	02.26	-0.52	30.05	-0.03
0972	01	07.82020	07.82520	01.40	01.11	08.14	30.22	00.02
0872	01	00.00000	00.00000	01.79	01.99	06.35	30.23	00.01
0475	01	06.06040	06.05540	01.05	01.98	-0.66	35.24	-0.01
0572	04	05.33408	05.33408	10.31	12.48	01.20	30.14	-0.04
