RAW	190514	235031	049625	02
GEOM1	00.00	00.00	0.000000	0.000000	0.000000	0.000000	00.00	00.00	00.00	00.00	1000000.00	-3
GEOM2	00.00	00.00	0.000000	0.000000	0.000000	0.000000	00.00	00.00	00.00	00.00	0000.000	0000.000	1000000.00	-3
LDF	11.727199	0.102842	46.495890	0.149944	1308084.4	0517810.9	52.07	00.00	-1
GLDF	00.86	00.00	11.724144	0.000002	46.501362	0.000001	84.89	00.00	127.83	00.00	0000000.0	0000000.0	00.00	30.05	-2
0372	04	01.79541	01.80040	06.01	04.92	-2.24	30.01	-0.01
0472	03	01.31164	01.31164	24.99	15.08	-0.52	30.05	-0.03
0773	02	00.18443	00.18943	05.44	06.74	04.63	31.89	-0.04
0672	02	02.10013	02.10013	04.71	04.50	02.92	30.12	-0.04
0572	04	00.00000	00.00000	06.49	04.54	01.20	30.14	-0.04
