RAW	190503	073633	017786	02
GEOM1	00.00	00.00	0.000000	0.000000	0.000000	0.000000	00.00	00.00	00.00	00.00	1000000.00	-3
GEOM2	00.00	00.00	0.000000	0.000000	0.000000	0.000000	00.00	00.00	00.00	00.00	-003.872	0002.874	1000000.00	-3
LDF	14.691323	0.149927	50.013037	0.150001	0926046.6	0594434.0	35.67	00.00	-2
GLDF	00.00	20.11	0.000000	0.150000	0.000000	0.150000	00.00	54.61	00.00	01.41	0926046.6	0000001.4	35.67	1000000.00	-2
0774	03	01.89200	01.89200	03.21	07.61	04.56	33.62	-0.05
0574	04	00.00000	00.00000	05.00	22.12	01.13	33.54	-0.04
0674	04	01.06969	01.06969	15.08	17.79	02.84	33.58	-0.04
0977	01	00.88357	00.88357	03.05	00.93	07.92	38.89	-0.09
0978	01	02.02890	02.03390	06.05	03.35	07.91	40.63	-0.05
0572	01	00.65969	00.65469	02.19	02.83	01.20	30.14	-0.04
