RAW	190516	013018	669587	02
GEOM1	00.00	00.00	0.000000	0.000000	0.000000	0.000000	00.00	00.00	00.00	00.00	1000000.00	-3
GEOM2	00.00	00.00	0.000000	0.000000	0.000000	0.000000	00.00	00.00	00.00	00.00	0000.000	0000.000	1000000.00	-3
LDF	18.923739	0.182156	55.997317	0.152709	0076081.3	0078449.0	02.05	02.66	-1
GLDF	00.00	30.58	0.000000	0.150000	0.000000	0.150000	00.00	56.98	00.00	01.41	0076081.3	0000001.4	02.05	1000000.00	-2
0977	04	00.79022	00.79022	05.27	06.35	07.92	38.89	-0.09
0878	03	00.00000	00.00000	14.71	15.21	06.34	40.13	-0.02
0877	04	01.31863	01.31863	08.44	06.86	06.20	38.86	-0.05
0975	01	07.66214	07.65714	01.20	01.24	07.99	35.38	-0.08
0773	01	07.70396	07.70895	01.32	01.12	04.63	31.89	-0.04
