RAW	190512	164456	444438	02
GEOM1	00.00	00.00	0.000000	0.000000	0.000000	0.000000	00.00	00.00	00.00	00.00	1000000.00	-3
GEOM2	00.00	00.00	0.000000	0.000000	0.000000	0.000000	00.00	00.00	00.00	00.00	0000.000	0000.000	1000000.00	-3
LDF	12.569000	0.058777	48.226424	0.150101	0064304.2	0021546.9	01.83	00.09	-1
GLDF	00.00	22.76	0.000000	0.150000	0.000000	0.150000	00.00	62.53	00.00	01.41	0064304.2	0000001.4	01.83	1000000.00	-2
0472	02	02.91523	02.91523	04.56	03.02	-0.52	30.05	-0.03
0873	01	08.51196	08.51196	01.85	01.73	06.42	31.99	-0.03
0775	01	04.49748	04.49748	01.50	01.18	04.56	35.35	-0.05
1073	01	02.17906	02.18405	01.19	00.90	09.86	32.00	-0.03
0573	04	00.00000	00.00000	10.25	07.02	01.13	31.81	-0.04
0473	04	01.07870	01.07870	06.66	08.19	-0.52	31.76	-0.03
