RAW	190518	042000	864523	01
GEOM1	00.00	00.00	0.000000	0.000000	0.000000	0.000000	00.00	00.00	00.00	00.00	1000000.00	-4
GEOM2	00.00	00.00	0.000000	0.000000	0.000000	0.000000	00.00	00.00	00.00	00.00	0000.000	0000.000	1000000.00	-4
LDF	18.516800	0.173599	53.559300	0.154799	0000001.0	0046142.2	01.10	1000000.00	-3
GLDF	00.00	46.61	0.000000	0.150000	0.000000	0.150000	00.00	91.65	00.00	01.41	0000001.0	0000001.4	00.00	1000000.00	-4
0876	04	04.50530	04.51029	05.54	03.32	06.27	37.12	-0.05
0776	02	07.05083	07.05083	08.81	08.72	04.49	37.09	-0.04
0976	02	07.32573	07.32573	27.46	09.34	07.99	37.16	-0.09
0974	01	06.87522	06.88022	01.87	00.89	08.06	33.70	-0.06
0676	02	00.00000	00.00000	07.13	02.29	02.77	37.09	-0.03
