RAW	190530	080300	159508	03
GEOM1	04.80	00.07	16.747642	0.152515	53.043569	0.146474	22.97	06.23	100.88	74.32	03.11	-2
GEOM2	04.64	00.10	16.747037	0.149310	53.005628	0.126528	36.44	18.20	97.45	330.94	0016.120	0007.373	00.00	-3
LDF	16.748851	0.157300	52.839914	0.068860	0063283.7	0025440.1	03.15	02.88	00
GLDF	04.71	00.05	16.749457	0.164257	52.838749	0.058192	22.62	05.49	103.01	58.67	0065327.2	0027137.4	02.43	09.39	00
0774	04	05.39096	05.39596	02.83	02.28	04.56	33.62	-0.05
0776	04	05.03510	05.04009	33.08	29.45	04.49	37.09	-0.04
0775	04	04.35924	04.36424	08.34	06.27	04.56	35.35	-0.05
0972	01	00.00000	00.00000	02.02	02.46	08.14	30.22	00.02
0872	01	10.09608	10.09608	01.02	02.14	06.35	30.23	00.01
