RAW	190509	075451	270815	03
GEOM1	03.64	00.04	18.805963	0.150326	50.103421	0.148759	08.40	07.34	01.58	150.35	01.32	-2
GEOM2	03.62	00.03	18.816571	0.149110	50.103558	0.149594	08.80	28.60	10.96	1087.73	0008.849	0002.410	00.00	-3
LDF	18.761242	0.142245	50.102481	0.150548	0717115.4	0452634.2	28.30	00.52	-1
GLDF	03.63	00.02	18.727758	0.125525	50.101646	0.146883	06.72	06.26	01.66	140.60	0816501.3	0446550.4	32.05	02.54	-1
0774	04	04.20125	04.20625	02.98	03.25	04.56	33.62	-0.05
0874	04	03.67502	03.68002	04.25	04.81	06.35	33.66	-0.06
0874	02	08.54673	08.55173	03.59	01.04	06.35	33.66	-0.06
1075	02	00.00000	00.00000	01.44	01.90	09.78	35.47	-0.10
0776	01	01.23146	01.23645	01.17	06.08	04.49	37.09	-0.04
0974	04	04.32920	04.32920	05.37	04.42	08.06	33.70	-0.06
0573	01	03.68693	03.69692	01.75	01.43	01.13	31.81	-0.04
