RAW	190514	062227	337496	02
GEOM1	00.00	00.00	0.000000	0.000000	0.000000	0.000000	00.00	00.00	00.00	00.00	1000000.00	-3
GEOM2	00.00	00.00	0.000000	0.000000	0.000000	0.000000	00.00	00.00	00.00	00.00	0000.000	0000.000	1000000.00	-3
LDF	12.404855	0.071716	51.276467	0.149514	0137240.2	0061100.9	03.46	00.11	-1
GLDF	00.00	25.14	0.000000	0.150000	0.000000	0.150001	00.00	89.11	00.00	01.41	0137240.2	0000001.4	03.46	1000000.00	-2
0774	02	00.00000	00.00000	04.36	02.36	04.56	33.62	-0.05
0574	03	06.42837	06.42837	05.85	04.62	01.13	33.54	-0.04
0673	02	10.50288	10.50288	01.73	01.62	02.92	31.83	-0.04
0575	04	09.01118	09.00618	04.95	05.42	01.13	35.27	-0.03
0873	01	06.51282	06.50783	01.05	00.66	06.42	31.99	-0.03
0475	04	08.53138	08.53138	15.16	07.04	-0.66	35.24	-0.01
