RAW	190508	075403	352915	02
GEOM1	00.00	00.00	0.000000	0.000000	0.000000	0.000000	00.00	00.00	00.00	00.00	1000000.00	-3
GEOM2	00.00	00.00	0.000000	0.000000	0.000000	0.000000	00.00	00.00	00.00	00.00	0000.000	0000.000	1000000.00	-3
LDF	16.856957	0.150000	48.788297	0.150036	0255162.8	0211260.3	08.37	00.00	-2
GLDF	00.00	24.07	0.000000	0.150000	0.000000	0.150001	00.00	61.24	00.00	01.41	0255162.8	0000001.4	08.37	1000000.00	-2
0774	04	05.36149	05.36149	05.48	03.44	04.56	33.62	-0.05
0777	01	06.69492	06.69492	01.78	02.21	04.48	38.84	-0.02
0777	01	10.78718	10.78718	02.00	01.98	04.48	38.84	-0.02
0873	02	07.92506	07.92007	04.68	05.22	06.42	31.99	-0.03
0773	04	05.91260	05.91260	04.83	19.86	04.63	31.89	-0.04
0672	02	00.00000	00.00000	11.30	01.83	02.92	30.12	-0.04
