RAW	190506	102949	862419	02
GEOM1	00.00	00.00	0.000000	0.000000	0.000000	0.000000	00.00	00.00	00.00	00.00	1000000.00	-3
GEOM2	00.00	00.00	0.000000	0.000000	0.000000	0.000000	00.00	00.00	00.00	00.00	0000.000	0000.000	1000000.00	-3
LDF	16.017901	0.060532	50.042210	0.151948	0097834.8	0033357.8	02.47	01.02	-1
GLDF	00.00	22.47	0.000000	0.150000	0.000000	0.150000	00.00	57.65	00.00	01.41	0097834.8	0000001.4	02.47	1000000.00	-2
0774	04	03.01809	03.01809	07.64	19.94	04.56	33.62	-0.05
0674	04	03.86894	03.86894	08.76	07.86	02.84	33.58	-0.04
0978	01	00.00000	00.00000	01.56	01.09	07.91	40.63	-0.05
0978	01	05.79104	05.79104	04.31	02.73	07.91	40.63	-0.05
0974	01	10.00574	10.00075	02.92	01.35	08.06	33.70	-0.06
