RAW	190504	111522	946870	03
GEOM1	01.87	00.14	18.915687	0.149845	56.183429	0.150307	66.34	02.37	98.23	02.18	00.00	-2
GEOM2	01.89	00.18	18.915691	0.149051	56.183430	0.121987	64.98	19.09	96.82	17.06	0000.424	0012.130	00.00	-3
LDF	19.020139	0.161008	56.159471	0.156606	0000038.5	0000025.5	02.11	04.74	00
GLDF	01.85	00.14	19.087106	0.141120	56.183636	0.157072	68.24	02.67	98.16	01.60	0000023.3	0000028.5	03.40	06.03	00
0978	04	02.58494	02.58494	05.95	05.75	07.91	40.63	-0.05
0878	04	02.27740	02.27740	09.78	07.02	06.34	40.13	-0.02
0874	01	09.19268	09.18768	01.02	01.35	06.35	33.66	-0.06
0877	04	01.16812	01.16312	11.72	07.29	06.20	38.86	-0.05
0572	01	00.00000	00.00000	01.81	02.47	01.20	30.14	-0.04
