RAW	190503	032356	191525	03
GEOM1	06.66	00.14	17.150567	0.149995	50.921536	0.150339	69.97	01.71	323.12	01.46	00.00	-2
GEOM2	06.66	06.33	17.150559	0.150056	50.921545	0.150260	70.23	31.54	323.12	210.37	0001.146	0391.107	00.00	-3
LDF	17.123601	0.147860	50.931308	0.153485	0000006.3	0000002.3	01.96	01.58	00
GLDF	06.62	00.14	17.103570	0.150610	50.931635	0.157095	69.72	01.65	322.91	01.26	0000007.5	0000007.8	02.01	02.29	00
0774	01	01.64335	01.64835	00.35	00.40	04.56	33.62	-0.05
0774	04	06.92975	06.92975	06.32	04.31	04.56	33.62	-0.05
0372	01	10.80969	10.80470	00.91	01.24	-2.24	30.01	-0.01
0874	04	08.24509	08.24509	03.70	02.93	06.35	33.66	-0.06
0775	04	05.93592	05.93592	09.52	07.32	04.56	35.35	-0.05
0972	01	00.00000	00.00000	03.58	01.54	08.14	30.22	00.02
0572	01	11.39737	11.39237	01.29	01.83	01.20	30.14	-0.04
