RAW	190501	233311	887506	02
GEOM1	00.00	00.00	0.000000	0.000000	0.000000	0.000000	00.00	00.00	00.00	00.00	1000000.00	-3
GEOM2	00.00	00.00	0.000000	0.000000	0.000000	0.000000	00.00	00.00	00.00	00.00	0000.000	0000.000	1000000.00	-3
LDF	17.696264	0.074595	48.376504	0.151338	0080907.5	0033759.0	02.14	00.78	-1
GLDF	04.82	00.06	17.744608	0.028451	48.297415	0.439230	11.43	00.27	45.83	00.89	1001954611.5	250701624.5	08.97	1000000.00	-2
0472	01	05.51823	05.51823	01.88	01.29	-0.52	30.05	-0.03
0674	01	00.21247	00.21247	01.37	01.36	02.84	33.58	-0.04
0873	04	04.93156	04.93156	07.60	04.39	06.42	31.99	-0.03
0873	01	09.65332	09.65832	01.29	01.23	06.42	31.99	-0.03
0973	02	02.22024	02.22523	03.12	03.81	08.07	31.96	-0.03
0775	01	00.00000	00.00000	02.00	03.54	04.56	35.35	-0.05
0877	01	08.31792	08.31792	01.11	01.43	06.20	38.86	-0.05
0773	04	04.66550	04.66550	12.16	06.37	04.63	31.89	-0.04
