RAW	190524	235558	461069	02
GEOM1	00.00	00.00	0.000000	0.000000	0.000000	0.000000	00.00	00.00	00.00	00.00	1000000.00	-3
GEOM2	00.00	00.00	0.000000	0.000000	0.000000	0.000000	00.00	00.00	00.00	00.00	0000.000	0000.000	1000000.00	-3
LDF	12.695884	0.181960	51.020794	0.183597	0161112.3	0180870.7	04.25	01.99	-1
GLDF	00.00	25.87	0.000000	0.150000	0.000000	0.150001	00.00	82.61	00.00	01.41	0161112.3	0000001.4	04.25	1000000.00	-2
0574	02	00.00000	00.00000	01.83	05.11	01.13	33.54	-0.04
0574	02	04.75176	04.75676	05.46	03.44	01.13	33.54	-0.04
0575	04	06.48505	06.49504	11.48	06.38	01.13	35.27	-0.03
1075	01	12.08210	12.08710	02.31	03.46	09.78	35.47	-0.10
1072	01	09.30064	09.30563	01.47	01.72	09.86	30.29	00.00
0474	04	07.57607	07.58107	04.80	04.95	-0.59	33.51	-0.01
