RAW	190508	074552	761290	02
GEOM1	00.00	00.00	0.000000	0.000000	0.000000	0.000000	00.00	00.00	00.00	00.00	1000000.00	-3
GEOM2	00.00	00.00	0.000000	0.000000	0.000000	0.000000	00.00	00.00	00.00	00.00	0000.000	0000.000	1000000.00	-3
LDF	16.245908	0.124206	49.398659	0.124885	0314620.1	0136232.5	10.94	00.05	-1
GLDF	00.00	26.99	0.000000	0.150000	0.000000	0.150000	00.00	57.87	00.00	01.41	0314620.1	0000001.4	10.94	1000000.00	-2
0774	03	02.38396	02.37396	04.16	04.51	04.56	33.62	-0.05
0674	04	00.00000	00.00000	05.11	04.94	02.84	33.58	-0.04
0777	01	07.97251	07.97251	01.47	04.07	04.48	38.84	-0.02
0473	01	01.08297	01.07798	02.08	00.94	-0.52	31.76	-0.03
0773	04	00.86412	00.85913	05.49	06.26	04.63	31.89	-0.04
