RAW	190504	152639	238593	02
GEOM1	00.00	00.00	0.000000	0.000000	0.000000	0.000000	00.00	00.00	00.00	00.00	1000000.00	-3
GEOM2	00.00	00.00	0.000000	0.000000	0.000000	0.000000	00.00	00.00	00.00	00.00	0000.000	0000.000	1000000.00	-3
LDF	19.435525	0.080964	48.416016	0.150680	0033929.4	0016926.4	00.79	00.29	-1
GLDF	00.00	29.09	0.000000	0.150000	0.000000	0.150000	00.00	58.18	00.00	01.41	0033929.4	0000001.4	00.79	1000000.00	-2
0873	04	04.90451	04.90451	05.17	05.06	06.42	31.99	-0.03
0973	04	04.45121	04.45121	03.67	03.94	08.07	31.96	-0.03
1075	01	07.75566	07.75566	00.45	00.90	09.78	35.47	-0.10
0776	01	00.00000	00.00000	00.84	00.77	04.49	37.09	-0.04
1076	01	09.52740	09.52241	00.55	00.88	09.70	37.20	-0.12
0974	02	01.94834	01.95333	17.09	05.41	08.06	33.70	-0.06
