RAW	190503	020541	936420	01
GEOM1	00.00	00.00	0.000000	0.000000	0.000000	0.000000	00.00	00.00	00.00	00.00	1000000.00	-4
GEOM2	00.00	00.00	0.000000	0.000000	0.000000	0.000000	00.00	00.00	00.00	00.00	0000.000	0000.000	1000000.00	-4
LDF	16.728360	0.067063	55.279400	0.157818	0000001.0	0032127.3	02.35	1000000.00	-3
GLDF	00.00	44.24	0.000000	0.150000	0.000000	0.150000	00.00	105.77	00.00	01.41	0000001.0	0000001.4	00.00	1000000.00	-4
0777	04	07.71349	07.71849	05.34	06.26	04.48	38.84	-0.02
0977	01	11.13314	11.13314	02.06	01.05	07.92	38.89	-0.09
0776	02	05.39909	05.39909	05.78	06.36	04.49	37.09	-0.04
0775	02	07.81223	07.81223	16.16	14.63	04.56	35.35	-0.05
0473	01	00.00000	00.00000	02.77	02.10	-0.52	31.76	-0.03
0475	01	12.21573	12.21573	01.98	01.41	-0.66	35.24	-0.01
