RAW	190515	135235	758370	03
GEOM1	01.84	00.11	13.338630	0.148031	51.717184	0.129715	47.50	02.58	02.37	25.78	01.20	-2
GEOM2	01.85	00.04	13.354561	0.049364	51.718846	0.113112	53.23	41.48	20.35	89.07	0004.302	0002.521	00.00	-3
LDF	13.467016	0.123958	51.839523	0.151423	0030390.9	0011825.2	25.03	01.25	-1
GLDF	01.83	00.07	13.335366	0.091125	51.716843	0.122211	47.48	02.07	02.37	21.19	0033778.8	0016992.9	17.24	01.78	-1
0575	01	01.19422	01.19422	01.30	00.73	01.13	35.27	-0.03
0575	04	01.87875	01.87875	08.37	04.30	01.13	35.27	-0.03
0675	04	03.27828	03.27828	08.10	10.34	02.84	35.32	-0.04
0978	01	00.00000	00.00000	03.88	01.44	07.91	40.63	-0.05
0776	03	01.06906	01.07406	02.74	00.72	04.49	37.09	-0.04
0475	04	00.63624	00.64124	12.57	05.52	-0.66	35.24	-0.01
