RAW	190508	144138	215917	02
GEOM1	00.00	00.00	0.000000	0.000000	0.000000	0.000000	00.00	00.00	00.00	00.00	1000000.00	-3
GEOM2	00.00	00.00	0.000000	0.000000	0.000000	0.000000	00.00	00.00	00.00	00.00	0000.000	0000.000	1000000.00	-3
LDF	16.006487	0.115006	50.826813	0.112827	0787272.6	0191340.6	29.86	00.03	-1
GLDF	00.00	20.53	0.000000	0.150000	0.000000	0.150000	00.00	51.90	00.00	01.41	0787272.6	0000001.4	29.86	1000000.00	-2
0774	03	00.00000	00.00000	02.98	02.70	04.56	33.62	-0.05
0674	04	01.91864	01.91864	14.75	17.87	02.84	33.58	-0.04
0675	01	00.23244	00.22745	01.40	01.16	02.84	35.32	-0.04
0878	01	01.02180	01.02680	01.48	00.67	06.34	40.13	-0.02
0775	04	00.03020	00.03020	18.32	12.17	04.56	35.35	-0.05
