RAW	190510	031233	958691	02
GEOM1	00.00	00.00	0.000000	0.000000	0.000000	0.000000	00.00	00.00	00.00	00.00	1000000.00	-3
GEOM2	00.00	00.00	0.000000	0.000000	0.000000	0.000000	00.00	00.00	00.00	00.00	0000.000	0000.000	1000000.00	-3
LDF	15.906059	0.149987	50.720229	0.182506	0105369.5	0105642.5	02.63	03.21	-1
GLDF	02.37	 -nan	16.676745	  -nan	51.997317	  -nan	89.63	 -nan	179.36	 -nan	16622554092.4	      nan	  inf	1000000.00	-2
0774	04	01.58342	01.57843	02.70	02.57	04.56	33.62	-0.05
0674	03	00.00000	00.00000	11.65	09.09	02.84	33.58	-0.04
0775	04	02.76660	02.76660	07.77	06.58	04.56	35.35	-0.05
0975	01	02.69894	02.69894	01.20	00.76	07.99	35.38	-0.08
0475	01	04.77784	04.77784	00.68	00.41	-0.66	35.24	-0.01
