RAW	190516	144515	663750	01
GEOM1	00.00	00.00	0.000000	0.000000	0.000000	0.000000	00.00	00.00	00.00	00.00	1000000.00	-4
GEOM2	00.00	00.00	0.000000	0.000000	0.000000	0.000000	00.00	00.00	00.00	00.00	0000.000	0000.000	1000000.00	-4
LDF	16.949040	0.151812	46.672700	0.102180	0000001.0	0024735.4	01.03	1000000.00	-3
GLDF	00.00	41.30	0.000000	0.150000	0.000000	0.150000	00.00	84.69	00.00	01.41	0000001.0	0000001.4	00.00	1000000.00	-4
0772	04	02.52182	02.52681	03.29	03.56	04.71	30.23	-0.02
0774	02	02.57521	02.57521	03.91	05.87	04.56	33.62	-0.05
0774	02	05.61813	05.62313	01.78	01.24	04.56	33.62	-0.05
0773	02	00.00000	00.00000	07.84	06.62	04.63	31.89	-0.04
0773	01	06.56552	06.57551	00.31	00.39	04.63	31.89	-0.04
