RAW	190517	125027	123582	02
GEOM1	00.00	00.00	0.000000	0.000000	0.000000	0.000000	00.00	00.00	00.00	00.00	1000000.00	-3
GEOM2	00.00	00.00	0.000000	0.000000	0.000000	0.000000	00.00	00.00	00.00	00.00	0000.000	0000.000	1000000.00	-3
LDF	16.205166	0.196080	47.294305	0.150723	0076780.4	0082638.2	02.07	02.16	-1
GLDF	00.00	26.54	0.000000	0.150000	0.000000	0.150001	00.00	66.93	00.00	01.41	0076780.4	0000001.4	02.07	1000000.00	-2
0772	04	06.63876	06.63876	03.07	04.58	04.71	30.23	-0.02
0878	01	07.73817	07.74317	02.11	01.34	06.34	40.13	-0.02
0973	01	00.00000	00.00000	01.94	01.60	08.07	31.96	-0.03
0776	01	03.22989	03.23488	01.72	01.23	04.49	37.09	-0.04
0473	01	00.46300	00.46300	02.39	03.65	-0.52	31.76	-0.03
0773	03	04.83174	04.83673	05.63	06.16	04.63	31.89	-0.04
0672	04	06.36414	06.36414	05.71	04.87	02.92	30.12	-0.04
