RAW	190530	012617	723444	02
GEOM1	00.00	00.00	0.000000	0.000000	0.000000	0.000000	00.00	00.00	00.00	00.00	1000000.00	-3
GEOM2	00.00	00.00	0.000000	0.000000	0.000000	0.000000	00.00	00.00	00.00	00.00	0000.000	0000.000	1000000.00	-3
LDF	19.401250	0.076156	50.116445	0.150600	0049202.8	0021943.8	01.43	00.28	-1
GLDF	00.00	28.84	0.000000	0.150000	0.000000	0.150000	00.00	53.21	00.00	01.41	0049202.8	0000001.4	01.43	1000000.00	-2
0774	02	02.84370	02.84370	04.79	03.00	04.56	33.62	-0.05
0874	04	00.62538	00.62038	06.63	05.48	06.35	33.66	-0.06
0974	04	00.70449	00.70449	04.18	04.99	08.06	33.70	-0.06
0975	01	04.00810	03.99810	00.81	01.12	07.99	35.38	-0.08
0972	01	00.00000	00.00000	01.15	01.79	08.14	30.22	00.02
