RAW	190529	082508	687738	02
GEOM1	00.00	00.00	0.000000	0.000000	0.000000	0.000000	00.00	00.00	00.00	00.00	1000000.00	-3
GEOM2	00.00	00.00	0.000000	0.000000	0.000000	0.000000	00.00	00.00	00.00	00.00	0000.000	0000.000	1000000.00	-3
LDF	16.542132	0.155084	48.839974	0.150624	0198061.3	0172077.8	05.73	01.96	-1
GLDF	00.00	30.72	0.000000	0.150000	0.000000	0.150000	00.00	66.37	00.00	01.41	0198061.3	0000001.4	05.73	1000000.00	-2
0774	04	03.67229	03.67729	03.88	02.87	04.56	33.62	-0.05
0674	04	02.88099	02.88599	03.87	04.73	02.84	33.58	-0.04
0674	01	07.03816	07.04316	01.41	00.91	02.84	33.58	-0.04
0773	03	01.64793	01.64793	08.59	26.19	04.63	31.89	-0.04
0475	01	00.00000	00.00000	01.90	01.80	-0.66	35.24	-0.01
