RAW	190509	224534	039426	02
GEOM1	00.00	00.00	0.000000	0.000000	0.000000	0.000000	00.00	00.00	00.00	00.00	1000000.00	-3
GEOM2	00.00	00.00	0.000000	0.000000	0.000000	0.000000	00.00	00.00	00.00	00.00	0000.000	0000.000	1000000.00	-3
LDF	16.802845	0.150732	50.974971	0.070422	0062820.5	0025278.4	01.79	00.36	-1
GLDF	00.00	27.04	0.000000	0.150000	0.000000	0.150000	00.00	62.96	00.00	01.41	0062820.5	0000001.4	01.79	1000000.00	-2
0774	04	05.00239	05.00239	05.57	05.59	04.56	33.62	-0.05
0576	01	00.00000	00.00000	01.39	00.65	01.05	37.01	-0.02
0775	04	04.07162	04.07162	07.38	07.71	04.56	35.35	-0.05
0773	02	01.72031	01.72031	06.36	06.58	04.63	31.89	-0.04
0872	01	10.29174	10.29174	01.32	01.45	06.35	30.23	00.01
