RAW	190528	063939	840796	03
GEOM1	04.70	00.15	14.780489	0.150127	53.502617	0.150591	88.04	23.93	92.52	00.77	00.00	-2
GEOM2	04.70	00.07	14.780528	0.149469	53.502555	0.142868	11.14	223.76	98.06	127.63	0000.007	0003.915	00.00	-3
LDF	14.803031	0.000000	54.011290	0.000000	-000000.0	0000000.0	  nan	1000000.00	-1
GLDF	04.70	00.00	14.803097	0.000000	53.604506	0.000000	88.03	00.00	106.90	00.00	-000000.0	0000000.0	  nan	1000000.00	-1
0576	04	04.74612	04.74612	09.06	09.92	01.05	37.01	-0.02
0674	01	00.00000	00.00000	02.41	02.26	02.84	33.58	-0.04
0873	01	06.27940	06.28439	01.91	00.91	06.42	31.99	-0.03
0776	04	04.68964	04.69464	07.19	04.65	04.49	37.09	-0.04
0676	04	04.72362	04.72362	16.63	05.13	02.77	37.09	-0.03
