RAW	190505	031158	620153	02
GEOM1	00.00	00.00	0.000000	0.000000	0.000000	0.000000	00.00	00.00	00.00	00.00	1000000.00	-3
GEOM2	00.00	00.00	0.000000	0.000000	0.000000	0.000000	00.00	00.00	00.00	00.00	0000.000	0000.000	1000000.00	-3
LDF	15.403404	0.150004	49.722160	0.149997	1808398.6	1438589.1	74.24	00.00	-2
GLDF	00.00	23.61	0.000000	0.150000	0.000000	0.150000	00.00	58.63	00.00	01.41	1808398.6	0000001.4	74.24	1000000.00	-2
0673	02	00.00000	00.00000	04.63	06.64	02.92	31.83	-0.04
0674	04	02.37609	02.37609	19.13	12.53	02.84	33.58	-0.04
0977	01	06.74088	06.73589	01.27	01.98	07.92	38.89	-0.09
0877	01	04.53047	04.53047	02.15	01.23	06.20	38.86	-0.05
0773	04	03.21969	03.22469	02.96	03.84	04.63	31.89	-0.04
