RAW	190509	022415	444525	03
GEOM1	00.74	00.15	17.368584	0.135056	49.111525	0.148979	89.26	05.82	94.84	00.81	00.44	-2
GEOM2	00.73	00.25	17.337113	0.148633	49.109607	0.149883	89.70	22.77	95.00	10.09	0000.921	0011.339	00.03	-3
LDF	17.334222	  -nan	49.108662	  -nan	0000001.0	      nan	5825424346709845506738040284336940299997366296572320879448946286692901809581602105311575925613476718428824045584924663814560276373331919107602251776.00	1000000.00	00
GLDF	00.74	 -nan	17.368584	  -nan	49.111525	  -nan	89.26	 -nan	94.84	 -nan	0000001.0	      nan	5825424346709845506738040284336940299997366296572320879448946286692901809581602105311575925613476718428824045584924663814560276373331919107602251776.00	1000000.00	00
0774	04	01.73663	01.74163	04.19	02.10	04.56	33.62	-0.05
0472	01	07.30335	07.30834	01.15	01.44	-0.52	30.05	-0.03
0574	01	06.55389	06.55389	01.20	01.37	01.13	33.54	-0.04
0874	04	01.63629	01.64129	04.54	05.59	06.35	33.66	-0.06
0573	01	05.83933	05.84433	04.57	01.65	01.13	31.81	-0.04
0773	04	00.00000	00.00000	11.23	09.31	04.63	31.89	-0.04
