RAW	190529	034338	172309	02
GEOM1	00.00	00.00	0.000000	0.000000	0.000000	0.000000	00.00	00.00	00.00	00.00	1000000.00	-3
GEOM2	00.00	00.00	0.000000	0.000000	0.000000	0.000000	00.00	00.00	00.00	00.00	0000.000	0000.000	1000000.00	-3
LDF	20.156931	0.149994	56.950806	0.149947	0897562.5	0660380.0	34.47	00.00	-2
GLDF	00.00	20.44	0.000000	0.150000	0.000000	0.150000	00.00	43.87	00.00	01.41	0897562.5	0000001.4	34.47	1000000.00	-2
0372	01	00.78520	00.78020	01.55	01.49	-2.24	30.01	-0.01
0977	04	00.95286	00.94786	04.49	05.47	07.92	38.89	-0.09
0978	04	00.00000	00.00000	83.34	53.68	07.91	40.63	-0.05
0878	02	03.04961	03.04462	07.11	03.80	06.34	40.13	-0.02
0672	01	08.17674	08.17674	01.60	00.91	02.92	30.12	-0.04
