RAW	190529	062732	806699	02
GEOM1	00.00	00.00	0.000000	0.000000	0.000000	0.000000	00.00	00.00	00.00	00.00	1000000.00	-3
GEOM2	00.00	00.00	0.000000	0.000000	0.000000	0.000000	00.00	00.00	00.00	00.00	0000.000	0000.000	1000000.00	-3
LDF	13.008408	0.150000	49.681610	0.149969	0523214.3	0407383.0	19.09	00.00	-2
GLDF	00.00	22.24	0.000000	0.150000	0.000000	0.150000	00.00	63.23	00.00	01.41	0523214.3	0000001.4	19.09	1000000.00	-2
0574	04	02.28237	02.28237	13.98	19.41	01.13	33.54	-0.04
0975	01	07.14569	07.14569	01.94	01.81	07.99	35.38	-0.08
1073	01	02.39317	02.39317	01.23	01.08	09.86	32.00	-0.03
1072	01	08.55380	08.55879	05.96	02.93	09.86	30.29	00.00
0573	04	02.36236	02.36236	04.38	04.81	01.13	31.81	-0.04
0474	03	00.00000	00.00000	05.68	05.69	-0.59	33.51	-0.01
