RAW	190517	151755	351538	02
GEOM1	00.00	00.00	0.000000	0.000000	0.000000	0.000000	00.00	00.00	00.00	00.00	1000000.00	-3
GEOM2	00.00	00.00	0.000000	0.000000	0.000000	0.000000	00.00	00.00	00.00	00.00	0000.000	0000.000	1000000.00	-3
LDF	16.195410	0.125394	50.588949	0.127399	0308827.0	0142238.9	10.72	00.09	-1
GLDF	00.00	28.81	0.000000	0.150000	0.000000	0.150000	00.00	61.85	00.00	01.41	0308827.0	0000001.4	10.72	1000000.00	-2
0774	03	00.00000	00.00000	05.59	04.52	04.56	33.62	-0.05
0674	04	01.89511	01.89011	05.53	05.68	02.84	33.58	-0.04
0675	02	03.64578	03.64079	01.57	02.26	02.84	35.32	-0.04
1076	01	02.97945	02.97446	03.05	01.75	09.70	37.20	-0.12
0775	04	00.67878	00.67878	04.69	04.46	04.56	35.35	-0.05
