RAW	190529	092512	448641	02
GEOM1	00.00	00.00	0.000000	0.000000	0.000000	0.000000	00.00	00.00	00.00	00.00	1000000.00	-3
GEOM2	00.00	00.00	0.000000	0.000000	0.000000	0.000000	00.00	00.00	00.00	00.00	0000.000	0000.000	1000000.00	-3
LDF	16.728930	0.150675	54.448615	0.057958	0102153.7	0032318.3	02.56	00.38	-1
GLDF	00.00	26.03	0.000000	0.150000	0.000000	0.150000	00.00	60.19	00.00	01.41	0102153.7	0000001.4	02.56	1000000.00	-2
0575	01	00.68410	00.68909	02.62	02.64	01.13	35.27	-0.03
0777	04	02.69365	02.69365	10.92	12.13	04.48	38.84	-0.02
0876	02	05.28303	05.28803	03.83	04.18	06.27	37.12	-0.05
0874	01	00.00000	00.00000	00.92	00.96	06.35	33.66	-0.06
0776	04	02.71037	02.71037	11.63	05.48	04.49	37.09	-0.04
0974	01	09.60998	09.60998	01.18	01.21	08.06	33.70	-0.06
0473	01	06.68810	06.68810	01.40	01.90	-0.52	31.76	-0.03
