RAW	190520	135219	491451	02
GEOM1	00.00	00.00	0.000000	0.000000	0.000000	0.000000	00.00	00.00	00.00	00.00	1000000.00	-3
GEOM2	00.00	00.00	0.000000	0.000000	0.000000	0.000000	00.00	00.00	00.00	00.00	0000.000	0000.000	1000000.00	-3
LDF	17.189435	0.150040	53.537613	0.150000	0270366.4	0229590.7	09.07	00.00	-2
GLDF	00.00	28.26	0.000000	0.150000	0.000000	0.150000	00.00	57.76	00.00	01.41	0270366.4	0000001.4	09.07	1000000.00	-2
0876	04	00.84152	00.84152	03.23	04.52	06.27	37.12	-0.05
0776	04	00.60624	00.60624	13.29	09.09	04.49	37.09	-0.04
0775	02	03.33380	03.33380	14.39	12.61	04.56	35.35	-0.05
1072	01	09.79452	09.79952	03.21	01.59	09.86	30.29	00.00
0872	01	00.00000	00.00000	01.30	01.08	06.35	30.23	00.01
