RAW	190511	035607	047939	02
GEOM1	00.00	00.00	0.000000	0.000000	0.000000	0.000000	00.00	00.00	00.00	00.00	1000000.00	-3
GEOM2	00.00	00.00	0.000000	0.000000	0.000000	0.000000	00.00	00.00	00.00	00.00	0000.000	0000.000	1000000.00	-3
LDF	17.874890	0.053475	46.673600	0.154794	0119544.6	0037703.6	02.97	02.37	-1
GLDF	00.00	18.21	0.000000	0.150000	0.000000	0.150001	00.00	52.93	00.00	01.41	0119544.6	0000001.4	02.97	1000000.00	-2
0772	04	08.10973	08.10973	10.13	11.48	04.71	30.23	-0.02
0575	01	00.00000	00.00000	01.95	01.30	01.13	35.27	-0.03
0575	01	04.01725	04.01725	02.79	02.72	01.13	35.27	-0.03
0777	01	10.09474	10.09474	02.92	02.36	04.48	38.84	-0.02
0977	01	04.39662	04.39163	00.54	00.90	07.92	38.89	-0.09
0773	02	04.71349	04.71349	03.47	05.80	04.63	31.89	-0.04
0872	04	07.23679	07.23679	26.72	22.53	06.35	30.23	00.01
