RAW	190509	200343	915764	02
GEOM1	00.00	00.00	0.000000	0.000000	0.000000	0.000000	00.00	00.00	00.00	00.00	1000000.00	-3
GEOM2	00.00	00.00	0.000000	0.000000	0.000000	0.000000	00.00	00.00	00.00	00.00	0000.000	0000.000	1000000.00	-3
LDF	15.654658	0.118825	48.755495	0.126776	0562301.9	0225567.6	20.66	00.08	-1
GLDF	00.00	24.20	0.000000	0.150000	0.000000	0.150001	00.00	68.73	00.00	01.41	0562301.9	0000001.4	20.66	1000000.00	-2
0673	03	06.83681	06.83681	15.35	08.60	02.92	31.83	-0.04
0674	02	04.25750	04.25750	01.88	02.33	02.84	33.58	-0.04
0674	04	07.34540	07.34540	06.77	07.22	02.84	33.58	-0.04
0878	01	00.00000	00.00000	01.24	01.01	06.34	40.13	-0.02
0776	01	08.89307	08.89307	01.46	02.21	04.49	37.09	-0.04
1076	01	12.61717	12.62217	01.92	01.11	09.70	37.20	-0.12
0773	04	08.93418	08.93918	08.72	08.66	04.63	31.89	-0.04
