RAW	190506	095106	722138	02
GEOM1	00.00	00.00	0.000000	0.000000	0.000000	0.000000	00.00	00.00	00.00	00.00	1000000.00	-3
GEOM2	00.00	00.00	0.000000	0.000000	0.000000	0.000000	00.00	00.00	00.00	00.00	0000.000	0000.000	1000000.00	-3
LDF	12.712028	0.114328	46.539075	0.153793	0050689.5	0036156.5	01.48	01.58	-1
GLDF	00.00	22.69	0.000000	0.150000	0.000000	0.150001	00.00	76.50	00.00	01.41	0050689.5	0000001.4	01.48	1000000.00	-2
0372	02	05.11591	05.11091	02.69	03.06	-2.24	30.01	-0.01
0372	01	12.50089	12.50089	01.02	00.92	-2.24	30.01	-0.01
0472	04	06.85038	06.85538	04.80	04.66	-0.52	30.05	-0.03
0972	01	00.00000	00.00000	00.83	00.89	08.14	30.22	00.02
0572	04	07.16870	07.16870	12.12	06.62	01.20	30.14	-0.04
