RAW	190522	203635	490711	02
GEOM1	00.00	00.00	0.000000	0.000000	0.000000	0.000000	00.00	00.00	00.00	00.00	1000000.00	-3
GEOM2	00.00	00.00	0.000000	0.000000	0.000000	0.000000	00.00	00.00	00.00	00.00	0000.000	0000.000	1000000.00	-3
LDF	15.572768	0.159734	49.204593	0.157791	0175980.9	0151601.5	04.82	01.07	-1
GLDF	00.00	26.77	0.000000	0.150000	0.000000	0.150000	00.00	59.19	00.00	01.41	0175980.9	0000001.4	04.82	1000000.00	-2
0774	04	00.00000	00.00000	04.54	02.50	04.56	33.62	-0.05
0576	01	05.07810	05.08310	01.37	00.87	01.05	37.01	-0.02
0673	04	01.96394	01.96394	10.33	05.06	02.92	31.83	-0.04
0674	03	02.43819	02.43819	03.70	04.07	02.84	33.58	-0.04
0575	01	01.60494	01.60494	01.39	01.17	01.13	35.27	-0.03
