RAW	190528	153033	147551	02
GEOM1	00.00	00.00	0.000000	0.000000	0.000000	0.000000	00.00	00.00	00.00	00.00	1000000.00	-3
GEOM2	00.00	00.00	0.000000	0.000000	0.000000	0.000000	00.00	00.00	00.00	00.00	0000.000	0000.000	1000000.00	-3
LDF	19.528281	0.124781	47.541367	0.122953	0236863.3	0100754.1	07.51	00.00	-1
GLDF	00.00	27.89	0.000000	0.150000	0.000000	0.150000	00.00	50.74	00.00	01.41	0236863.3	0000001.4	07.51	1000000.00	-2
0574	01	05.31539	05.31539	01.62	01.40	01.13	33.54	-0.04
0873	04	00.29684	00.30184	03.88	05.53	06.42	31.99	-0.03
0873	02	05.26843	05.26843	01.69	01.11	06.42	31.99	-0.03
0972	04	00.00000	00.00000	05.12	04.46	08.14	30.22	00.02
0872	02	02.79136	02.79136	04.03	05.84	06.35	30.23	00.01
