RAW	190525	092706	860585	02
GEOM1	00.00	00.00	0.000000	0.000000	0.000000	0.000000	00.00	00.00	00.00	00.00	1000000.00	-3
GEOM2	00.00	00.00	0.000000	0.000000	0.000000	0.000000	00.00	00.00	00.00	00.00	0000.000	0000.000	1000000.00	-3
LDF	17.391798	0.131599	49.457586	0.126016	0270413.9	0135119.8	09.07	00.12	-1
GLDF	00.00	29.15	0.000000	0.150000	0.000000	0.150000	00.00	58.05	00.00	01.41	0270413.9	0000001.4	09.07	1000000.00	-2
0774	03	03.13870	03.13371	03.84	04.88	04.56	33.62	-0.05
0777	01	03.05726	03.05226	01.01	01.50	04.48	38.84	-0.02
0878	01	00.00000	00.00000	04.38	02.48	06.34	40.13	-0.02
0874	04	00.82151	00.82151	04.24	03.67	06.35	33.66	-0.06
0773	04	02.62097	02.62597	05.67	04.15	04.63	31.89	-0.04
