RAW	190502	094449	678338	02
GEOM1	00.00	00.00	0.000000	0.000000	0.000000	0.000000	00.00	00.00	00.00	00.00	1000000.00	-3
GEOM2	00.00	00.00	0.000000	0.000000	0.000000	0.000000	00.00	00.00	00.00	00.00	0000.000	0000.000	1000000.00	-3
LDF	18.993782	0.152872	54.799951	0.176737	0034369.9	0039426.9	00.81	01.82	-1
GLDF	00.00	32.59	0.000000	0.150000	0.000000	0.150000	00.00	64.88	00.00	01.41	0034369.9	0000001.4	00.81	1000000.00	-2
0674	01	01.06336	01.06336	01.72	01.96	02.84	33.58	-0.04
0675	01	01.75944	01.75944	01.59	01.25	02.84	35.32	-0.04
0777	01	00.00000	00.00000	01.07	01.70	04.48	38.84	-0.02
0977	03	02.34383	02.34383	03.42	05.19	07.92	38.89	-0.09
0876	04	04.69239	04.69239	04.44	03.29	06.27	37.12	-0.05
0877	04	04.26289	04.26289	07.02	05.38	06.20	38.86	-0.05
