RAW	190528	082154	727498	02
GEOM1	00.00	00.00	0.000000	0.000000	0.000000	0.000000	00.00	00.00	00.00	00.00	1000000.00	-3
GEOM2	00.00	00.00	0.000000	0.000000	0.000000	0.000000	00.00	00.00	00.00	00.00	0000.000	0000.000	1000000.00	-3
LDF	15.970264	0.154330	50.040959	0.150525	0210245.8	0174553.1	06.28	02.80	-1
GLDF	00.00	22.37	0.000000	0.150000	0.000000	0.150000	00.00	52.38	00.00	01.41	0210245.8	0000001.4	06.28	1000000.00	-2
0774	03	01.53678	01.53678	03.93	04.09	04.56	33.62	-0.05
0674	04	00.69784	00.69784	30.81	07.20	02.84	33.58	-0.04
0978	01	07.74243	07.74243	01.50	02.12	07.91	40.63	-0.05
0876	01	02.18836	02.18836	01.74	01.03	06.27	37.12	-0.05
0874	04	00.00000	00.00000	05.96	04.10	06.35	33.66	-0.06
