RAW	190501	090304	498351	02
GEOM1	00.00	00.00	0.000000	0.000000	0.000000	0.000000	00.00	00.00	00.00	00.00	1000000.00	-3
GEOM2	00.00	00.00	0.000000	0.000000	0.000000	0.000000	00.00	00.00	00.00	00.00	0000.000	0000.000	1000000.00	-3
LDF	12.398554	0.150498	47.806713	0.158824	0090231.3	0086463.3	02.32	01.93	-1
GLDF	00.00	28.31	0.000000	0.150000	0.000000	0.150001	00.00	79.70	00.00	01.41	0090231.3	0000001.4	02.32	1000000.00	-2
0574	01	00.00000	00.00000	01.69	00.77	01.13	33.54	-0.04
0573	04	07.94791	07.94791	03.18	03.04	01.13	31.81	-0.04
0474	01	03.09168	03.09667	01.18	00.81	-0.59	33.51	-0.01
0473	03	05.36737	05.36737	14.20	07.06	-0.52	31.76	-0.03
0572	04	06.31732	06.31232	03.92	04.41	01.20	30.14	-0.04
