RAW	190510	062730	229183	02
GEOM1	00.00	00.00	0.000000	0.000000	0.000000	0.000000	00.00	00.00	00.00	00.00	1000000.00	-3
GEOM2	00.00	00.00	0.000000	0.000000	0.000000	0.000000	00.00	00.00	00.00	00.00	0000.000	0000.000	1000000.00	-3
LDF	14.337285	0.127389	49.058829	0.129517	0290004.6	0136822.8	09.94	00.76	-1
GLDF	00.00	25.21	0.000000	0.150000	0.000000	0.150001	00.00	72.53	00.00	01.41	0290004.6	0000001.4	09.94	1000000.00	-2
0574	04	06.75172	06.75671	05.99	04.86	01.13	33.54	-0.04
0576	01	00.00000	00.00000	01.23	02.02	01.05	37.01	-0.02
0673	04	06.63330	06.63830	10.12	05.01	02.92	31.83	-0.04
0878	01	00.18943	00.19442	02.22	04.20	06.34	40.13	-0.02
0573	02	09.20899	09.21398	05.66	05.25	01.13	31.81	-0.04
