RAW	190504	063722	145848	02
GEOM1	00.00	00.00	0.000000	0.000000	0.000000	0.000000	00.00	00.00	00.00	00.00	1000000.00	-3
GEOM2	00.00	00.00	0.000000	0.000000	0.000000	0.000000	00.00	00.00	00.00	00.00	0000.000	0000.000	1000000.00	-3
LDF	15.761278	0.166608	51.092381	0.166498	0084909.9	0090195.9	02.22	01.15	-1
GLDF	00.00	31.21	0.000000	0.150000	0.000000	0.150000	00.00	69.52	00.00	01.41	0084909.9	0000001.4	02.22	1000000.00	-2
0774	04	04.61540	04.62039	03.30	02.63	04.56	33.62	-0.05
0674	02	02.43813	02.43813	08.01	09.57	02.84	33.58	-0.04
0675	04	04.53895	04.53895	04.52	05.64	02.84	35.32	-0.04
0878	01	00.00000	00.00000	01.65	01.71	06.34	40.13	-0.02
0773	01	09.00801	09.00301	00.29	00.48	04.63	31.89	-0.04
