RAW	190516	071919	782331	03
GEOM1	04.26	00.12	14.416244	0.149994	47.106800	0.150013	53.26	02.53	247.27	03.16	00.00	-2
GEOM2	04.27	00.45	14.416245	0.149157	47.106860	0.146477	53.53	04.73	247.50	08.84	0001.300	0021.393	00.00	-3
LDF	14.372400	0.087492	47.100756	0.126468	0003262.2	0000986.8	05.10	00.13	00
GLDF	04.28	00.10	14.368015	0.074583	47.098493	0.121254	53.23	02.16	246.96	02.58	0003271.4	0001629.0	05.14	00.15	00
0673	04	03.23191	03.23191	05.35	06.82	02.92	31.83	-0.04
0876	01	00.00000	00.00000	01.19	01.36	06.27	37.12	-0.05
0573	02	07.73196	07.73196	01.16	02.20	01.13	31.81	-0.04
0672	04	04.50604	04.51104	06.12	03.65	02.92	30.12	-0.04
0572	04	05.00942	05.00942	07.76	08.98	01.20	30.14	-0.04
