RAW	190502	215129	810913	02
GEOM1	00.00	00.00	0.000000	0.000000	0.000000	0.000000	00.00	00.00	00.00	00.00	1000000.00	-3
GEOM2	00.00	00.00	0.000000	0.000000	0.000000	0.000000	00.00	00.00	00.00	00.00	0000.000	0000.000	1000000.00	-3
LDF	11.340566	0.149452	47.448876	0.077342	0087834.3	0042943.2	02.27	00.01	-1
GLDF	00.00	23.49	0.000000	0.150000	0.000000	0.150001	00.00	78.48	00.00	01.41	0087834.3	0000001.4	02.27	1000000.00	-2
0372	03	03.78631	03.78631	02.85	05.12	-2.24	30.01	-0.01
0472	02	00.00000	00.00000	02.54	01.79	-0.52	30.05	-0.03
0472	04	06.30569	06.30569	04.72	02.94	-0.52	30.05	-0.03
0675	01	09.67322	09.66822	01.24	00.97	02.84	35.32	-0.04
0473	04	05.04344	05.04344	08.91	11.04	-0.52	31.76	-0.03
