RAW	190525	100735	475085	03
GEOM1	08.31	00.10	19.997589	0.150010	54.879104	0.150777	40.60	03.43	57.63	08.84	00.00	-2
GEOM2	08.34	00.15	19.997561	0.144540	54.879076	0.136924	36.11	21.30	58.69	15.19	0000.335	0010.932	00.00	-3
LDF	19.958365	0.149001	54.898695	0.147592	0050146.6	0032028.9	07.58	00.57	-1
GLDF	08.31	00.10	19.947458	0.147082	54.906445	0.146308	41.01	02.68	56.64	07.04	0050243.7	0030621.7	09.45	00.77	-1
0673	01	06.98693	06.98693	01.93	03.65	02.92	31.83	-0.04
0977	04	08.68914	08.69413	45.34	07.01	07.92	38.89	-0.09
0876	04	07.29372	07.29372	04.25	03.15	06.27	37.12	-0.05
0976	04	07.85517	07.86017	06.49	04.25	07.99	37.16	-0.09
0975	02	00.00000	00.00000	01.25	01.64	07.99	35.38	-0.08
