RAW	190515	021756	891239	04
GEOM1	07.67	00.14	18.611536	0.147613	49.622552	0.147936	62.03	01.39	340.91	02.13	03.18	-1
GEOM2	07.60	00.17	18.647519	0.150029	49.671633	0.150040	61.83	03.16	343.58	05.92	0006.742	0005.926	00.00	-2
LDF	18.657847	0.123051	49.671967	0.123975	0001035.3	0000253.3	26.75	00.01	00
GLDF	07.68	00.11	18.631468	0.115316	49.627906	0.116512	62.04	01.14	341.03	01.68	0001007.6	0000492.9	26.16	04.85	01
0774	04	06.08843	06.08843	12.90	15.68	04.56	33.62	-0.05
0973	02	00.00000	00.00000	01.22	02.30	08.07	31.96	-0.03
0973	04	09.49370	09.49370	10.29	06.47	08.07	31.96	-0.03
0874	04	07.54493	07.54493	03.80	03.65	06.35	33.66	-0.06
0974	04	09.08404	09.08404	10.14	05.09	08.06	33.70	-0.06
0672	01	09.35636	09.35636	01.59	00.79	02.92	30.12	-0.04
