RAW	190529	051913	925385	02
GEOM1	00.00	00.00	0.000000	0.000000	0.000000	0.000000	00.00	00.00	00.00	00.00	1000000.00	-3
GEOM2	00.00	00.00	0.000000	0.000000	0.000000	0.000000	00.00	00.00	00.00	00.00	0000.000	0000.000	1000000.00	-3
LDF	18.295373	0.149267	47.667657	0.071301	0112587.6	0049153.6	02.79	00.00	-1
GLDF	00.00	23.52	0.000000	0.150000	0.000000	0.150001	00.00	55.77	00.00	01.41	0112587.6	0000001.4	02.79	1000000.00	-2
0772	03	05.31888	05.31388	02.72	06.21	04.71	30.23	-0.02
0675	01	08.51778	08.51278	02.65	01.55	02.84	35.32	-0.04
0873	04	05.22557	05.22557	16.46	07.92	06.42	31.99	-0.03
0872	01	00.00000	00.00000	01.19	01.47	06.35	30.23	00.01
0872	04	06.59061	06.58561	04.64	05.34	06.35	30.23	00.01
