RAW	190501	024326	216623	03
GEOM1	03.06	00.11	17.610943	0.149987	47.739487	0.150003	39.19	03.38	196.81	06.39	00.00	-2
GEOM2	03.09	00.51	17.610991	0.147968	47.739516	0.149594	39.46	03.64	196.97	06.09	0001.300	0024.065	00.00	-3
LDF	17.716913	0.105847	47.612068	0.086352	0048040.1	0015050.4	07.28	02.11	00
GLDF	03.02	00.07	17.729086	0.092336	47.603900	0.070397	38.68	03.07	200.00	05.96	0051997.8	0022115.4	07.66	02.20	00
0772	04	03.73632	03.74131	11.53	09.80	04.71	30.23	-0.02
0674	02	00.00000	00.00000	01.46	01.46	02.84	33.58	-0.04
0978	01	01.38284	01.39283	00.79	00.53	07.91	40.63	-0.05
0873	04	02.37520	02.38519	15.21	06.94	06.42	31.99	-0.03
0776	01	06.96855	06.97355	01.33	01.24	04.49	37.09	-0.04
0773	04	03.48939	03.49439	07.85	04.71	04.63	31.89	-0.04
0872	01	00.18194	00.18693	01.03	01.16	06.35	30.23	00.01
0672	01	04.33328	04.33827	01.17	01.36	02.92	30.12	-0.04
