RAW	190517	230312	942876	01
GEOM1	00.00	00.00	0.000000	0.000000	0.000000	0.000000	00.00	00.00	00.00	00.00	1000000.00	-4
GEOM2	00.00	00.00	0.000000	0.000000	0.000000	0.000000	00.00	00.00	00.00	00.00	0000.000	0000.000	1000000.00	-4
LDF	11.653369	0.120506	49.947200	0.124063	0000001.0	0139421.7	12.95	1000000.00	-3
GLDF	00.00	33.31	0.000000	0.150000	0.000000	0.150000	00.00	94.03	00.00	01.41	0000001.0	0000001.4	00.00	1000000.00	-4
1076	01	00.08856	00.08357	01.49	01.33	09.70	37.20	-0.12
0676	01	02.79794	02.79295	00.90	00.79	02.77	37.09	-0.03
0972	01	01.74354	01.74354	01.76	00.64	08.14	30.22	00.02
0474	04	00.00000	00.00000	10.66	05.84	-0.59	33.51	-0.01
0473	02	03.12276	03.11777	06.82	04.56	-0.52	31.76	-0.03
0475	02	03.25318	03.24319	06.15	04.55	-0.66	35.24	-0.01
