RAW	190505	002423	823275	02
GEOM1	00.00	00.00	0.000000	0.000000	0.000000	0.000000	00.00	00.00	00.00	00.00	1000000.00	-3
GEOM2	00.00	00.00	0.000000	0.000000	0.000000	0.000000	00.00	00.00	00.00	00.00	0000.000	0000.000	1000000.00	-3
LDF	12.338409	0.141580	52.461141	0.140835	0225873.3	0145258.5	06.99	01.12	-1
GLDF	00.00	28.15	0.000000	0.150000	0.000000	0.150000	00.00	77.90	00.00	01.41	0225873.3	0000001.4	06.99	1000000.00	-2
0576	04	03.38118	03.38118	04.47	04.79	01.05	37.01	-0.02
0673	01	02.86591	02.86091	02.08	05.06	02.92	31.83	-0.04
0575	01	05.15578	05.15578	01.64	00.87	01.13	35.27	-0.03
0575	02	06.58480	06.58480	03.68	05.78	01.13	35.27	-0.03
0775	02	10.93340	10.93340	01.30	03.00	04.56	35.35	-0.05
0676	02	00.00000	00.00000	01.53	01.67	02.77	37.09	-0.03
0475	04	03.72768	03.72768	04.78	09.39	-0.66	35.24	-0.01
