RAW	190525	235327	455926	02
GEOM1	00.00	00.00	0.000000	0.000000	0.000000	0.000000	00.00	00.00	00.00	00.00	1000000.00	-3
GEOM2	00.00	00.00	0.000000	0.000000	0.000000	0.000000	00.00	00.00	00.00	00.00	0000.000	0000.000	1000000.00	-3
LDF	16.324977	0.150446	49.126472	0.104563	0108894.1	0063331.4	02.71	01.42	-1
GLDF	00.00	26.43	0.000000	0.150000	0.000000	0.150001	00.00	66.06	00.00	01.41	0108894.1	0000001.4	02.71	1000000.00	-2
0774	04	06.21802	06.21802	05.16	08.23	04.56	33.62	-0.05
0673	03	05.14117	05.14117	04.46	05.79	02.92	31.83	-0.04
1075	01	00.00000	00.00000	00.68	01.26	09.78	35.47	-0.10
1072	01	08.68481	08.68481	00.95	01.58	09.86	30.29	00.00
0773	04	07.69500	07.69500	05.61	05.20	04.63	31.89	-0.04
