RAW	190511	022637	136996	02
GEOM1	00.00	00.00	0.000000	0.000000	0.000000	0.000000	00.00	00.00	00.00	00.00	1000000.00	-3
GEOM2	00.00	00.00	0.000000	0.000000	0.000000	0.000000	00.00	00.00	00.00	00.00	-008.914	0004.788	1000000.00	-3
LDF	11.676042	0.148440	49.121382	0.063067	0074951.2	0025825.1	02.03	01.52	-1
GLDF	00.00	23.92	0.000000	0.150000	0.000000	0.150001	00.00	81.17	00.00	01.41	0074951.2	0000001.4	02.03	1000000.00	-2
0472	03	06.35001	06.35001	03.36	02.46	-0.52	30.05	-0.03
0874	01	00.00000	00.00000	00.50	00.67	06.35	33.66	-0.06
0474	01	00.55062	00.55062	00.84	00.68	-0.59	33.51	-0.01
0474	04	05.63214	05.63214	07.25	14.08	-0.59	33.51	-0.01
0473	04	06.37576	06.37576	03.92	05.16	-0.52	31.76	-0.03
0872	01	09.99613	09.99613	01.98	02.65	06.35	30.23	00.01
