RAW	190528	130141	292557	03
GEOM1	00.29	00.12	18.339966	0.150056	49.014883	0.149998	44.27	07.64	161.77	04.27	00.00	-2
GEOM2	00.34	00.35	18.340007	0.144132	49.014865	0.149071	49.03	30.72	161.67	05.07	0000.689	0014.722	00.00	-3
LDF	18.338326	0.156633	49.205308	0.091945	0011332.8	0005284.3	04.06	03.44	00
GLDF	00.35	00.12	18.334382	0.158018	49.228224	0.069935	45.00	07.08	160.69	03.23	0010985.8	0009726.5	02.95	04.33	00
0878	01	05.04789	05.04789	03.95	01.10	06.34	40.13	-0.02
0873	04	00.00000	00.00000	12.59	06.95	06.42	31.99	-0.03
0874	04	00.47322	00.47322	08.53	06.34	06.35	33.66	-0.06
0972	02	06.89599	06.89100	01.81	02.25	08.14	30.22	00.02
0773	04	01.28768	01.28768	02.93	03.96	04.63	31.89	-0.04
