RAW	190501	011726	124057	03
GEOM1	01.79	00.13	12.832713	0.150020	48.756598	0.149882	58.79	02.53	277.58	02.31	00.00	-2
GEOM2	01.81	00.36	12.832698	0.149579	48.756670	0.142409	58.15	19.66	276.85	13.77	0000.841	0017.253	00.00	-3
LDF	12.671294	0.149051	48.783076	0.153928	0000866.0	0000528.6	06.65	03.37	00
GLDF	01.75	00.13	12.619427	0.096614	48.785525	0.152552	58.92	02.70	276.52	01.56	0001010.4	0000829.1	09.90	03.99	00
0574	04	00.86532	00.87031	07.20	05.25	01.13	33.54	-0.04
1076	01	00.00000	00.00000	01.35	03.35	09.70	37.20	-0.12
0573	04	02.31241	02.31741	11.15	04.23	01.13	31.81	-0.04
0473	04	02.20675	02.20675	07.43	06.08	-0.52	31.76	-0.03
0475	01	03.05030	03.05030	00.71	01.13	-0.66	35.24	-0.01
