RAW	190516	181851	886630	02
GEOM1	00.00	00.00	0.000000	0.000000	0.000000	0.000000	00.00	00.00	00.00	00.00	1000000.00	-3
GEOM2	00.00	00.00	0.000000	0.000000	0.000000	0.000000	00.00	00.00	00.00	00.00	0000.000	0000.000	1000000.00	-3
LDF	16.885887	0.150694	48.128930	0.149911	0629318.4	0433143.0	23.37	00.65	-1
GLDF	00.00	28.87	0.000000	0.150000	0.000000	0.150000	00.00	62.96	00.00	01.41	0629318.4	0000001.4	23.37	1000000.00	-2
0772	04	04.11072	04.11072	05.05	05.22	04.71	30.23	-0.02
0774	04	04.09234	04.08735	03.29	02.76	04.56	33.62	-0.05
0874	01	00.00000	00.00000	00.38	00.96	06.35	33.66	-0.06
0573	01	07.59900	07.59900	00.73	01.14	01.13	31.81	-0.04
0773	03	04.68079	04.68079	04.48	04.59	04.63	31.89	-0.04
