RAW	190515	090935	639353	02
GEOM1	00.00	00.00	0.000000	0.000000	0.000000	0.000000	00.00	00.00	00.00	00.00	1000000.00	-3
GEOM2	00.00	00.00	0.000000	0.000000	0.000000	0.000000	00.00	00.00	00.00	00.00	0000.000	0000.000	1000000.00	-3
LDF	15.137326	0.150150	48.215962	0.103742	1540650.9	0599044.1	62.29	00.18	-1
GLDF	00.00	24.68	0.000000	0.150000	0.000000	0.150000	00.00	59.72	00.00	01.41	1540650.9	0000001.4	62.29	1000000.00	-2
0673	03	02.54486	02.54486	08.31	05.63	02.92	31.83	-0.04
0674	04	02.24085	02.23586	07.09	04.55	02.84	33.58	-0.04
0474	01	00.00000	00.00000	00.90	02.01	-0.59	33.51	-0.01
0672	04	01.70329	01.70329	09.88	04.42	02.92	30.12	-0.04
0672	02	04.71128	04.71128	01.95	01.40	02.92	30.12	-0.04
