RAW	190511	060122	087822	02
GEOM1	00.00	00.00	0.000000	0.000000	0.000000	0.000000	00.00	00.00	00.00	00.00	1000000.00	-3
GEOM2	00.00	00.00	0.000000	0.000000	0.000000	0.000000	00.00	00.00	00.00	00.00	0000.000	0000.000	1000000.00	-3
LDF	16.569406	0.149954	48.319003	0.150000	0508813.6	0382515.3	18.52	00.00	-2
GLDF	00.00	19.98	0.000000	0.150000	0.000000	0.150001	00.00	58.90	00.00	01.41	0508813.6	0000001.4	18.52	1000000.00	-2
0774	02	09.54243	09.54243	04.13	03.64	04.56	33.62	-0.05
0673	04	06.73951	06.73951	04.71	06.25	02.92	31.83	-0.04
0977	01	00.00000	00.00000	01.70	01.38	07.92	38.89	-0.09
0775	01	10.21229	10.21728	01.27	01.17	04.56	35.35	-0.05
0773	04	06.44388	06.44388	29.96	20.39	04.63	31.89	-0.04
