RAW	190501	134158	716776	02
GEOM1	00.00	00.00	0.000000	0.000000	0.000000	0.000000	00.00	00.00	00.00	00.00	1000000.00	-3
GEOM2	00.00	00.00	0.000000	0.000000	0.000000	0.000000	00.00	00.00	00.00	00.00	0000.000	0000.000	1000000.00	-3
LDF	17.960667	0.150362	49.679723	0.158797	0183286.1	0159895.4	05.11	02.11	-1
GLDF	00.00	29.61	0.000000	0.150000	0.000000	0.150001	00.00	71.34	00.00	01.41	0183286.1	0000001.4	05.11	1000000.00	-2
0774	04	08.61081	08.48589	04.44	02.33	04.56	33.62	-0.05
0874	03	05.73792	05.73792	17.63	10.29	06.35	33.66	-0.06
0775	01	00.00000	00.00000	01.23	00.92	04.56	35.35	-0.05
0773	04	07.57945	07.57945	05.18	04.46	04.63	31.89	-0.04
0475	01	01.22624	01.23124	01.35	01.15	-0.66	35.24	-0.01
