RAW	190511	173029	897206	02
GEOM1	00.00	00.00	0.000000	0.000000	0.000000	0.000000	00.00	00.00	00.00	00.00	1000000.00	-3
GEOM2	00.00	00.00	0.000000	0.000000	0.000000	0.000000	00.00	00.00	00.00	00.00	0000.000	0000.000	1000000.00	-3
LDF	12.293280	0.124723	47.414677	0.113214	0582358.6	0214034.7	21.47	01.77	-1
GLDF	00.00	18.58	0.000000	0.150000	0.000000	0.150001	00.00	72.40	00.00	01.41	0582358.6	0000001.4	21.47	1000000.00	-2
0472	04	06.13957	06.13957	24.77	13.46	-0.52	30.05	-0.03
0472	01	13.76936	13.76936	01.34	01.19	-0.52	30.05	-0.03
0673	01	04.76374	04.76374	01.18	00.75	02.92	31.83	-0.04
0573	04	08.22254	08.22753	12.02	07.42	01.13	31.81	-0.04
0473	01	00.00000	00.00000	01.29	01.12	-0.52	31.76	-0.03
0473	03	05.18648	05.18648	06.53	06.13	-0.52	31.76	-0.03
