RAW	190506	104805	526485	03
GEOM1	05.03	00.11	17.040462	0.149976	54.256786	0.149832	43.87	03.20	248.42	08.00	00.00	-2
GEOM2	05.09	00.44	17.040495	0.149404	54.256821	0.147066	40.67	25.06	251.35	28.28	0000.699	0013.264	00.00	-3
LDF	17.048258	0.156797	54.304278	0.125792	0002780.7	0001905.4	00.40	00.89	00
GLDF	04.99	00.09	17.054224	0.160938	54.317886	0.112006	43.50	02.63	248.27	06.75	0003093.0	0002312.3	00.49	01.26	00
0774	02	06.18971	06.19470	03.78	02.14	04.56	33.62	-0.05
0674	02	00.00000	00.00000	01.19	01.67	02.84	33.58	-0.04
0777	04	04.56680	04.57180	03.28	00.85	04.48	38.84	-0.02
0776	04	05.65766	05.62768	03.18	07.28	04.49	37.09	-0.04
0775	02	08.55971	08.56471	03.62	04.53	04.56	35.35	-0.05
0877	04	04.25081	04.25580	02.26	00.97	06.20	38.86	-0.05
