RAW	190505	182311	336788	02
GEOM1	00.00	00.00	0.000000	0.000000	0.000000	0.000000	00.00	00.00	00.00	00.00	1000000.00	-3
GEOM2	00.00	00.00	0.000000	0.000000	0.000000	0.000000	00.00	00.00	00.00	00.00	0000.000	0000.000	1000000.00	-3
LDF	19.490171	0.150358	56.237017	0.104025	0148625.9	0086183.5	03.82	00.54	-1
GLDF	05.57	  nan	20.118712	   nan	56.215374	   nan	89.92	  nan	350.74	  nan	1671283240.4	      nan	00.00	1000000.00	-2
0372	01	02.96543	02.96044	01.15	03.65	-2.24	30.01	-0.01
0576	01	05.51459	05.51959	00.95	02.82	01.05	37.01	-0.02
0977	04	06.19897	06.19897	04.79	06.74	07.92	38.89	-0.09
0978	04	05.55637	05.56137	05.88	04.18	07.91	40.63	-0.05
0878	03	07.25472	07.25472	07.86	07.93	06.34	40.13	-0.02
0876	01	00.00000	00.00000	01.24	01.26	06.27	37.12	-0.05
