RAW	190528	091549	705205	03
GEOM1	06.93	00.12	17.104626	0.150152	53.532698	0.175514	50.67	06.90	189.21	36.36	03.70	-2
GEOM2	06.98	00.08	17.059958	0.099146	53.542163	0.143616	51.14	24.16	195.03	76.32	-001.233	0002.595	00.00	-3
LDF	17.010008	0.134807	53.552617	0.150638	0009053.5	0004276.9	09.44	00.40	-1
GLDF	06.98	00.12	17.039601	0.138538	53.554110	0.187711	50.91	07.51	191.02	32.86	0008297.9	0011133.4	08.91	06.41	-1
0774	01	02.29885	02.28885	01.99	01.98	04.56	33.62	-0.05
0675	01	00.00000	00.00000	01.16	00.56	02.84	35.32	-0.04
0876	04	05.88773	05.88273	06.16	08.41	06.27	37.12	-0.05
0776	04	07.25641	07.25142	05.98	05.31	04.49	37.09	-0.04
0676	04	08.49415	08.48915	04.24	04.31	02.77	37.09	-0.03
