RAW	190510	130438	035157	02
GEOM1	00.00	00.00	0.000000	0.000000	0.000000	0.000000	00.00	00.00	00.00	00.00	1000000.00	-3
GEOM2	00.00	00.00	0.000000	0.000000	0.000000	0.000000	00.00	00.00	00.00	00.00	0000.000	0000.000	1000000.00	-3
LDF	14.837396	0.154397	52.788458	0.065227	0164757.0	0065356.5	04.39	01.42	-1
GLDF	00.00	21.17	0.000000	0.150000	0.000000	0.150001	00.00	71.16	00.00	01.41	0164757.0	0000001.4	04.39	1000000.00	-2
0575	03	07.02565	07.02565	05.10	04.02	01.13	35.27	-0.03
0675	04	08.95484	08.95484	06.07	10.74	02.84	35.32	-0.04
0676	01	00.00000	00.00000	00.70	01.27	02.77	37.09	-0.03
0676	04	08.59910	08.59910	38.98	15.35	02.77	37.09	-0.03
0972	01	14.90066	14.90066	00.95	00.62	08.14	30.22	00.02
0773	01	01.41370	01.41370	02.66	02.51	04.63	31.89	-0.04
