RAW	190529	101858	782785	02
GEOM1	00.00	00.00	0.000000	0.000000	0.000000	0.000000	00.00	00.00	00.00	00.00	1000000.00	-3
GEOM2	00.00	00.00	0.000000	0.000000	0.000000	0.000000	00.00	00.00	00.00	00.00	0000.000	0000.000	1000000.00	-3
LDF	15.817649	0.119202	50.037777	0.153501	0044623.5	0033570.3	01.27	01.40	-1
GLDF	00.00	26.63	0.000000	0.150000	0.000000	0.150001	00.00	68.42	00.00	01.41	0044623.5	0000001.4	01.27	1000000.00	-2
0774	04	06.20607	06.20607	03.92	04.68	04.56	33.62	-0.05
0574	02	03.45487	03.45487	06.57	06.94	01.13	33.54	-0.04
0674	04	06.40661	06.41160	09.79	06.68	02.84	33.58	-0.04
0777	01	02.75781	02.75781	01.64	00.63	04.48	38.84	-0.02
0878	01	11.17828	11.17329	00.75	01.46	06.34	40.13	-0.02
0878	01	12.10265	12.10265	01.71	04.34	06.34	40.13	-0.02
0773	02	00.00000	00.00000	02.08	02.41	04.63	31.89	-0.04
0475	02	03.59000	03.59000	01.98	01.62	-0.66	35.24	-0.01
