RAW	190528	232519	410673	02
GEOM1	00.00	00.00	0.000000	0.000000	0.000000	0.000000	00.00	00.00	00.00	00.00	1000000.00	-3
GEOM2	00.00	00.00	0.000000	0.000000	0.000000	0.000000	00.00	00.00	00.00	00.00	0000.000	0000.000	1000000.00	-3
LDF	14.329497	0.084141	48.263741	0.150937	0054706.6	0026733.6	01.60	00.43	-1
GLDF	00.00	26.51	0.000000	0.150000	0.000000	0.150000	00.00	61.40	00.00	01.41	0054706.6	0000001.4	01.60	1000000.00	-2
0673	04	00.81131	00.81131	05.27	06.64	02.92	31.83	-0.04
0675	01	03.87909	03.87909	01.48	01.01	02.84	35.32	-0.04
0874	01	08.44500	08.45000	01.04	00.65	06.35	33.66	-0.06
0573	04	00.00000	00.00000	03.44	05.08	01.13	31.81	-0.04
0672	02	03.27434	03.28434	09.59	04.81	02.92	30.12	-0.04
