RAW	190515	075502	595838	03
GEOM1	02.62	00.10	13.359924	0.151825	51.128527	0.153134	21.88	07.36	260.87	74.07	02.30	-2
GEOM2	02.52	00.19	13.358383	0.150009	51.131761	0.150019	23.47	77.27	259.00	898.16	0009.843	0004.911	00.00	-3
LDF	13.359084	0.152961	51.078079	0.215948	0006156.7	0010050.3	02.19	03.89	00
GLDF	02.75	00.07	13.368761	0.165599	50.880591	0.093434	25.34	04.76	261.36	55.15	0016854.3	0009102.3	00.49	08.33	00
0574	04	03.28132	03.28132	05.89	05.11	01.13	33.54	-0.04
0576	04	03.07584	03.07584	01.90	01.65	01.05	37.01	-0.02
0673	01	08.12348	08.12847	01.26	00.33	02.92	31.83	-0.04
0575	04	02.47002	02.47002	03.33	04.15	01.13	35.27	-0.03
0675	02	00.00000	00.00000	05.33	05.05	02.84	35.32	-0.04
0775	01	03.59899	03.59899	00.78	01.59	04.56	35.35	-0.05
