RAW	190523	070746	364413	02
GEOM1	00.00	00.00	0.000000	0.000000	0.000000	0.000000	00.00	00.00	00.00	00.00	1000000.00	-3
GEOM2	00.00	00.00	0.000000	0.000000	0.000000	0.000000	00.00	00.00	00.00	00.00	0000.000	0000.000	1000000.00	-3
LDF	16.237309	0.150151	52.628807	0.091470	0126654.3	0066959.8	03.15	01.14	-1
GLDF	00.00	28.49	0.000000	0.150000	0.000000	0.150000	00.00	62.19	00.00	01.41	0126654.3	0000001.4	03.15	1000000.00	-2
0675	03	00.69672	00.69173	06.70	04.77	02.84	35.32	-0.04
0776	04	03.04286	03.04286	07.44	07.87	04.49	37.09	-0.04
0775	04	02.47017	02.47017	05.26	05.19	04.56	35.35	-0.05
0975	01	00.00000	00.00000	01.16	01.32	07.99	35.38	-0.08
0474	01	03.77758	03.78258	01.30	00.95	-0.59	33.51	-0.01
