RAW	190517	135101	357932	02
GEOM1	00.00	00.00	0.000000	0.000000	0.000000	0.000000	00.00	00.00	00.00	00.00	1000000.00	-3
GEOM2	00.00	00.00	0.000000	0.000000	0.000000	0.000000	00.00	00.00	00.00	00.00	0000.000	0000.000	1000000.00	-3
LDF	16.331554	0.152115	51.304903	0.152226	0015285.7	0017536.3	00.10	00.89	-1
GLDF	00.22	00.10	17.457226	0.052215	52.029404	0.110160	53.69	00.07	309.86	00.69	-130789003.1	477186572.4	  nan	1000000.00	-2
0774	02	03.01603	03.02103	30.30	16.31	04.56	33.62	-0.05
0472	01	06.24769	06.24769	00.48	01.65	-0.52	30.05	-0.03
0674	04	00.27265	00.27764	01.48	01.75	02.84	33.58	-0.04
0776	02	03.08059	03.08559	04.33	05.86	04.49	37.09	-0.04
0775	04	00.00000	00.00000	03.74	04.89	04.56	35.35	-0.05
