RAW	190523	161349	810232	02
GEOM1	00.00	00.00	0.000000	0.000000	0.000000	0.000000	00.00	00.00	00.00	00.00	1000000.00	-3
GEOM2	00.00	00.00	0.000000	0.000000	0.000000	0.000000	00.00	00.00	00.00	00.00	0000.000	0000.000	1000000.00	-3
LDF	19.339108	0.114558	54.447553	0.118399	0528354.8	0151694.6	19.30	00.00	-1
GLDF	00.00	26.10	0.000000	0.150000	0.000000	0.150000	00.00	56.74	00.00	01.41	0528354.8	0000001.4	19.30	1000000.00	-2
0673	01	01.01535	01.01035	01.08	01.28	02.92	31.83	-0.04
0977	02	00.00000	00.00000	01.92	01.36	07.92	38.89	-0.09
0977	02	06.95024	06.94524	05.32	04.53	07.92	38.89	-0.09
0873	01	07.70111	07.69611	01.86	01.37	06.42	31.99	-0.03
0976	04	03.97699	03.97199	15.53	05.80	07.99	37.16	-0.09
0877	04	05.16878	05.16878	15.14	06.06	06.20	38.86	-0.05
