RAW	190530	062701	690401	03
GEOM1	05.52	00.12	14.648875	0.149997	52.701442	0.150003	51.39	04.00	03.80	02.63	00.00	-2
GEOM2	05.54	00.55	14.648904	0.147306	52.701453	0.149755	50.90	25.08	03.76	03.83	0001.206	0023.351	00.00	-3
LDF	14.625337	0.148078	52.608127	0.073864	0007384.5	0002262.2	08.43	01.06	00
GLDF	05.49	00.12	14.615208	0.148071	52.600925	0.061818	51.56	03.58	03.15	02.11	0007256.0	0004918.9	08.88	01.27	00
0576	04	04.58945	04.58945	05.69	04.59	01.05	37.01	-0.02
0675	04	05.87925	05.87925	11.16	09.16	02.84	35.32	-0.04
1076	01	00.00000	00.00000	01.21	01.40	09.70	37.20	-0.12
0676	04	05.90418	05.90418	08.06	05.65	02.77	37.09	-0.03
0672	01	09.65686	09.65186	05.42	02.78	02.92	30.12	-0.04
0672	01	12.68982	12.68982	01.22	00.99	02.92	30.12	-0.04
