RAW	190523	012433	141192	02
GEOM1	00.00	00.00	0.000000	0.000000	0.000000	0.000000	00.00	00.00	00.00	00.00	1000000.00	-3
GEOM2	00.00	00.00	0.000000	0.000000	0.000000	0.000000	00.00	00.00	00.00	00.00	-003.224	0002.949	1000000.00	-3
LDF	16.826796	0.150125	50.122725	0.095397	1985437.8	0674463.4	82.23	00.16	-1
GLDF	00.00	24.61	0.000000	0.150000	0.000000	0.150001	00.00	61.12	00.00	01.41	1985437.8	0000001.4	82.23	1000000.00	-2
0774	03	05.38229	05.38229	07.03	07.85	04.56	33.62	-0.05
0673	02	00.00000	00.00000	01.78	02.12	02.92	31.83	-0.04
0876	01	12.07303	12.07303	01.49	00.95	06.27	37.12	-0.05
0775	04	05.40843	05.40843	12.81	05.24	04.56	35.35	-0.05
0676	01	08.19993	08.19993	01.21	01.07	02.77	37.09	-0.03
0773	04	05.01988	05.01988	08.32	06.67	04.63	31.89	-0.04
