RAW	190506	011934	204590	02
GEOM1	00.00	00.00	0.000000	0.000000	0.000000	0.000000	00.00	00.00	00.00	00.00	1000000.00	-3
GEOM2	00.00	00.00	0.000000	0.000000	0.000000	0.000000	00.00	00.00	00.00	00.00	0000.000	0000.000	1000000.00	-3
LDF	12.522599	0.057600	51.965123	0.151475	0185437.1	0064796.3	05.20	01.47	-1
GLDF	00.00	21.32	0.000000	0.150000	0.000000	0.150000	00.00	63.76	00.00	01.41	0185437.1	0000001.4	05.20	1000000.00	-2
0576	03	03.43792	03.43792	04.71	05.14	01.05	37.01	-0.02
0575	04	01.00136	01.00636	18.24	12.82	01.13	35.27	-0.03
0874	01	00.95319	00.95319	04.50	01.42	06.35	33.66	-0.06
0972	01	01.84650	01.84650	01.92	02.14	08.14	30.22	00.02
0573	01	00.00000	00.00000	01.30	01.73	01.13	31.81	-0.04
0475	04	01.81384	01.81384	17.47	06.90	-0.66	35.24	-0.01
