RAW	190503	104843	206906	02
GEOM1	00.00	00.00	0.000000	0.000000	0.000000	0.000000	00.00	00.00	00.00	00.00	1000000.00	-3
GEOM2	00.00	00.00	0.000000	0.000000	0.000000	0.000000	00.00	00.00	00.00	00.00	0000.000	0000.000	1000000.00	-3
LDF	10.746802	0.140284	46.465065	0.151701	0020865.0	0020107.7	00.21	00.58	-1
GLDF	00.80	00.00	10.701799	0.000000	46.517171	0.000001	89.18	00.00	189.30	00.00	0000000.0	0000000.0	14758748281435169924994366018316234237148830855496726478848.00	1000000.00	-2
0372	04	01.28741	01.28741	03.35	03.82	-2.24	30.01	-0.01
0472	04	00.00000	00.00000	02.54	01.97	-0.52	30.05	-0.03
0673	01	04.18843	04.18843	00.75	01.36	02.92	31.83	-0.04
0672	02	04.51492	04.51492	01.79	01.50	02.92	30.12	-0.04
0572	02	02.55775	02.55775	05.20	04.05	01.20	30.14	-0.04
