RAW	190504	135537	300190	02
GEOM1	00.00	00.00	0.000000	0.000000	0.000000	0.000000	00.00	00.00	00.00	00.00	1000000.00	-3
GEOM2	00.00	00.00	0.000000	0.000000	0.000000	0.000000	00.00	00.00	00.00	00.00	0000.000	0000.000	1000000.00	-3
LDF	12.563122	0.123236	47.407375	0.126498	0169145.9	0077784.4	04.55	00.05	-1
GLDF	00.25	00.15	13.285527	0.120406	48.286982	0.110799	13.04	00.66	115.65	00.90	0563700.7	0310211.9	23.20	1000000.00	-2
0974	01	06.91654	06.91654	02.94	01.41	08.06	33.70	-0.06
0877	01	08.71280	08.70780	01.28	01.69	06.20	38.86	-0.05
0573	02	02.55906	02.55406	05.05	06.86	01.13	31.81	-0.04
0473	04	00.10700	00.10700	04.11	04.74	-0.52	31.76	-0.03
0572	04	00.00000	00.00000	03.42	04.65	01.20	30.14	-0.04
