RAW	190519	141545	064390	03
GEOM1	04.78	00.12	11.420563	0.150021	47.453035	0.150019	36.90	08.87	206.45	08.99	00.00	-2
GEOM2	04.83	09.87	11.420537	0.150029	47.453021	0.150119	40.40	410.36	206.64	158.52	0001.067	0407.488	00.00	-3
LDF	11.393657	0.156382	47.394912	0.075814	0023039.3	0009542.1	02.44	00.98	00
GLDF	04.83	00.11	11.371201	0.155871	47.384872	0.066667	38.82	05.58	205.82	05.89	0020367.9	0011729.7	02.33	01.27	00
0372	04	06.00228	06.00228	02.94	03.43	-2.24	30.01	-0.01
0472	04	04.98732	04.99231	05.45	03.71	-0.52	30.05	-0.03
0977	01	09.79860	09.80360	02.08	02.15	07.92	38.89	-0.09
0978	01	00.18157	00.18656	02.63	01.21	07.91	40.63	-0.05
0676	01	00.00000	00.00000	02.52	01.59	02.77	37.09	-0.03
0473	04	04.47154	04.47654	12.95	07.52	-0.52	31.76	-0.03
