RAW	190522	073133	745155	01
GEOM1	00.00	00.00	0.000000	0.000000	0.000000	0.000000	00.00	00.00	00.00	00.00	1000000.00	-4
GEOM2	00.00	00.00	0.000000	0.000000	0.000000	0.000000	00.00	00.00	00.00	00.00	0000.000	0000.000	1000000.00	-4
LDF	11.653369	0.124722	49.947200	0.134018	0000001.0	0200655.0	14.61	1000000.00	-3
GLDF	02.54	  nan	11.382828	   nan	49.757360	   nan	89.86	  nan	333.21	  nan	-891175385721.4	      nan	00.00	1000000.00	-4
0576	01	09.21059	09.20560	00.27	00.86	01.05	37.01	-0.02
0474	04	03.35511	03.35511	03.46	04.00	-0.59	33.51	-0.01
0473	02	00.89963	00.89963	04.89	04.38	-0.52	31.76	-0.03
0773	01	07.78848	07.78848	04.13	01.82	04.63	31.89	-0.04
0475	02	00.00000	00.00000	06.81	06.26	-0.66	35.24	-0.01
