RAW	190531	161157	655668	02
GEOM1	00.00	00.00	0.000000	0.000000	0.000000	0.000000	00.00	00.00	00.00	00.00	1000000.00	-3
GEOM2	00.00	00.00	0.000000	0.000000	0.000000	0.000000	00.00	00.00	00.00	00.00	0000.000	0000.000	1000000.00	-3
LDF	14.259761	0.076108	51.739016	0.150219	0044666.8	0019952.5	01.27	00.11	-1
GLDF	00.00	29.86	0.000000	0.150000	0.000000	0.150001	00.00	78.93	00.00	01.41	0044666.8	0000001.4	01.27	1000000.00	-2
0575	04	07.00899	07.00899	04.63	03.95	01.13	35.27	-0.03
0675	04	06.56505	06.56505	06.12	04.12	02.84	35.32	-0.04
0776	02	09.48137	09.48137	00.63	03.51	04.49	37.09	-0.04
1076	01	00.00000	00.00000	01.10	01.02	09.70	37.20	-0.12
0676	01	14.80983	14.80983	01.29	01.26	02.77	37.09	-0.03
0475	02	09.52913	09.52413	19.73	13.92	-0.66	35.24	-0.01
