RAW	190527	165031	534268	02
GEOM1	00.00	00.00	0.000000	0.000000	0.000000	0.000000	00.00	00.00	00.00	00.00	1000000.00	-3
GEOM2	00.00	00.00	0.000000	0.000000	0.000000	0.000000	00.00	00.00	00.00	00.00	0000.000	0000.000	1000000.00	-3
LDF	16.803242	0.150000	50.410740	0.150042	0524381.4	0384132.3	19.14	00.00	-2
GLDF	00.00	21.16	0.000000	0.150000	0.000000	0.150000	00.00	56.23	00.00	01.41	0524381.4	0000001.4	19.14	1000000.00	-2
0774	04	05.13875	05.13875	31.15	18.19	04.56	33.62	-0.05
0876	01	02.14947	02.14947	00.92	01.40	06.27	37.12	-0.05
0776	02	05.72858	05.72858	05.66	05.11	04.49	37.09	-0.04
0775	04	03.43530	03.44030	06.07	06.49	04.56	35.35	-0.05
0872	01	00.00000	00.00000	00.63	01.23	06.35	30.23	00.01
