RAW	190530	021553	560932	03
GEOM1	05.35	00.14	13.083865	0.150032	50.573141	0.149138	75.23	08.70	270.67	02.23	00.00	-2
GEOM2	05.38	00.18	13.083833	0.149534	50.573152	0.127490	62.84	48.13	273.87	17.48	0000.079	0005.420	00.00	-3
LDF	13.123414	0.151892	50.827982	0.150266	0000000.1	0000000.0	00.33	02.70	00
GLDF	05.35	00.14	13.071192	0.148987	50.574037	0.150014	72.94	01.05	271.14	01.30	0000001.1	0000001.1	02.74	00.36	00
0574	04	05.94019	05.94019	08.86	05.11	01.13	33.54	-0.04
0673	01	11.70827	11.70827	01.13	01.35	02.92	31.83	-0.04
0674	04	06.02024	06.02024	03.00	02.73	02.84	33.58	-0.04
0575	02	00.00000	00.00000	03.10	00.98	01.13	35.27	-0.03
0575	03	06.71541	06.71541	04.17	04.21	01.13	35.27	-0.03
0475	04	04.31928	04.31928	05.49	04.82	-0.66	35.24	-0.01
