RAW	190515	183730	107930	02
GEOM1	00.00	00.00	0.000000	0.000000	0.000000	0.000000	00.00	00.00	00.00	00.00	1000000.00	-3
GEOM2	00.00	00.00	0.000000	0.000000	0.000000	0.000000	00.00	00.00	00.00	00.00	0000.000	0000.000	1000000.00	-3
LDF	12.105972	0.150065	46.520503	0.150000	0478609.9	0350793.6	17.32	00.00	-2
GLDF	00.00	24.74	0.000000	0.150000	0.000000	0.150001	00.00	73.71	00.00	01.41	0478609.9	0000001.4	17.32	1000000.00	-2
0772	01	10.68623	10.69123	00.97	01.07	04.71	30.23	-0.02
0372	03	04.78991	04.79491	03.96	03.08	-2.24	30.01	-0.01
0472	01	00.00000	00.00000	01.24	01.48	-0.52	30.05	-0.03
0472	04	05.28639	05.29139	03.17	04.52	-0.52	30.05	-0.03
0472	02	11.21735	11.22234	02.27	00.98	-0.52	30.05	-0.03
0572	04	04.88733	04.89732	07.92	05.33	01.20	30.14	-0.04
