RAW	190502	051829	482701	01
GEOM1	00.00	00.00	0.000000	0.000000	0.000000	0.000000	00.00	00.00	00.00	00.00	1000000.00	-4
GEOM2	00.00	00.00	0.000000	0.000000	0.000000	0.000000	00.00	00.00	00.00	00.00	0000.000	0000.000	1000000.00	-4
LDF	16.803490	0.146438	50.059600	0.149605	0000001.0	0000001.1	00.19	1000000.00	-3
GLDF	00.00	43.13	0.000000	0.150000	0.000000	0.150000	00.00	102.95	00.00	01.41	0000001.0	0000001.4	00.00	1000000.00	-4
0774	04	08.14425	08.13925	04.62	03.45	04.56	33.62	-0.05
0874	02	06.27664	06.28163	03.24	02.96	06.35	33.66	-0.06
0974	02	08.29454	08.29454	05.34	06.00	08.06	33.70	-0.06
0975	02	00.00000	00.00000	02.62	02.13	07.99	35.38	-0.08
0672	01	03.42640	03.42640	02.39	01.83	02.92	30.12	-0.04
