RAW	190518	092341	809953	03
GEOM1	00.23	00.06	16.444042	0.149832	50.051375	0.149542	18.50	04.92	01.01	209.24	00.17	-2
GEOM2	00.20	00.08	16.445437	0.140505	50.051438	0.149372	20.94	30.59	344.13	258.88	0006.814	0002.975	00.00	-3
LDF	16.523442	0.164214	50.053142	0.151328	0565744.2	0387385.5	26.68	01.39	-1
GLDF	00.28	00.06	16.565977	0.152279	50.054399	0.163179	19.77	04.39	00.81	225.29	0601792.6	0338582.8	29.60	02.12	-1
0774	04	00.42751	00.41752	04.78	05.12	04.56	33.62	-0.05
0774	02	07.08797	07.08298	01.54	01.37	04.56	33.62	-0.05
0674	04	00.00000	00.00000	11.10	06.04	02.84	33.58	-0.04
0876	01	07.80555	07.79556	00.91	01.60	06.27	37.12	-0.05
0874	04	01.47508	01.47009	03.98	05.22	06.35	33.66	-0.06
