RAW	190506	125145	284744	02
GEOM1	00.00	00.00	0.000000	0.000000	0.000000	0.000000	00.00	00.00	00.00	00.00	1000000.00	-3
GEOM2	00.00	00.00	0.000000	0.000000	0.000000	0.000000	00.00	00.00	00.00	00.00	0000.000	0000.000	1000000.00	-3
LDF	12.412064	0.122099	47.166492	0.126982	0215348.4	0097239.4	06.51	00.03	-1
GLDF	00.00	25.99	0.000000	0.150000	0.000000	0.150001	00.00	75.11	00.00	01.41	0215348.4	0000001.4	06.51	1000000.00	-2
0472	03	06.21474	06.21974	03.25	02.21	-0.52	30.05	-0.03
0974	01	00.00000	00.00000	01.19	01.93	08.06	33.70	-0.06
0473	04	05.74454	05.74454	03.94	05.02	-0.52	31.76	-0.03
0872	01	06.88709	06.89708	02.39	01.96	06.35	30.23	00.01
0572	04	04.19597	04.20596	05.95	04.05	01.20	30.14	-0.04
