RAW	190528	211532	869773	03
GEOM1	00.39	00.10	12.380836	0.149960	49.508465	0.149998	24.67	06.75	157.24	28.23	00.00	-2
GEOM2	00.51	05.13	12.380827	0.150013	49.508470	0.150004	20.79	08.45	123.74	1365.35	0000.647	0159.971	00.00	-3
LDF	12.777653	0.126808	49.547155	0.138163	0276878.5	0124176.5	14.99	02.24	00
GLDF	00.29	00.08	12.569609	0.123511	49.336442	0.130758	22.61	05.41	154.85	29.91	0225885.4	0108578.6	11.24	05.07	00
0574	03	02.23531	02.23531	09.10	09.86	01.13	33.54	-0.04
0575	04	01.07926	01.07926	01.52	02.53	01.13	35.27	-0.03
0877	01	07.78675	07.78675	01.07	00.96	06.20	38.86	-0.05
0972	01	00.21107	00.21606	02.28	00.67	08.14	30.22	00.02
1072	01	08.92876	08.92876	01.08	00.53	09.86	30.29	00.00
0573	04	00.00000	00.00000	10.63	06.61	01.13	31.81	-0.04
0573	01	08.00453	08.00953	00.95	00.63	01.13	31.81	-0.04
0474	04	00.79806	00.79806	15.74	13.21	-0.59	33.51	-0.01
