RAW	190509	184311	416419	02
GEOM1	00.00	00.00	0.000000	0.000000	0.000000	0.000000	00.00	00.00	00.00	00.00	1000000.00	-3
GEOM2	00.00	00.00	0.000000	0.000000	0.000000	0.000000	00.00	00.00	00.00	00.00	0000.000	0000.000	1000000.00	-3
LDF	17.633925	0.133154	50.757242	0.150725	0156376.7	0102741.4	04.08	01.99	-1
GLDF	07.82	00.06	17.907737	0.092984	50.093710	0.055057	69.28	04.08	229.57	01.92	0000011.0	0000026.2	02.41	1000000.00	-2
0774	04	08.56239	08.55240	03.61	05.10	04.56	33.62	-0.05
0675	01	00.00000	00.00000	02.17	00.55	02.84	35.32	-0.04
0878	01	11.31972	11.30973	01.40	02.44	06.34	40.13	-0.02
0874	04	07.43189	07.42690	08.17	06.30	06.35	33.66	-0.06
0775	03	06.42451	06.41952	09.38	05.36	04.56	35.35	-0.05
