RAW	190520	223033	608237	02
GEOM1	00.00	00.00	0.000000	0.000000	0.000000	0.000000	00.00	00.00	00.00	00.00	1000000.00	-3
GEOM2	00.00	00.00	0.000000	0.000000	0.000000	0.000000	00.00	00.00	00.00	00.00	0000.000	0000.000	1000000.00	-3
LDF	10.857146	0.077305	46.467416	0.149991	0039929.6	0018269.4	01.07	00.01	-1
GLDF	00.00	26.05	0.000000	0.150000	0.000000	0.150000	00.00	72.21	00.00	01.41	0039929.6	0000001.4	01.07	1000000.00	-2
0372	04	00.00000	00.00000	02.97	05.46	-2.24	30.01	-0.01
0472	04	01.30856	01.31355	02.76	05.28	-0.52	30.05	-0.03
0675	01	06.42134	06.42634	01.20	01.52	02.84	35.32	-0.04
1072	01	01.66255	01.67254	01.48	00.85	09.86	30.29	00.00
0473	02	03.10047	03.10547	04.97	06.43	-0.52	31.76	-0.03
0872	01	04.96293	04.97293	02.68	02.00	06.35	30.23	00.01
