RAW	190505	115339	751278	02
GEOM1	00.00	00.00	0.000000	0.000000	0.000000	0.000000	00.00	00.00	00.00	00.00	1000000.00	-3
GEOM2	00.00	00.00	0.000000	0.000000	0.000000	0.000000	00.00	00.00	00.00	00.00	0000.000	0000.000	1000000.00	-3
LDF	14.051314	0.268261	48.260771	0.154522	0034636.2	0063033.7	00.82	01.85	-1
GLDF	00.00	24.78	0.000000	0.150000	0.000000	0.150000	00.00	63.80	00.00	01.41	0034636.2	0000001.4	00.82	1000000.00	-2
0673	04	01.78619	01.78619	04.98	03.27	02.92	31.83	-0.04
0978	01	00.00000	00.00000	03.92	01.74	07.91	40.63	-0.05
0975	01	09.90854	09.90854	01.08	01.26	07.99	35.38	-0.08
0573	04	03.17131	03.16631	08.07	09.59	01.13	31.81	-0.04
0773	02	03.72732	03.72732	04.48	03.60	04.63	31.89	-0.04
