RAW	190513	152050	122127	02
GEOM1	00.00	00.00	0.000000	0.000000	0.000000	0.000000	00.00	00.00	00.00	00.00	1000000.00	-3
GEOM2	00.00	00.00	0.000000	0.000000	0.000000	0.000000	00.00	00.00	00.00	00.00	0000.000	0000.000	1000000.00	-3
LDF	14.613192	0.154090	51.555890	0.151717	0024532.4	0030044.8	00.34	03.11	-1
GLDF	00.00	22.13	0.000000	0.150000	0.000000	0.150000	00.00	63.82	00.00	01.41	0024532.4	0000001.4	00.34	1000000.00	-2
0574	04	02.85980	02.85480	07.31	03.58	01.13	33.54	-0.04
0576	03	07.21599	07.21099	02.82	01.74	01.05	37.01	-0.02
0575	02	05.31767	05.31267	06.92	05.61	01.13	35.27	-0.03
0675	01	00.00000	00.00000	01.65	00.65	02.84	35.32	-0.04
0675	04	04.93160	04.93160	23.98	17.99	02.84	35.32	-0.04
