RAW	190529	090704	102415	03
GEOM1	00.61	00.13	16.237218	0.149983	47.243521	0.149993	50.93	07.17	346.78	04.89	00.00	-2
GEOM2	00.65	15.80	16.237209	0.150004	47.243492	0.150000	53.60	509.98	346.00	117.33	0001.277	0427.489	00.00	-3
LDF	16.416199	0.125162	47.122044	0.132566	0010487.5	0004007.3	14.59	00.66	00
GLDF	00.61	00.11	16.238783	0.129128	47.267884	0.103654	50.30	05.14	347.23	03.77	0012529.8	0012337.9	11.92	00.07	00
0772	03	01.76854	01.77353	06.37	04.57	04.71	30.23	-0.02
0673	01	06.76052	06.76551	01.32	01.22	02.92	31.83	-0.04
0773	04	01.00277	01.00776	05.97	04.55	04.63	31.89	-0.04
0872	04	02.66871	02.67870	02.38	01.09	06.35	30.23	00.01
0672	04	00.00000	00.00000	06.87	06.96	02.92	30.12	-0.04
