RAW	190530	165202	654693	02
GEOM1	00.00	00.00	0.000000	0.000000	0.000000	0.000000	00.00	00.00	00.00	00.00	1000000.00	-3
GEOM2	00.00	00.00	0.000000	0.000000	0.000000	0.000000	00.00	00.00	00.00	00.00	0000.000	0000.000	1000000.00	-3
LDF	19.890703	0.163067	52.763406	0.152332	0102677.9	0093546.8	02.57	01.74	-1
GLDF	00.00	30.58	0.000000	0.150000	0.000000	0.150000	00.00	57.43	00.00	01.41	0102677.9	0000001.4	02.57	1000000.00	-2
0876	04	02.39660	02.39160	04.29	03.71	06.27	37.12	-0.05
0976	04	01.95061	01.94561	06.98	09.09	07.99	37.16	-0.09
0975	03	00.00000	00.00000	11.53	08.48	07.99	35.38	-0.08
0972	01	01.81382	01.81382	01.27	01.59	08.14	30.22	00.02
0773	01	02.08499	02.08499	01.08	01.25	04.63	31.89	-0.04
