RAW	190509	175038	679974	01
GEOM1	00.00	00.00	0.000000	0.000000	0.000000	0.000000	00.00	00.00	00.00	00.00	1000000.00	-4
GEOM2	00.00	00.00	0.000000	0.000000	0.000000	0.000000	00.00	00.00	00.00	00.00	0000.000	0000.000	1000000.00	-4
LDF	16.949040	0.132083	46.672700	0.129063	0000001.0	0079913.1	03.66	1000000.00	-3
GLDF	00.00	39.35	0.000000	0.150000	0.000000	0.150000	00.00	85.38	00.00	01.41	0000001.0	0000001.4	00.00	1000000.00	-4
0772	04	03.62287	03.62287	04.52	03.54	04.71	30.23	-0.02
0774	02	03.08022	03.07522	07.38	05.33	04.56	33.62	-0.05
1076	01	00.00000	00.00000	02.26	02.34	09.70	37.20	-0.12
1073	01	04.13323	04.13822	01.92	00.69	09.86	32.00	-0.03
0773	02	06.23168	06.23168	03.26	04.23	04.63	31.89	-0.04
