RAW	190522	164611	303164	02
GEOM1	00.00	00.00	0.000000	0.000000	0.000000	0.000000	00.00	00.00	00.00	00.00	1000000.00	-3
GEOM2	00.00	00.00	0.000000	0.000000	0.000000	0.000000	00.00	00.00	00.00	00.00	0000.000	0000.000	1000000.00	-3
LDF	19.403352	0.133854	54.514490	0.130937	0175978.6	0098312.9	04.81	00.49	-1
GLDF	00.00	34.00	0.000000	0.150000	0.000000	0.150000	00.00	64.90	00.00	01.41	0175978.6	0000001.4	04.81	1000000.00	-2
0576	01	08.95722	08.95722	02.02	01.84	01.05	37.01	-0.02
0777	02	00.00000	00.00000	02.78	01.49	04.48	38.84	-0.02
0977	04	05.07019	05.07019	05.90	04.26	07.92	38.89	-0.09
0876	04	05.10607	05.11106	04.66	02.95	06.27	37.12	-0.05
0976	02	07.45490	07.45490	12.64	07.37	07.99	37.16	-0.09
