RAW	190512	091235	369328	01
GEOM1	00.00	00.00	0.000000	0.000000	0.000000	0.000000	00.00	00.00	00.00	00.00	1000000.00	-4
GEOM2	00.00	00.00	0.000000	0.000000	0.000000	0.000000	00.00	00.00	00.00	00.00	0000.000	0000.000	1000000.00	-4
LDF	16.803490	0.152355	50.059600	0.187342	0000001.0	0016254.3	00.15	1000000.00	-3
GLDF	00.00	39.73	0.000000	0.150000	0.000000	0.150000	00.00	92.41	00.00	01.41	0000001.0	0000001.4	00.00	1000000.00	-4
0774	04	05.47552	05.47552	07.14	03.47	04.56	33.62	-0.05
0873	02	00.00000	00.00000	02.64	00.62	06.42	31.99	-0.03
0775	02	03.69116	03.69615	08.60	04.75	04.56	35.35	-0.05
0975	01	02.20167	02.20167	00.92	02.89	07.99	35.38	-0.08
0573	01	08.53759	08.53759	01.74	01.70	01.13	31.81	-0.04
0773	02	03.42487	03.42487	14.25	33.91	04.63	31.89	-0.04
