RAW	190518	054315	378211	02
GEOM1	00.00	00.00	0.000000	0.000000	0.000000	0.000000	00.00	00.00	00.00	00.00	1000000.00	-3
GEOM2	00.00	00.00	0.000000	0.000000	0.000000	0.000000	00.00	00.00	00.00	00.00	0003.360	0015.136	1000000.00	-3
LDF	14.295487	0.060346	49.859008	0.149606	0086066.8	0030298.1	02.24	00.02	-1
GLDF	00.00	23.72	0.000000	0.150000	0.000000	0.150000	00.00	62.27	00.00	01.41	0086066.8	0000001.4	02.24	1000000.00	-2
0774	02	00.49255	00.48755	03.46	03.42	04.56	33.62	-0.05
0472	02	00.00000	00.00000	02.03	01.51	-0.52	30.05	-0.03
0574	04	01.70188	01.70188	06.69	05.28	01.13	33.54	-0.04
0674	04	02.84768	02.85267	13.12	10.34	02.84	33.58	-0.04
0878	01	04.92443	04.91943	00.46	00.38	06.34	40.13	-0.02
0473	03	02.58776	02.58776	01.65	01.57	-0.52	31.76	-0.03
