RAW	190502	081523	555270	02
GEOM1	00.00	00.00	0.000000	0.000000	0.000000	0.000000	00.00	00.00	00.00	00.00	1000000.00	-3
GEOM2	00.00	00.00	0.000000	0.000000	0.000000	0.000000	00.00	00.00	00.00	00.00	0000.000	0000.000	1000000.00	-3
LDF	13.369946	0.150168	50.871409	0.058634	0086616.1	0027891.8	02.25	00.09	-1
GLDF	00.00	24.07	0.000000	0.150000	0.000000	0.150000	00.00	70.07	00.00	01.41	0086616.1	0000001.4	02.25	1000000.00	-2
0574	04	03.67967	03.67967	07.81	08.33	01.13	33.54	-0.04
0575	04	04.84513	04.84513	10.26	08.43	01.13	35.27	-0.03
0675	02	07.04453	07.04453	06.25	03.76	02.84	35.32	-0.04
0978	01	13.00282	13.00282	01.42	01.42	07.91	40.63	-0.05
0876	01	08.69260	08.69760	01.76	00.95	06.27	37.12	-0.05
0874	01	00.00000	00.00000	01.26	02.18	06.35	33.66	-0.06
