RAW	190529	053648	870339	02
GEOM1	00.00	00.00	0.000000	0.000000	0.000000	0.000000	00.00	00.00	00.00	00.00	1000000.00	-3
GEOM2	00.00	00.00	0.000000	0.000000	0.000000	0.000000	00.00	00.00	00.00	00.00	0000.000	0000.000	1000000.00	-3
LDF	18.852005	0.144381	56.411521	0.135128	0280065.3	0172584.3	09.51	00.67	-1
GLDF	00.00	34.04	0.000000	0.150000	0.000000	0.150000	00.00	64.51	00.00	01.41	0280065.3	0000001.4	09.51	1000000.00	-2
0772	01	04.70088	04.70588	04.94	03.59	04.71	30.23	-0.02
0673	01	00.00000	00.00000	01.17	00.87	02.92	31.83	-0.04
0978	01	01.21789	01.21789	01.02	01.29	07.91	40.63	-0.05
0978	04	04.53062	04.53062	04.16	03.89	07.91	40.63	-0.05
0878	03	06.09390	06.09390	13.76	17.22	06.34	40.13	-0.02
0877	04	03.90526	03.91026	05.53	06.44	06.20	38.86	-0.05
