RAW	190505	164449	691318	03
GEOM1	07.63	00.10	15.898137	0.150004	49.665677	0.150012	24.90	09.52	286.27	13.58	00.00	-2
GEOM2	07.71	11.87	15.898137	0.150012	49.665678	0.150036	28.80	375.27	287.14	206.53	0001.122	0437.726	00.00	-3
LDF	15.891125	0.069668	49.629869	0.160835	0064745.6	0028828.5	02.84	01.61	00
GLDF	07.66	00.10	15.893079	0.062464	49.602357	0.168438	26.57	07.66	285.17	10.16	0062898.4	0032947.7	02.82	02.31	00
0774	04	07.74099	07.73599	03.16	06.51	04.56	33.62	-0.05
0674	04	07.49355	07.48855	09.21	11.76	02.84	33.58	-0.04
0776	01	00.00000	00.00000	14.69	04.27	04.49	37.09	-0.04
0473	01	12.84182	12.83683	02.23	02.53	-0.52	31.76	-0.03
0773	04	08.55860	08.55860	03.18	05.25	04.63	31.89	-0.04
