RAW	190504	230320	232250	02
GEOM1	00.00	00.00	0.000000	0.000000	0.000000	0.000000	00.00	00.00	00.00	00.00	1000000.00	-3
GEOM2	00.00	00.00	0.000000	0.000000	0.000000	0.000000	00.00	00.00	00.00	00.00	0000.000	0000.000	1000000.00	-3
LDF	15.999218	0.129829	50.660797	0.134257	0324917.5	0166471.8	11.33	01.04	-1
GLDF	21.26	00.63	12.952715	0.104918	51.900247	0.146103	09.91	00.99	192.31	01.86	17928355.3	11843482.6	979.29	1000000.00	-2
0774	03	05.36852	05.36852	03.69	02.48	04.56	33.62	-0.05
0472	01	00.00000	00.00000	01.74	01.97	-0.52	30.05	-0.03
0674	04	08.22555	08.22055	06.44	12.29	02.84	33.58	-0.04
0978	01	08.68201	08.68201	02.74	02.02	07.91	40.63	-0.05
0775	04	06.69154	06.69154	04.71	06.55	04.56	35.35	-0.05
0474	01	13.56921	13.56921	01.05	01.75	-0.59	33.51	-0.01
