RAW	190501	205356	501155	02
GEOM1	00.00	00.00	0.000000	0.000000	0.000000	0.000000	00.00	00.00	00.00	00.00	1000000.00	-3
GEOM2	00.00	00.00	0.000000	0.000000	0.000000	0.000000	00.00	00.00	00.00	00.00	0000.000	0000.000	1000000.00	-3
LDF	19.618615	0.129854	48.412100	0.153814	0033021.4	0028352.7	00.74	01.35	-1
GLDF	00.00	27.11	0.000000	0.150000	0.000000	0.150001	00.00	60.29	00.00	01.41	0033021.4	0000001.4	00.74	1000000.00	-2
0372	01	00.00000	00.00000	01.13	01.66	-2.24	30.01	-0.01
0575	01	14.18631	14.19130	01.31	01.47	01.13	35.27	-0.03
0873	04	08.15739	08.16738	04.07	03.75	06.42	31.99	-0.03
0973	04	06.96166	06.96665	08.24	07.11	08.07	31.96	-0.03
0972	02	15.20393	15.20893	10.32	09.87	08.14	30.22	00.02
