RAW	190526	082648	248721	02
GEOM1	00.00	00.00	0.000000	0.000000	0.000000	0.000000	00.00	00.00	00.00	00.00	1000000.00	-3
GEOM2	00.00	00.00	0.000000	0.000000	0.000000	0.000000	00.00	00.00	00.00	00.00	0000.000	0000.000	1000000.00	-3
LDF	18.256488	0.164865	49.193713	0.166161	0118928.4	0119836.5	02.95	01.84	-1
GLDF	00.00	25.05	0.000000	0.150000	0.000000	0.150000	00.00	51.74	00.00	01.41	0118928.4	0000001.4	02.95	1000000.00	-2
0774	04	00.94908	00.94908	04.89	03.06	04.56	33.62	-0.05
0774	02	03.98201	03.98201	02.49	01.19	04.56	33.62	-0.05
0873	04	00.00000	00.00000	04.56	18.40	06.42	31.99	-0.03
0874	03	02.35111	02.35111	06.33	03.75	06.35	33.66	-0.06
0972	02	05.60708	05.60708	01.47	01.84	08.14	30.22	00.02
