RAW	190509	154614	649478	03
GEOM1	00.62	00.12	17.513959	0.150002	49.067895	0.150001	30.37	08.68	35.67	10.12	00.00	-2
GEOM2	00.75	00.96	17.513950	0.149685	49.067887	0.149763	22.29	63.29	31.15	48.49	0000.874	0021.746	00.00	-3
LDF	17.534056	0.121297	49.030533	0.121819	0189017.6	0064068.2	12.98	00.68	00
GLDF	00.62	00.11	17.533697	0.117951	49.025201	0.118785	31.26	06.67	35.38	07.83	0178970.9	0093433.9	14.06	00.94	00
0774	04	00.78993	00.79492	07.12	07.03	04.56	33.62	-0.05
0574	02	08.09927	08.09428	11.63	22.68	01.13	33.54	-0.04
0673	04	00.00000	00.00000	02.26	01.79	02.92	31.83	-0.04
0873	04	01.06052	01.06052	03.96	13.05	06.42	31.99	-0.03
0773	02	02.97519	02.97519	29.14	22.19	04.63	31.89	-0.04
0773	02	08.54639	08.55138	01.78	01.31	04.63	31.89	-0.04
