RAW	190525	153541	015424	02
GEOM1	00.00	00.00	0.000000	0.000000	0.000000	0.000000	00.00	00.00	00.00	00.00	1000000.00	-3
GEOM2	00.00	00.00	0.000000	0.000000	0.000000	0.000000	00.00	00.00	00.00	00.00	0000.000	0000.000	1000000.00	-3
LDF	12.674615	0.186301	50.998891	0.188101	0287055.5	0309866.4	09.82	02.91	-1
GLDF	00.00	22.94	0.000000	0.150000	0.000000	0.150000	00.00	67.12	00.00	01.41	0287055.5	0000001.4	09.82	1000000.00	-2
0574	02	00.00000	00.00000	04.45	05.68	01.13	33.54	-0.04
0674	01	00.27629	00.27629	01.22	01.56	02.84	33.58	-0.04
0575	04	01.95088	01.95088	15.71	11.74	01.13	35.27	-0.03
0878	01	02.25316	02.25316	01.42	01.70	06.34	40.13	-0.02
0474	04	02.50271	02.50271	09.24	04.81	-0.59	33.51	-0.01
