RAW	190510	212039	264335	02
GEOM1	00.00	00.00	0.000000	0.000000	0.000000	0.000000	00.00	00.00	00.00	00.00	1000000.00	-3
GEOM2	00.00	00.00	0.000000	0.000000	0.000000	0.000000	00.00	00.00	00.00	00.00	0000.000	0000.000	1000000.00	-3
LDF	15.480485	0.150041	50.299710	0.150000	0322044.3	0263155.3	11.22	00.00	-2
GLDF	02.27	 -nan	14.570956	  -nan	48.741037	  -nan	89.74	 -nan	178.37	 -nan	4312852641.3	      nan	  inf	1000000.00	-2
0774	04	02.96513	02.96513	05.90	02.79	04.56	33.62	-0.05
0472	01	11.88010	11.88010	01.30	01.07	-0.52	30.05	-0.03
0674	04	03.20352	03.20352	42.39	48.47	02.84	33.58	-0.04
0777	01	03.44683	03.44683	00.72	01.06	04.48	38.84	-0.02
0775	03	05.64925	05.65425	12.79	05.56	04.56	35.35	-0.05
1073	01	00.00000	00.00000	00.85	01.40	09.86	32.00	-0.03
