RAW	190517	021809	913805	03
GEOM1	00.45	00.10	12.120215	0.149921	47.804017	0.150101	35.25	05.39	237.62	08.19	00.00	-2
GEOM2	00.51	09.52	12.120224	0.150283	47.804025	0.150419	36.39	105.37	243.96	951.60	0000.711	0424.768	00.00	-3
LDF	12.268365	0.131695	47.678138	0.137056	0024719.1	0015205.8	02.07	02.76	00
GLDF	00.47	00.08	12.288932	0.112359	47.656911	0.107429	36.46	03.18	240.20	05.84	0025410.1	0012699.8	02.29	03.11	00
0472	04	01.35701	01.35701	05.08	04.17	-0.52	30.05	-0.03
0777	01	04.47420	04.47919	01.00	00.41	04.48	38.84	-0.02
0972	01	06.53013	06.53013	01.20	01.30	08.14	30.22	00.02
0573	04	00.00000	00.00000	04.14	05.20	01.13	31.81	-0.04
0473	04	00.42593	00.43093	14.80	05.48	-0.52	31.76	-0.03
