RAW	190515	102342	467368	01
GEOM1	00.00	00.00	0.000000	0.000000	0.000000	0.000000	00.00	00.00	00.00	00.00	1000000.00	-4
GEOM2	00.00	00.00	0.000000	0.000000	0.000000	0.000000	00.00	00.00	00.00	00.00	0000.000	0000.000	1000000.00	-4
LDF	18.516800	0.118679	53.559300	0.116755	0000001.0	0150081.0	17.34	1000000.00	-3
GLDF	95.74	3924779945952640000.00	19.897740	3924779945952677376.000000	57.584890	3924779945952677376.000000	01.08	3924779945952678912.00	04.80	3924779945957973504.00	-119526611.2	0000000.0	  nan	1000000.00	-4
0772	01	02.54492	02.55492	01.11	00.57	04.71	30.23	-0.02
0772	01	05.09818	05.10317	01.90	01.22	04.71	30.23	-0.02
0774	01	05.16416	05.16916	05.17	04.45	04.56	33.62	-0.05
0876	04	03.40559	03.41059	05.22	05.13	06.27	37.12	-0.05
0776	02	01.25024	01.26023	10.85	10.95	04.49	37.09	-0.04
0976	02	00.00000	00.00000	08.98	09.05	07.99	37.16	-0.09
