RAW	190501	222906	156090	03
GEOM1	03.48	00.15	21.311619	0.149965	52.673791	0.150002	74.04	03.61	170.96	00.99	00.00	-2
GEOM2	03.48	00.46	21.311612	0.144572	52.673791	0.149599	74.67	11.79	170.93	03.14	0001.307	0021.348	00.00	-3
LDF	21.311453	0.149871	52.669386	0.152637	0000000.4	0000000.1	02.76	02.56	00
GLDF	03.50	00.15	21.307172	0.148262	52.651416	0.121909	76.88	01.78	170.75	00.70	0000000.0	0000000.0	02.09	01.60	00
0576	01	09.45027	09.45027	00.86	01.98	01.05	37.01	-0.02
0777	01	00.00000	00.00000	01.53	02.52	04.48	38.84	-0.02
1075	04	02.73820	02.74320	03.73	03.67	09.78	35.47	-0.10
1076	04	03.07687	03.08186	15.39	06.04	09.70	37.20	-0.12
0975	04	04.42002	04.42502	08.57	08.98	07.99	35.38	-0.08
