RAW	190528	231347	382248	03
GEOM1	06.40	00.12	11.427446	0.150010	47.306005	0.150004	28.69	12.83	166.71	09.34	00.00	-2
GEOM2	06.49	12.54	11.427447	0.150045	47.306007	0.150010	35.18	684.80	168.96	209.65	0001.100	0415.569	00.00	-3
LDF	11.413590	0.154885	47.373122	0.071387	0039519.6	0016370.2	02.25	01.30	00
GLDF	06.42	00.11	11.403428	0.157520	47.379764	0.063071	29.73	10.99	166.15	07.27	0037808.6	0026265.7	01.99	01.83	00
0372	04	07.28188	07.27688	02.54	02.76	-2.24	30.01	-0.01
0472	04	06.27944	06.27944	05.38	05.17	-0.52	30.05	-0.03
0876	01	04.48324	04.48324	01.35	01.59	06.27	37.12	-0.05
0775	01	00.00000	00.00000	02.72	01.17	04.56	35.35	-0.05
0975	01	00.15083	00.15083	02.48	02.64	07.99	35.38	-0.08
0473	04	06.46757	06.46757	09.02	05.78	-0.52	31.76	-0.03
