RAW	190531	200236	808463	02
GEOM1	00.00	00.00	0.000000	0.000000	0.000000	0.000000	00.00	00.00	00.00	00.00	1000000.00	-3
GEOM2	00.00	00.00	0.000000	0.000000	0.000000	0.000000	00.00	00.00	00.00	00.00	0000.000	0000.000	1000000.00	-3
LDF	11.135080	0.192347	47.065844	0.151608	0051748.7	0058768.2	01.51	02.13	-1
GLDF	00.00	24.27	0.000000	0.150000	0.000000	0.150000	00.00	72.97	00.00	01.41	0051748.7	0000001.4	01.51	1000000.00	-2
0372	04	02.37846	02.38346	04.46	05.15	-2.24	30.01	-0.01
0472	04	01.50879	01.51378	06.48	04.81	-0.52	30.05	-0.03
0974	01	06.19135	06.19634	03.48	01.50	08.06	33.70	-0.06
0473	03	03.54001	03.55001	06.25	04.27	-0.52	31.76	-0.03
0473	02	08.22184	08.22684	03.19	00.86	-0.52	31.76	-0.03
0475	01	00.00000	00.00000	01.08	01.21	-0.66	35.24	-0.01
0475	01	00.93438	00.93937	05.21	02.99	-0.66	35.24	-0.01
