RAW	190529	122450	183474	04
GEOM1	06.62	00.10	14.336385	0.150995	47.288048	0.151037	18.69	04.93	158.40	24.57	01.03	-1
GEOM2	06.45	00.15	14.335958	0.150006	47.283685	0.150028	20.30	04.98	170.17	20.81	0009.068	0003.439	00.00	-2
LDF	14.350561	0.095290	47.389376	0.127048	0171679.1	0075646.8	07.14	01.98	01
GLDF	06.64	00.08	14.351317	0.085714	47.421448	0.104170	18.69	03.94	150.99	19.25	0183880.8	0072591.9	07.67	04.00	02
0775	01	00.00000	00.00000	02.29	01.29	04.56	35.35	-0.05
0676	01	00.32638	00.33137	01.86	01.81	02.77	37.09	-0.03
1073	01	05.93904	05.93904	03.11	06.34	09.86	32.00	-0.03
0573	04	07.18465	07.17965	05.51	08.08	01.13	31.81	-0.04
0773	04	07.57548	07.58048	01.71	01.26	04.63	31.89	-0.04
0672	04	06.40042	06.40042	07.55	07.52	02.92	30.12	-0.04
0572	04	07.08228	07.08228	04.06	03.59	01.20	30.14	-0.04
