RAW	190517	065147	176559	03
GEOM1	05.52	00.13	14.054853	0.149965	52.991978	0.150005	61.97	02.25	358.09	02.50	00.00	-2
GEOM2	05.54	00.41	14.054853	0.143459	52.991974	0.149738	62.34	05.26	357.28	20.25	0000.797	0016.403	00.00	-3
LDF	14.099887	0.149128	52.937609	0.167416	0000169.7	0000113.0	02.11	02.71	00
GLDF	05.58	00.13	14.119085	0.147102	52.919139	0.176618	62.23	02.07	358.14	02.04	0000168.9	0000146.7	02.29	03.88	00
0576	04	04.87006	04.87006	04.93	03.67	01.05	37.01	-0.02
0575	04	05.04007	05.04007	03.82	04.73	01.13	35.27	-0.03
0978	01	00.00000	00.00000	01.70	00.74	07.91	40.63	-0.05
0676	04	06.39175	06.38676	07.60	05.29	02.77	37.09	-0.03
0975	01	08.53409	08.52909	00.77	01.56	07.99	35.38	-0.08
