RAW	190517	192232	996142	02
GEOM1	00.00	00.00	0.000000	0.000000	0.000000	0.000000	00.00	00.00	00.00	00.00	1000000.00	-3
GEOM2	00.00	00.00	0.000000	0.000000	0.000000	0.000000	00.00	00.00	00.00	00.00	0000.000	0000.000	1000000.00	-3
LDF	16.878392	0.150019	48.290892	0.114419	0836387.7	0408031.5	31.91	00.04	-1
GLDF	00.00	29.33	0.000000	0.150000	0.000000	0.150000	00.00	63.09	00.00	01.41	0836387.7	0000001.4	31.91	1000000.00	-2
0772	04	03.83100	03.83599	03.47	05.35	04.71	30.23	-0.02
0772	02	09.12238	09.13238	02.37	03.27	04.71	30.23	-0.02
0774	04	04.11382	04.11382	03.20	03.50	04.56	33.62	-0.05
0976	01	00.00000	00.00000	01.32	02.52	07.99	37.16	-0.09
1072	01	01.73976	01.74476	00.79	01.37	09.86	30.29	00.00
0773	03	04.40543	04.41043	19.79	15.84	04.63	31.89	-0.04
