RAW	190522	233949	433344	02
GEOM1	00.00	00.00	0.000000	0.000000	0.000000	0.000000	00.00	00.00	00.00	00.00	1000000.00	-3
GEOM2	00.00	00.00	0.000000	0.000000	0.000000	0.000000	00.00	00.00	00.00	00.00	0000.000	0000.000	1000000.00	-3
LDF	15.937498	0.075486	48.298211	0.151875	0065121.1	0028674.7	01.84	00.91	-1
GLDF	00.00	23.97	0.000000	0.150000	0.000000	0.150001	00.00	65.99	00.00	01.41	0065121.1	0000001.4	01.84	1000000.00	-2
0673	01	00.00000	00.00000	01.04	00.96	02.92	31.83	-0.04
0673	04	06.38074	06.38574	09.71	09.01	02.92	31.83	-0.04
0977	01	09.14829	09.14829	00.84	00.92	07.92	38.89	-0.09
0873	02	05.00530	05.01029	07.72	07.78	06.42	31.99	-0.03
0775	01	08.31852	08.32852	02.41	00.79	04.56	35.35	-0.05
0877	01	07.71352	07.71852	01.37	01.45	06.20	38.86	-0.05
0573	02	03.01166	03.01666	01.74	01.50	01.13	31.81	-0.04
0773	04	07.74426	07.74926	06.08	05.37	04.63	31.89	-0.04
