RAW	190511	152337	092400	02
GEOM1	00.00	00.00	0.000000	0.000000	0.000000	0.000000	00.00	00.00	00.00	00.00	1000000.00	-3
GEOM2	00.00	00.00	0.000000	0.000000	0.000000	0.000000	00.00	00.00	00.00	00.00	0000.000	0000.000	1000000.00	-3
LDF	17.443173	0.150353	47.613767	0.131192	0084090.1	0059607.2	02.20	01.64	-1
GLDF	00.00	25.71	0.000000	0.150000	0.000000	0.150000	00.00	57.05	00.00	01.41	0084090.1	0000001.4	02.20	1000000.00	-2
0772	04	02.01314	02.01314	06.25	05.38	04.71	30.23	-0.02
0873	03	04.64514	04.64514	04.61	04.67	06.42	31.99	-0.03
1075	01	00.00000	00.00000	01.10	01.54	09.78	35.47	-0.10
0974	02	09.04146	09.03646	01.21	02.89	08.06	33.70	-0.06
0773	04	03.16421	03.16421	03.47	07.46	04.63	31.89	-0.04
0872	01	08.48533	08.49033	01.43	01.28	06.35	30.23	00.01
