RAW	190502	063357	165906	02
GEOM1	00.00	00.00	0.000000	0.000000	0.000000	0.000000	00.00	00.00	00.00	00.00	1000000.00	-3
GEOM2	00.00	00.00	0.000000	0.000000	0.000000	0.000000	00.00	00.00	00.00	00.00	0000.000	0000.000	1000000.00	-3
LDF	14.319429	0.121496	47.355595	0.124846	0341259.4	0134816.2	11.96	00.54	-1
GLDF	00.00	23.07	0.000000	0.150000	0.000000	0.150000	00.00	60.59	00.00	01.41	0341259.4	0000001.4	11.96	1000000.00	-2
0774	01	06.88631	06.88631	01.09	01.64	04.56	33.62	-0.05
0973	01	05.75338	05.75338	00.99	01.40	08.07	31.96	-0.03
0877	01	00.00000	00.00000	01.42	01.03	06.20	38.86	-0.05
0573	04	03.20432	03.20932	07.59	05.23	01.13	31.81	-0.04
0672	04	01.83932	01.83932	10.94	05.87	02.92	30.12	-0.04
0572	02	00.11397	00.11397	14.66	11.65	01.20	30.14	-0.04
