RAW	190520	203852	882890	02
GEOM1	00.00	00.00	0.000000	0.000000	0.000000	0.000000	00.00	00.00	00.00	00.00	1000000.00	-3
GEOM2	00.00	00.00	0.000000	0.000000	0.000000	0.000000	00.00	00.00	00.00	00.00	0000.000	0000.000	1000000.00	-3
LDF	16.706804	0.115057	53.533585	0.150032	0967290.6	0470274.7	37.42	00.03	-1
GLDF	00.00	34.07	0.000000	0.150000	0.000000	0.150000	00.00	70.50	00.00	01.41	0967290.6	0000001.4	37.42	1000000.00	-2
0574	01	01.66579	01.66579	01.01	00.90	01.13	33.54	-0.04
0876	04	05.28138	05.28138	03.16	03.62	06.27	37.12	-0.05
0776	03	03.61216	03.61216	21.68	20.37	04.49	37.09	-0.04
0676	04	03.80734	03.80734	04.39	03.95	02.77	37.09	-0.03
0972	01	05.88922	05.89422	01.00	01.06	08.14	30.22	00.02
1072	01	00.00000	00.00000	00.97	01.89	09.86	30.29	00.00
