RAW	190501	222402	611964	03
GEOM1	01.23	00.12	11.244230	0.150011	47.136230	0.149872	47.18	04.50	302.27	04.91	00.00	-2
GEOM2	01.29	00.45	11.244245	0.148823	47.136205	0.147126	43.97	24.18	299.93	18.44	0000.672	0013.401	00.00	-3
LDF	11.232613	0.157729	47.175742	0.169134	0001356.4	0001229.6	00.30	03.92	00
GLDF	01.18	00.14	11.224885	0.165758	47.208295	0.194875	46.50	04.21	302.13	04.39	0001743.4	0002276.0	00.35	05.76	00
0372	04	01.31539	01.32539	03.45	03.18	-2.24	30.01	-0.01
0472	04	01.87349	01.87849	05.26	02.68	-0.52	30.05	-0.03
0777	01	03.86337	03.86836	02.02	02.03	04.48	38.84	-0.02
0878	01	00.00000	00.00000	00.88	03.67	06.34	40.13	-0.02
0473	04	00.85660	00.86160	05.02	04.13	-0.52	31.76	-0.03
