RAW	190512	093455	456055	02
GEOM1	00.00	00.00	0.000000	0.000000	0.000000	0.000000	00.00	00.00	00.00	00.00	1000000.00	-3
GEOM2	00.00	00.00	0.000000	0.000000	0.000000	0.000000	00.00	00.00	00.00	00.00	0000.000	0000.000	1000000.00	-3
LDF	16.929092	0.150000	47.126763	0.150037	0155282.8	0140399.0	04.04	00.00	-2
GLDF	00.00	24.92	0.000000	0.150000	0.000000	0.150000	00.00	58.34	00.00	01.41	0155282.8	0000001.4	04.04	1000000.00	-2
0772	04	03.80997	03.80497	10.30	08.30	04.71	30.23	-0.02
0876	01	00.00000	00.00000	01.56	01.37	06.27	37.12	-0.05
1073	01	00.60596	00.60596	02.63	02.44	09.86	32.00	-0.03
0773	04	03.89859	03.89360	03.69	03.34	04.63	31.89	-0.04
0872	02	07.01558	07.01558	05.23	04.51	06.35	30.23	00.01
