RAW	190505	230810	857441	01
GEOM1	00.00	00.00	0.000000	0.000000	0.000000	0.000000	00.00	00.00	00.00	00.00	1000000.00	-4
GEOM2	00.00	00.00	0.000000	0.000000	0.000000	0.000000	00.00	00.00	00.00	00.00	0000.000	0000.000	1000000.00	-4
LDF	18.516800	0.155026	53.559300	0.086972	0000001.0	0044064.3	02.21	1000000.00	-3
GLDF	00.00	47.38	0.000000	0.150000	0.000000	0.150000	00.00	86.00	00.00	01.41	0000001.0	0000001.4	00.00	1000000.00	-4
0876	04	01.44289	01.44289	04.76	03.64	06.27	37.12	-0.05
0876	02	09.37246	09.37246	06.28	02.69	06.27	37.12	-0.05
0776	02	03.77967	03.77967	09.45	06.70	04.49	37.09	-0.04
0676	02	01.27728	01.27728	05.11	06.12	02.77	37.09	-0.03
0672	01	00.00000	00.00000	01.20	00.62	02.92	30.12	-0.04
