RAW	190522	064632	811523	03
GEOM1	04.90	00.12	17.373693	0.149971	49.032571	0.150018	54.18	02.24	131.58	02.95	00.00	-2
GEOM2	04.91	00.43	17.373652	0.147673	49.032617	0.147141	54.05	12.94	131.63	05.03	0001.157	0018.574	00.00	-3
LDF	17.402347	0.130178	48.995395	0.106415	0001686.8	0000634.4	02.46	00.34	00
GLDF	04.85	00.10	17.412784	0.123096	48.986441	0.094750	53.98	01.87	131.78	02.38	0001792.7	0000961.5	02.57	00.43	00
0774	04	05.88723	05.88723	06.60	04.78	04.56	33.62	-0.05
0873	04	03.91114	03.91114	03.61	04.99	06.42	31.99	-0.03
0874	02	11.07847	11.07348	00.96	02.04	06.35	33.66	-0.06
0573	01	00.00000	00.00000	00.38	00.50	01.13	31.81	-0.04
0773	04	04.80504	04.80504	06.05	03.22	04.63	31.89	-0.04
