RAW	190506	025015	006426	02
GEOM1	00.00	00.00	0.000000	0.000000	0.000000	0.000000	00.00	00.00	00.00	00.00	1000000.00	-3
GEOM2	00.00	00.00	0.000000	0.000000	0.000000	0.000000	00.00	00.00	00.00	00.00	0000.000	0000.000	1000000.00	-3
LDF	16.111059	0.121908	50.802758	0.117953	0414869.0	0145273.8	14.81	00.14	-1
GLDF	00.00	25.13	0.000000	0.150000	0.000000	0.150000	00.00	64.00	00.00	01.41	0414869.0	0000001.4	14.81	1000000.00	-2
0774	03	03.63407	03.63906	03.12	02.99	04.56	33.62	-0.05
0674	04	04.82964	04.82964	10.18	04.62	02.84	33.58	-0.04
0874	01	02.78024	02.77525	01.25	01.25	06.35	33.66	-0.06
0775	04	04.99597	04.99597	08.78	08.89	04.56	35.35	-0.05
0475	01	00.00000	00.00000	01.33	01.10	-0.66	35.24	-0.01
