RAW	190525	091555	367756	03
GEOM1	06.24	00.13	13.960049	0.149940	51.222974	0.150131	59.47	02.92	346.63	02.47	00.00	-2
GEOM2	06.27	06.41	13.960096	0.150228	51.222945	0.150517	60.98	357.58	345.59	284.24	0000.579	0283.443	00.00	-3
LDF	14.000378	0.160092	51.135368	0.184216	0000403.3	0000324.9	02.80	05.28	00
GLDF	06.32	00.14	14.012550	0.167840	51.070172	0.215070	60.20	02.88	346.38	01.91	0000428.6	0000437.7	04.28	07.50	00
0372	01	00.00000	00.00000	01.09	02.41	-2.24	30.01	-0.01
0574	04	06.07564	06.07564	07.35	05.14	01.13	33.54	-0.04
0575	04	05.67836	05.67836	08.58	06.86	01.13	35.27	-0.03
0675	04	07.13215	07.13215	09.46	05.17	02.84	35.32	-0.04
0675	01	11.03446	11.03446	01.44	01.21	02.84	35.32	-0.04
