RAW	190502	153522	910497	03
GEOM1	07.84	00.12	15.775972	0.150017	47.718398	0.150033	53.89	02.20	210.69	03.10	00.00	-2
GEOM2	07.85	00.43	15.776022	0.146476	47.718450	0.148598	54.29	04.41	210.80	04.76	0001.284	0019.932	00.00	-3
LDF	15.754214	0.113337	47.658600	0.119043	0002009.0	0000747.4	03.03	00.46	00
GLDF	07.89	00.10	15.746867	0.107158	47.644089	0.101317	53.97	01.81	211.14	02.47	0002009.7	0000985.2	03.11	00.55	00
0673	02	00.00000	00.00000	02.85	03.61	02.92	31.83	-0.04
0673	04	08.09460	08.09960	05.77	04.15	02.92	31.83	-0.04
1075	01	04.90807	04.90807	01.92	01.52	09.78	35.47	-0.10
0474	01	10.06570	10.07569	02.02	01.12	-0.59	33.51	-0.01
0773	04	06.87366	06.87865	04.00	07.66	04.63	31.89	-0.04
0672	04	08.81072	08.81572	06.25	04.64	02.92	30.12	-0.04
