RAW	190503	183129	054644	02
GEOM1	00.00	00.00	0.000000	0.000000	0.000000	0.000000	00.00	00.00	00.00	00.00	1000000.00	-3
GEOM2	00.00	00.00	0.000000	0.000000	0.000000	0.000000	00.00	00.00	00.00	00.00	0000.000	0000.000	1000000.00	-3
LDF	12.843763	0.174025	47.142747	0.171403	0078626.1	0090243.2	02.10	02.14	-1
GLDF	00.00	23.34	0.000000	0.150000	0.000000	0.150001	00.00	73.70	00.00	01.41	0078626.1	0000001.4	02.10	1000000.00	-2
0472	02	08.03189	08.03189	05.46	02.17	-0.52	30.05	-0.03
0676	01	14.44525	14.44525	02.03	01.93	02.77	37.09	-0.03
0573	02	00.00000	00.00000	03.96	00.76	01.13	31.81	-0.04
0473	04	05.34738	05.34738	04.48	04.48	-0.52	31.76	-0.03
0572	04	05.80068	05.80068	11.82	06.74	01.20	30.14	-0.04
