RAW	190504	110033	462348	03
GEOM1	06.24	00.04	11.639763	0.150085	48.034158	0.150327	15.17	10.29	41.38	60.11	00.00	-2
GEOM2	06.28	00.45	11.639772	0.150050	48.034152	0.150013	04.90	55.42	354.60	1323.20	0000.110	0046.102	00.00	-3
LDF	11.628740	0.152114	48.043187	0.150035	0357471.2	0297544.1	14.78	01.18	-1
GLDF	06.24	00.03	11.625046	0.150328	48.049404	0.105681	15.92	07.44	38.19	41.34	0359513.4	0219604.7	15.08	01.74	-1
0774	01	09.04852	09.04852	01.49	00.87	04.56	33.62	-0.05
0372	04	06.17907	06.17907	03.32	02.59	-2.24	30.01	-0.01
0472	04	06.33452	06.33452	02.54	02.85	-0.52	30.05	-0.03
0777	01	00.00000	00.00000	01.07	01.70	04.48	38.84	-0.02
0777	01	01.44903	01.44403	00.75	01.20	04.48	38.84	-0.02
0877	01	09.65143	09.65143	00.93	01.63	06.20	38.86	-0.05
0676	01	02.27882	02.27882	02.28	01.64	02.77	37.09	-0.03
0473	04	06.31327	06.31327	64.30	43.94	-0.52	31.76	-0.03
0475	01	09.70838	09.71338	01.06	00.95	-0.66	35.24	-0.01
