RAW	190529	032916	438890	02
GEOM1	00.00	00.00	0.000000	0.000000	0.000000	0.000000	00.00	00.00	00.00	00.00	1000000.00	-3
GEOM2	00.00	00.00	0.000000	0.000000	0.000000	0.000000	00.00	00.00	00.00	00.00	0000.000	0000.000	1000000.00	-3
LDF	16.841869	0.150374	49.147069	0.087881	0035047.3	0018764.5	00.84	00.19	-1
GLDF	00.00	30.66	0.000000	0.150000	0.000000	0.150000	00.00	58.77	00.00	01.41	0035047.3	0000001.4	00.84	1000000.00	-2
0772	02	03.28137	03.28137	02.36	05.45	04.71	30.23	-0.02
0774	04	00.00000	00.00000	03.43	03.03	04.56	33.62	-0.05
0775	01	08.83337	08.83337	00.95	01.72	04.56	35.35	-0.05
0773	04	00.10110	00.09610	03.94	04.21	04.63	31.89	-0.04
0672	02	07.09485	07.08985	03.06	02.73	02.92	30.12	-0.04
