RAW	190516	041513	386301	03
GEOM1	05.10	00.10	14.774295	0.149998	49.107666	0.150003	32.64	06.49	60.66	11.32	00.00	-2
GEOM2	05.18	00.51	14.774286	0.149564	49.107651	0.148663	30.64	11.21	68.27	49.06	0000.931	0019.218	00.00	-3
LDF	14.777690	0.152542	49.024347	0.076334	0031787.4	0013629.4	01.99	02.44	00
GLDF	05.06	00.08	14.764392	0.160017	49.019685	0.068409	31.24	06.02	61.12	10.91	0036505.3	0023672.7	02.12	03.41	00
0574	04	05.41713	05.41213	03.95	04.46	01.13	33.54	-0.04
0673	04	04.90269	04.90269	12.26	09.09	02.92	31.83	-0.04
0674	04	05.72564	05.72564	05.68	05.77	02.84	33.58	-0.04
0777	01	00.00000	00.00000	01.36	00.42	04.48	38.84	-0.02
0977	01	08.33393	08.33393	02.43	01.21	07.92	38.89	-0.09
0976	01	08.94338	08.94338	01.48	00.90	07.99	37.16	-0.09
