RAW	190514	073515	119836	02
GEOM1	00.00	00.00	0.000000	0.000000	0.000000	0.000000	00.00	00.00	00.00	00.00	1000000.00	-3
GEOM2	00.00	00.00	0.000000	0.000000	0.000000	0.000000	00.00	00.00	00.00	00.00	0000.000	0000.000	1000000.00	-3
LDF	13.370226	0.153482	49.256262	0.137632	0039927.2	0035257.6	01.07	01.35	-1
GLDF	00.00	26.27	0.000000	0.150000	0.000000	0.150000	00.00	68.70	00.00	01.41	0039927.2	0000001.4	01.07	1000000.00	-2
0574	04	02.60954	02.60954	08.47	06.51	01.13	33.54	-0.04
0575	02	00.00000	00.00000	04.90	04.92	01.13	35.27	-0.03
0676	01	07.51712	07.51712	01.03	01.15	02.77	37.09	-0.03
0573	04	02.93838	02.94338	04.37	03.49	01.13	31.81	-0.04
0475	01	00.00686	00.01186	01.00	00.47	-0.66	35.24	-0.01
