RAW	190520	094259	266858	02
GEOM1	00.00	00.00	0.000000	0.000000	0.000000	0.000000	00.00	00.00	00.00	00.00	1000000.00	-3
GEOM2	00.00	00.00	0.000000	0.000000	0.000000	0.000000	00.00	00.00	00.00	00.00	0000.000	0000.000	1000000.00	-3
LDF	11.407107	0.150000	47.874552	0.150000	1404185.0	1203723.8	56.28	00.00	-2
GLDF	00.00	23.09	0.000000	0.150000	0.000000	0.150001	00.00	82.54	00.00	01.41	1404185.0	0000001.4	56.28	1000000.00	-2
0372	04	05.60938	05.60938	02.91	02.76	-2.24	30.01	-0.01
0472	02	08.19105	08.19105	03.65	04.01	-0.52	30.05	-0.03
0777	01	13.11210	13.10710	02.26	02.82	04.48	38.84	-0.02
0978	01	00.00000	00.00000	01.93	01.36	07.91	40.63	-0.05
0473	04	05.94749	05.94749	14.93	10.07	-0.52	31.76	-0.03
