RAW	190530	160443	626865	02
GEOM1	00.00	00.00	0.000000	0.000000	0.000000	0.000000	00.00	00.00	00.00	00.00	1000000.00	-3
GEOM2	00.00	00.00	0.000000	0.000000	0.000000	0.000000	00.00	00.00	00.00	00.00	0000.000	0000.000	1000000.00	-3
LDF	18.486462	0.150005	55.682313	0.150103	0050425.4	0048759.7	01.47	00.00	-2
GLDF	00.00	30.21	0.000000	0.150000	0.000000	0.150000	00.00	65.52	00.00	01.41	0050425.4	0000001.4	01.47	1000000.00	-2
0472	01	00.00000	00.00000	02.92	03.63	-0.52	30.05	-0.03
0978	02	08.21506	08.22006	09.76	08.94	07.91	40.63	-0.05
0878	04	06.40756	06.41256	04.96	03.90	06.34	40.13	-0.02
0776	01	08.67228	08.68227	01.38	00.74	04.49	37.09	-0.04
0974	01	02.85634	02.85634	02.18	02.82	08.06	33.70	-0.06
0877	04	05.47900	05.48400	11.60	08.87	06.20	38.86	-0.05
