RAW	190505	230347	688837	01
GEOM1	00.00	00.00	0.000000	0.000000	0.000000	0.000000	00.00	00.00	00.00	00.00	1000000.00	-4
GEOM2	00.00	00.00	0.000000	0.000000	0.000000	0.000000	00.00	00.00	00.00	00.00	0000.000	0000.000	1000000.00	-4
LDF	16.803490	0.155026	50.059600	0.086972	0000001.0	0044064.3	02.21	1000000.00	-3
GLDF	00.00	45.95	0.000000	0.150000	0.000000	0.150000	00.00	95.23	00.00	01.41	0000001.0	0000001.4	00.00	1000000.00	-4
0774	04	04.41391	04.41391	03.04	03.49	04.56	33.62	-0.05
0878	01	00.15993	00.15993	01.90	03.49	06.34	40.13	-0.02
0874	01	11.01027	11.01027	00.55	01.25	06.35	33.66	-0.06
0775	02	01.70837	01.71337	10.34	06.98	04.56	35.35	-0.05
0572	01	00.00000	00.00000	00.68	01.67	01.20	30.14	-0.04
