RAW	190529	231051	749538	02
GEOM1	00.00	00.00	0.000000	0.000000	0.000000	0.000000	00.00	00.00	00.00	00.00	1000000.00	-3
GEOM2	00.00	00.00	0.000000	0.000000	0.000000	0.000000	00.00	00.00	00.00	00.00	0000.000	0000.000	1000000.00	-3
LDF	13.687870	0.150000	53.249327	0.149975	0623565.7	0494295.9	23.14	00.00	-2
GLDF	00.00	23.64	0.000000	0.150000	0.000000	0.150000	00.00	70.88	00.00	01.41	0623565.7	0000001.4	23.14	1000000.00	-2
0772	01	00.00000	00.00000	02.99	02.45	04.71	30.23	-0.02
0576	04	04.82366	04.81867	30.87	10.73	01.05	37.01	-0.02
0673	01	11.53154	11.53154	02.25	01.86	02.92	31.83	-0.04
0575	04	03.45895	03.45895	03.65	04.51	01.13	35.27	-0.03
0676	03	03.16811	03.16811	07.60	06.59	02.77	37.09	-0.03
0473	01	04.63127	04.58630	01.52	02.04	-0.52	31.76	-0.03
0672	01	05.02502	05.02502	02.26	01.53	02.92	30.12	-0.04
