RAW	190517	235944	340969	02
GEOM1	00.00	00.00	0.000000	0.000000	0.000000	0.000000	00.00	00.00	00.00	00.00	1000000.00	-3
GEOM2	00.00	00.00	0.000000	0.000000	0.000000	0.000000	00.00	00.00	00.00	00.00	0000.000	0000.000	1000000.00	-3
LDF	16.876065	0.149945	48.353395	0.112509	0824211.2	0396859.5	31.40	00.01	-1
GLDF	00.00	29.80	0.000000	0.150000	0.000000	0.150001	00.00	71.39	00.00	01.41	0824211.2	0000001.4	31.40	1000000.00	-2
0772	04	09.45132	09.46131	02.81	04.63	04.71	30.23	-0.02
0774	04	06.69993	06.69993	03.67	03.71	04.56	33.62	-0.05
0675	02	00.00000	00.00000	01.47	01.48	02.84	35.32	-0.04
0876	01	04.08700	04.08700	01.26	01.33	06.27	37.12	-0.05
0773	03	08.42338	08.43337	06.51	06.73	04.63	31.89	-0.04
