RAW	190509	081414	740560	02
GEOM1	00.00	00.00	0.000000	0.000000	0.000000	0.000000	00.00	00.00	00.00	00.00	1000000.00	-3
GEOM2	00.00	00.00	0.000000	0.000000	0.000000	0.000000	00.00	00.00	00.00	00.00	0007.989	0102.671	1000000.00	-3
LDF	17.344152	0.150148	50.941413	0.098027	0091045.8	0052530.1	02.33	00.70	-1
GLDF	00.00	30.23	0.000000	0.150000	0.000000	0.150001	00.00	74.78	00.00	01.41	0091045.8	0000001.4	02.33	1000000.00	-2
0774	04	08.90379	08.89879	03.44	03.18	04.56	33.62	-0.05
0575	01	00.00000	00.00000	02.15	02.43	01.13	35.27	-0.03
0876	01	02.43120	02.43120	01.17	00.88	06.27	37.12	-0.05
0874	03	07.06290	07.06290	04.81	03.23	06.35	33.66	-0.06
1076	01	10.32309	10.32808	03.44	02.25	09.70	37.20	-0.12
0775	04	09.07648	09.07148	04.61	07.22	04.56	35.35	-0.05
