RAW	190523	121035	633146	03
GEOM1	05.39	00.14	17.385651	0.149922	50.685214	0.150003	68.88	01.95	96.77	01.41	00.00	-2
GEOM2	05.39	00.33	17.385689	0.149493	50.685221	0.139612	68.99	12.42	96.65	10.01	0000.942	0017.920	00.00	-3
LDF	17.451488	0.143643	50.685243	0.148233	0000020.4	0000007.4	04.88	00.93	00
GLDF	05.38	00.14	17.474636	0.137759	50.687904	0.148242	69.21	01.88	96.48	01.11	0000017.6	0000019.8	05.13	01.23	00
0774	04	04.91321	04.90822	05.61	08.10	04.56	33.62	-0.05
0574	01	06.30546	06.30046	00.69	01.08	01.13	33.54	-0.04
0873	01	03.64233	03.64233	00.34	00.43	06.42	31.99	-0.03
0874	04	04.76968	04.76968	07.75	06.22	06.35	33.66	-0.06
0775	04	06.51000	06.51000	08.21	06.97	04.56	35.35	-0.05
0773	02	00.00000	00.00000	01.82	01.32	04.63	31.89	-0.04
