RAW	190508	065346	425746	03
GEOM1	-0.06	00.04	18.690079	0.149926	55.424692	0.150045	02.63	07.97	153.95	169.97	00.00	-2
GEOM2	-0.01	00.10	18.690103	0.148724	55.424699	0.146841	09.41	16.96	60.66	40.74	0000.223	0008.481	00.00	-3
LDF	18.758998	0.159155	55.357327	0.145356	0229975.6	0169725.1	07.23	01.44	-1
GLDF	-0.07	00.02	18.792195	0.146240	55.331635	0.132523	01.54	03.19	181.55	239.76	0257473.4	0147775.1	08.49	01.85	-1
0674	01	07.72646	07.73146	04.04	02.38	02.84	33.58	-0.04
0977	04	00.19153	00.19153	03.93	06.90	07.92	38.89	-0.09
0878	04	00.17566	00.17566	04.31	03.33	06.34	40.13	-0.02
0874	01	02.30833	02.30833	01.87	01.99	06.35	33.66	-0.06
0877	04	00.00000	00.00000	33.56	27.72	06.20	38.86	-0.05
