RAW	190531	164949	815025	03
GEOM1	06.40	00.15	16.001586	0.150000	49.551499	0.150002	20.75	13.55	265.07	54.06	00.00	-2
GEOM2	06.66	00.85	16.001586	0.149653	49.551495	0.149782	21.05	45.75	196.65	177.53	0000.384	0013.346	00.00	-3
LDF	15.950933	0.176059	49.511943	0.171553	0047191.1	0055378.0	01.75	03.40	00
GLDF	06.43	00.13	15.875116	0.180847	49.446023	0.179462	24.40	12.65	269.58	35.36	0067055.1	0065924.0	02.69	04.77	00
0774	04	06.38883	06.38883	03.24	02.80	04.56	33.62	-0.05
0574	01	00.00000	00.00000	00.78	01.13	01.13	33.54	-0.04
0673	04	07.13318	07.12819	04.97	04.74	02.92	31.83	-0.04
0775	04	06.25390	06.24890	01.80	02.38	04.56	35.35	-0.05
0972	01	07.34858	07.34858	00.91	01.04	08.14	30.22	00.02
0573	01	04.30829	04.30829	00.78	00.80	01.13	31.81	-0.04
0773	02	08.94310	08.94310	06.05	04.60	04.63	31.89	-0.04
