RAW	190520	144758	211480	02
GEOM1	00.00	00.00	0.000000	0.000000	0.000000	0.000000	00.00	00.00	00.00	00.00	1000000.00	-3
GEOM2	00.00	00.00	0.000000	0.000000	0.000000	0.000000	00.00	00.00	00.00	00.00	0000.000	0000.000	1000000.00	-3
LDF	11.724701	0.151644	47.436725	0.110317	0030333.4	0021469.2	00.61	00.61	-1
GLDF	00.00	27.64	0.000000	0.150000	0.000000	0.150001	00.00	82.57	00.00	01.41	0030333.4	0000001.4	00.61	1000000.00	-2
0472	04	05.88460	05.88460	03.09	02.91	-0.52	30.05	-0.03
0777	01	00.00000	00.00000	01.73	01.91	04.48	38.84	-0.02
0776	01	04.51118	04.51618	01.19	01.13	04.49	37.09	-0.04
0573	02	02.64701	02.64701	43.63	18.63	01.13	31.81	-0.04
0473	04	05.15051	05.15051	05.39	03.94	-0.52	31.76	-0.03
