RAW	190513	135119	079536	03
GEOM1	06.36	00.12	21.048388	0.149922	53.305937	0.149969	54.80	02.76	112.81	02.50	00.00	-2
GEOM2	06.36	00.35	21.048386	0.148697	53.305943	0.144317	54.69	18.84	112.60	06.66	0001.223	0022.495	00.00	-3
LDF	21.069217	0.068347	53.327113	0.132922	0003952.3	0000964.8	11.27	00.10	00
GLDF	06.37	00.11	21.070783	0.059835	53.331403	0.129306	54.66	02.22	112.76	01.92	0004080.5	0002062.6	11.39	00.13	00
0774	01	00.00000	00.00000	01.83	01.12	04.56	33.62	-0.05
0372	01	10.41683	10.41183	01.69	00.94	-2.24	30.01	-0.01
1075	04	05.10593	05.10094	06.06	05.43	09.78	35.47	-0.10
1076	04	06.43094	06.42095	06.96	11.53	09.70	37.20	-0.12
0976	04	06.90732	06.90232	18.98	15.12	07.99	37.16	-0.09
