RAW	190529	120525	027359	02
GEOM1	00.00	00.00	0.000000	0.000000	0.000000	0.000000	00.00	00.00	00.00	00.00	1000000.00	-3
GEOM2	00.00	00.00	0.000000	0.000000	0.000000	0.000000	00.00	00.00	00.00	00.00	0000.000	0000.000	1000000.00	-3
LDF	11.393137	0.150084	47.341086	0.086271	0054724.7	0029117.6	01.60	00.34	-1
GLDF	00.00	26.62	0.000000	0.150000	0.000000	0.150001	00.00	78.29	00.00	01.41	0054724.7	0000001.4	01.60	1000000.00	-2
0372	03	02.21477	02.21477	01.88	02.24	-2.24	30.01	-0.01
0472	04	04.57035	04.57035	04.97	02.41	-0.52	30.05	-0.03
0974	01	05.72594	05.74093	06.12	05.01	08.06	33.70	-0.06
0573	01	00.00000	00.00000	00.49	01.54	01.13	31.81	-0.04
0473	04	04.04906	04.05406	03.76	06.08	-0.52	31.76	-0.03
