RAW	190509	061904	575437	02
GEOM1	00.00	00.00	0.000000	0.000000	0.000000	0.000000	00.00	00.00	00.00	00.00	1000000.00	-3
GEOM2	00.00	00.00	0.000000	0.000000	0.000000	0.000000	00.00	00.00	00.00	00.00	0000.000	0000.000	1000000.00	-3
LDF	14.100292	0.165752	48.683078	0.152815	0111111.7	0096042.7	02.76	02.80	-1
GLDF	00.00	22.50	0.000000	0.150000	0.000000	0.150001	00.00	68.40	00.00	01.41	0111111.7	0000001.4	02.76	1000000.00	-2
0574	03	07.83542	07.83542	05.85	04.65	01.13	33.54	-0.04
0673	04	06.64021	06.64521	07.91	06.01	02.92	31.83	-0.04
0873	01	12.39369	12.39369	01.83	01.91	06.42	31.99	-0.03
0573	04	05.77425	05.77425	13.04	08.22	01.13	31.81	-0.04
0473	02	00.00000	00.00000	01.76	01.32	-0.52	31.76	-0.03
0473	01	06.81038	06.81038	01.02	00.96	-0.52	31.76	-0.03
0672	01	11.98170	12.11161	00.00	01.23	02.92	30.12	-0.04
