RAW	190523	004124	182632	02
GEOM1	00.00	00.00	0.000000	0.000000	0.000000	0.000000	00.00	00.00	00.00	00.00	1000000.00	-3
GEOM2	00.00	00.00	0.000000	0.000000	0.000000	0.000000	00.00	00.00	00.00	00.00	0000.000	0000.000	1000000.00	-3
LDF	18.066581	0.158197	50.594643	0.157126	0048761.2	0051715.7	01.42	02.21	-1
GLDF	00.00	26.63	0.000000	0.150000	0.000000	0.150000	00.00	57.51	00.00	01.41	0048761.2	0000001.4	01.42	1000000.00	-2
0774	02	06.28994	06.28494	03.77	04.13	04.56	33.62	-0.05
0977	01	08.93188	08.92688	02.39	02.33	07.92	38.89	-0.09
0874	04	02.94355	02.94355	11.92	08.78	06.35	33.66	-0.06
0776	01	00.00000	00.00000	01.28	00.46	04.49	37.09	-0.04
0775	04	02.96089	02.96089	03.47	04.78	04.56	35.35	-0.05
