RAW	190517	110846	067638	02
GEOM1	00.00	00.00	0.000000	0.000000	0.000000	0.000000	00.00	00.00	00.00	00.00	1000000.00	-3
GEOM2	00.00	00.00	0.000000	0.000000	0.000000	0.000000	00.00	00.00	00.00	00.00	0000.000	0000.000	1000000.00	-3
LDF	13.955265	0.151078	51.069439	0.219627	0077004.3	0089940.0	02.07	02.45	-1
GLDF	00.00	26.67	0.000000	0.150000	0.000000	0.150001	00.00	77.24	00.00	01.41	0077004.3	0000001.4	02.07	1000000.00	-2
0574	04	06.30390	06.29890	07.31	04.47	01.13	33.54	-0.04
0575	04	05.75545	05.75046	07.32	05.58	01.13	35.27	-0.03
0675	03	03.93682	03.93182	05.00	07.00	02.84	35.32	-0.04
0972	01	11.81555	11.81055	01.19	01.89	08.14	30.22	00.02
0573	02	00.00000	00.00000	02.78	01.50	01.13	31.81	-0.04
