RAW	190528	035506	013321	01
GEOM1	00.00	00.00	0.000000	0.000000	0.000000	0.000000	00.00	00.00	00.00	00.00	1000000.00	-4
GEOM2	00.00	00.00	0.000000	0.000000	0.000000	0.000000	00.00	00.00	00.00	00.00	0000.000	0000.000	1000000.00	-4
LDF	13.369800	0.149974	51.714800	0.078935	0000001.0	0018900.6	01.10	1000000.00	-3
GLDF	00.00	38.36	0.000000	0.150000	0.000000	0.150000	00.00	112.36	00.00	01.41	0000001.0	0000001.4	00.00	1000000.00	-4
0575	04	06.52672	06.52172	07.16	05.47	01.13	35.27	-0.03
0675	02	03.40681	03.40181	09.01	03.94	02.84	35.32	-0.04
0876	02	00.00000	00.00000	05.27	01.26	06.27	37.12	-0.05
0775	02	06.46004	06.45504	04.25	07.08	04.56	35.35	-0.05
0473	01	00.98907	00.98407	01.37	02.27	-0.52	31.76	-0.03
0773	01	11.52497	11.52497	01.50	02.47	04.63	31.89	-0.04
