RAW	190531	033302	952060	03
GEOM1	06.59	00.10	11.574659	0.150059	47.902600	0.151996	36.84	09.66	288.19	14.68	00.00	-2
GEOM2	06.63	00.11	11.574672	0.148544	47.902516	0.113215	40.35	12.33	278.07	24.67	0000.259	0009.569	00.00	-3
LDF	11.568251	0.151729	47.908857	0.150289	0039861.8	0031734.2	04.76	01.80	-1
GLDF	06.58	00.10	11.564146	0.152656	47.913626	0.151010	36.20	08.67	287.56	13.22	0043857.5	0060066.3	04.26	02.67	-1
0372	04	07.45124	07.45124	03.39	03.87	-2.24	30.01	-0.01
0472	04	07.58128	07.58628	03.70	03.21	-0.52	30.05	-0.03
0976	01	07.32967	07.32967	03.28	01.86	07.99	37.16	-0.09
0775	01	00.00000	00.00000	01.16	01.45	04.56	35.35	-0.05
0473	04	06.47783	06.47783	15.25	53.65	-0.52	31.76	-0.03
