RAW	190522	222139	140147	02
GEOM1	00.00	00.00	0.000000	0.000000	0.000000	0.000000	00.00	00.00	00.00	00.00	1000000.00	-3
GEOM2	00.00	00.00	0.000000	0.000000	0.000000	0.000000	00.00	00.00	00.00	00.00	0000.000	0000.000	1000000.00	-3
LDF	13.370229	0.154225	49.242370	0.095653	0067799.0	0039284.9	01.90	01.87	-1
GLDF	00.00	23.09	0.000000	0.150000	0.000000	0.150001	00.00	72.62	00.00	01.41	0067799.0	0000001.4	01.90	1000000.00	-2
0574	04	06.76047	06.76047	12.27	11.52	01.13	33.54	-0.04
0978	01	12.58833	12.58833	01.31	01.43	07.91	40.63	-0.05
0874	01	00.00000	00.00000	01.03	00.84	06.35	33.66	-0.06
0573	04	05.35607	05.35607	08.06	03.49	01.13	31.81	-0.04
0474	02	08.74747	08.74747	10.56	12.56	-0.59	33.51	-0.01
