RAW	190525	070430	334114	03
GEOM1	00.26	00.12	17.936702	0.150002	50.520351	0.149933	48.14	06.15	90.34	03.48	00.00	-2
GEOM2	00.29	00.37	17.936709	0.149745	50.520332	0.145390	48.16	12.74	92.26	29.34	0000.893	0019.850	00.00	-3
LDF	17.903190	0.071927	50.563410	0.155370	0014016.5	0004967.2	07.64	02.65	00
GLDF	00.32	00.12	17.900345	0.064767	50.587508	0.156689	48.95	04.54	90.60	02.75	0012898.5	0009647.8	09.09	03.79	00
0774	04	00.05204	00.05204	04.96	02.50	04.56	33.62	-0.05
0575	01	00.31966	00.32466	01.06	01.47	01.13	35.27	-0.03
0977	01	08.16898	08.16398	01.18	01.29	07.92	38.89	-0.09
0874	04	00.00000	00.00000	34.38	07.08	06.35	33.66	-0.06
0775	04	01.32529	01.33029	08.47	08.02	04.56	35.35	-0.05
