RAW	190511	111927	852637	03
GEOM1	03.12	00.14	14.033655	0.152809	51.069863	0.132670	65.21	02.29	15.05	01.78	00.00	-2
GEOM2	03.13	00.35	14.033679	0.142142	51.069875	0.149062	65.23	20.10	15.07	05.15	0001.050	0017.530	00.00	-3
LDF	14.038158	0.145723	50.992492	0.129952	0000091.2	0000036.0	04.04	00.72	00
GLDF	03.10	00.13	14.040068	0.145031	50.969245	0.115847	65.21	02.17	14.72	01.50	0000095.0	0000090.8	04.39	00.91	00
0574	04	02.33124	02.33124	05.14	07.69	01.13	33.54	-0.04
0575	04	02.73743	02.73743	03.05	04.65	01.13	35.27	-0.03
0675	01	00.00000	00.00000	00.63	01.51	02.84	35.32	-0.04
0675	04	04.24207	04.24207	07.38	05.56	02.84	35.32	-0.04
0975	01	00.14214	00.14714	01.54	00.79	07.99	35.38	-0.08
