RAW	190508	214300	205535	02
GEOM1	00.00	00.00	0.000000	0.000000	0.000000	0.000000	00.00	00.00	00.00	00.00	1000000.00	-3
GEOM2	00.00	00.00	0.000000	0.000000	0.000000	0.000000	00.00	00.00	00.00	00.00	0000.000	0000.000	1000000.00	-3
LDF	16.856558	0.150000	48.797795	0.150031	0184960.6	0166975.9	05.18	00.00	-2
GLDF	00.00	26.38	0.000000	0.150000	0.000000	0.150000	00.00	59.63	00.00	01.41	0184960.6	0000001.4	05.18	1000000.00	-2
0772	02	04.85128	04.85627	04.69	03.75	04.71	30.23	-0.02
0774	04	03.75890	03.76390	04.06	02.63	04.56	33.62	-0.05
0977	01	11.09217	11.09717	00.85	00.99	07.92	38.89	-0.09
0878	01	08.70764	08.70764	00.93	01.25	06.34	40.13	-0.02
0773	04	02.89481	02.89980	12.89	05.13	04.63	31.89	-0.04
0672	02	00.00000	00.00000	03.13	03.74	02.92	30.12	-0.04
