RAW	190528	212321	954256	02
GEOM1	00.00	00.00	0.000000	0.000000	0.000000	0.000000	00.00	00.00	00.00	00.00	1000000.00	-3
GEOM2	00.00	00.00	0.000000	0.000000	0.000000	0.000000	00.00	00.00	00.00	00.00	0000.000	0000.000	1000000.00	-3
LDF	18.479397	0.150044	54.448939	0.055121	0105052.7	0031113.2	02.62	00.08	-1
GLDF	00.00	26.19	0.000000	0.150000	0.000000	0.150000	00.00	54.68	00.00	01.41	0105052.7	0000001.4	02.62	1000000.00	-2
0878	02	00.00000	00.00000	07.23	03.60	06.34	40.13	-0.02
0876	04	00.96936	00.96936	12.80	06.31	06.27	37.12	-0.05
0873	01	05.74361	05.73861	01.92	02.56	06.42	31.99	-0.03
0877	04	02.14973	02.14973	04.90	17.02	06.20	38.86	-0.05
1073	01	06.16957	06.16957	00.61	00.79	09.86	32.00	-0.03
