RAW	190513	155332	069824	03
GEOM1	04.83	00.04	15.478472	0.149849	51.763672	0.154080	07.18	15.68	19.72	345.81	02.47	-2
GEOM2	04.88	00.05	15.444687	0.147815	51.763418	0.149028	10.71	29.05	35.95	220.46	-002.010	0003.077	00.00	-3
LDF	15.332003	0.141982	51.761571	0.151401	1370662.0	0755861.7	56.77	01.41	-1
GLDF	04.83	00.02	15.325186	0.141395	51.760953	0.167281	07.57	03.60	18.41	60.98	1387039.8	0646637.5	57.75	06.06	-1
0575	02	00.00000	00.00000	01.90	02.67	01.13	35.27	-0.03
0575	04	04.44696	04.44696	08.25	03.94	01.13	35.27	-0.03
0675	04	04.85161	04.84661	07.39	10.78	02.84	35.32	-0.04
0675	02	11.63694	11.64194	04.94	04.22	02.84	35.32	-0.04
0775	04	05.07616	05.07616	09.05	14.37	04.56	35.35	-0.05
