RAW	190528	081634	223272	02
GEOM1	00.00	00.00	0.000000	0.000000	0.000000	0.000000	00.00	00.00	00.00	00.00	1000000.00	-3
GEOM2	00.00	00.00	0.000000	0.000000	0.000000	0.000000	00.00	00.00	00.00	00.00	0000.000	0000.000	1000000.00	-3
LDF	15.893529	0.128108	51.157460	0.133171	0392158.5	0190005.8	13.92	01.35	-1
GLDF	05.89	  nan	14.712058	   nan	44.972439	   nan	89.98	  nan	04.45	  nan	2271231770.8	      nan	00.00	1000000.00	-2
0674	04	08.30023	08.30023	07.96	05.30	02.84	33.58	-0.04
0675	03	09.31459	09.31958	03.67	03.85	02.84	35.32	-0.04
0873	01	00.00000	00.00000	01.37	01.82	06.42	31.99	-0.03
0775	04	06.15810	06.15810	11.57	11.77	04.56	35.35	-0.05
0474	01	02.40358	02.40858	01.07	02.00	-0.59	33.51	-0.01
