RAW	190516	060123	260101	03
GEOM1	02.42	00.08	16.878501	0.142971	48.292424	0.142586	34.54	04.89	92.38	29.77	01.67	-2
GEOM2	02.45	00.12	16.876944	0.171372	48.342176	0.147634	42.00	193.67	100.22	1561.44	0006.535	0002.155	00.00	-3
LDF	16.876198	0.149962	48.349671	0.121757	0085952.0	0045729.9	10.85	00.01	-1
GLDF	02.43	00.07	16.877775	0.134392	48.306111	0.110518	34.65	03.99	92.37	23.84	0082014.8	0055397.8	07.97	02.58	-1
0772	04	01.72297	01.72297	03.21	02.89	04.71	30.23	-0.02
0774	04	03.92692	03.93192	03.38	02.64	04.56	33.62	-0.05
0774	01	07.37458	07.37458	01.32	01.23	04.56	33.62	-0.05
0977	01	00.00000	00.00000	01.98	01.17	07.92	38.89	-0.09
0878	01	01.35406	01.35406	01.74	01.24	06.34	40.13	-0.02
0873	01	07.12272	07.12272	01.31	01.36	06.42	31.99	-0.03
0773	04	02.47676	02.47177	05.47	05.98	04.63	31.89	-0.04
