RAW	190517	121332	480346	03
GEOM1	05.21	00.10	19.829421	0.150009	50.833846	0.150006	20.27	08.24	160.47	14.41	00.00	-2
GEOM2	05.30	16.78	19.829445	0.150178	50.833827	0.150141	23.87	494.41	161.93	164.10	0001.091	0555.770	00.00	-3
LDF	19.779247	0.167914	50.959472	0.082863	0074554.1	0039432.8	02.61	02.72	00
GLDF	05.24	00.10	19.751478	0.179090	50.971224	0.072296	20.73	07.13	159.01	11.57	0078872.9	0044486.8	02.78	03.66	00
0675	01	00.00000	00.00000	02.78	00.89	02.84	35.32	-0.04
0874	04	05.78762	05.78762	03.05	06.00	06.35	33.66	-0.06
0974	04	05.11284	05.11284	04.64	06.43	08.06	33.70	-0.06
0975	04	05.37436	05.37436	06.14	08.43	07.99	35.38	-0.08
1072	01	06.61810	06.62310	01.35	01.71	09.86	30.29	00.00
0872	01	11.85015	11.85015	01.76	01.05	06.35	30.23	00.01
