RAW	190501	143405	753125	03
GEOM1	06.94	00.15	14.934414	0.150094	48.280930	0.149479	83.68	27.65	260.28	00.86	00.00	-2
GEOM2	06.91	00.04	14.934325	0.144712	48.280839	0.146055	13.75	27.14	218.96	142.32	0000.106	0002.867	00.00	-3
LDF	15.112637	0.065983	48.249147	0.148280	0000000.0	0000000.0	00.00	1000000.00	-1
GLDF	06.93	00.14	15.127950	0.045873	48.248456	0.139654	84.00	00.27	260.41	00.73	0000000.0	0000000.0	00.00	1000000.00	-1
0673	01	00.00000	00.00000	00.94	01.02	02.92	31.83	-0.04
0673	04	06.91038	06.91038	06.65	10.63	02.92	31.83	-0.04
0975	01	07.97188	07.97688	03.19	01.98	07.99	35.38	-0.08
0975	01	09.80065	09.80065	01.85	01.22	07.99	35.38	-0.08
0573	04	07.24585	07.24585	11.84	09.29	01.13	31.81	-0.04
0773	04	06.59186	06.59686	09.05	05.97	04.63	31.89	-0.04
