RAW	190502	115258	938998	02
GEOM1	00.00	00.00	0.000000	0.000000	0.000000	0.000000	00.00	00.00	00.00	00.00	1000000.00	-3
GEOM2	00.00	00.00	0.000000	0.000000	0.000000	0.000000	00.00	00.00	00.00	00.00	0000.000	0000.000	1000000.00	-3
LDF	17.524852	0.151388	48.758518	0.159936	0034531.8	0036286.4	00.82	01.27	-1
GLDF	00.00	30.05	0.000000	0.150000	0.000000	0.150000	00.00	58.85	00.00	01.41	0034531.8	0000001.4	00.82	1000000.00	-2
0774	04	00.00000	00.00000	02.68	02.65	04.56	33.62	-0.05
0673	02	02.94427	02.94927	01.82	01.32	02.92	31.83	-0.04
0873	03	02.47992	02.48492	05.16	03.91	06.42	31.99	-0.03
0873	01	08.04109	08.04609	01.05	01.21	06.42	31.99	-0.03
0976	01	04.73769	04.74769	02.19	01.22	07.99	37.16	-0.09
0773	04	00.76242	00.76742	05.50	04.92	04.63	31.89	-0.04
