RAW	190517	042214	155833	02
GEOM1	00.00	00.00	0.000000	0.000000	0.000000	0.000000	00.00	00.00	00.00	00.00	1000000.00	-3
GEOM2	00.00	00.00	0.000000	0.000000	0.000000	0.000000	00.00	00.00	00.00	00.00	0000.000	0000.000	1000000.00	-3
LDF	16.765563	0.153089	52.342512	0.201790	0013058.4	0020858.0	00.09	06.23	-1
GLDF	00.00	25.11	0.000000	0.150000	0.000000	0.150000	00.00	55.68	00.00	01.41	0013058.4	0000001.4	00.09	1000000.00	-2
0774	03	00.00000	00.00000	04.27	04.57	04.56	33.62	-0.05
0776	04	00.36847	00.36347	08.61	14.22	04.49	37.09	-0.04
0976	01	00.14232	00.14232	03.67	01.76	07.99	37.16	-0.09
0775	04	01.12145	01.12145	07.48	08.82	04.56	35.35	-0.05
0975	01	07.04360	07.03861	01.13	01.12	07.99	35.38	-0.08
