RAW	190502	131336	441725	03
GEOM1	04.41	00.11	18.921289	0.149994	49.757241	0.150024	29.33	37.32	47.57	15.45	00.00	-2
GEOM2	04.45	00.33	18.921867	0.142668	49.757590	0.145711	75.11	344.30	224.02	06.42	0004.196	0002.600	00.00	-3
LDF	18.905723	0.151558	49.772233	0.151420	0776487.0	0555830.1	503.46	00.47	-1
GLDF	04.42	00.10	18.897884	0.152190	49.779883	0.151680	31.24	21.78	47.85	11.64	0699385.4	1187873.7	61.78	00.68	-1
0873	02	06.50832	06.50333	08.80	06.06	06.42	31.99	-0.03
0973	04	04.75312	04.74812	03.54	03.80	08.07	31.96	-0.03
0874	04	04.51802	04.51302	04.22	03.95	06.35	33.66	-0.06
1075	01	00.00000	00.00000	01.38	01.46	09.78	35.47	-0.10
0775	04	05.41825	05.41825	02.45	01.09	04.56	35.35	-0.05
