RAW	190528	113236	572674	02
GEOM1	00.00	00.00	0.000000	0.000000	0.000000	0.000000	00.00	00.00	00.00	00.00	1000000.00	-3
GEOM2	00.00	00.00	0.000000	0.000000	0.000000	0.000000	00.00	00.00	00.00	00.00	0000.000	0000.000	1000000.00	-3
LDF	13.369958	0.150457	50.805368	0.080469	0043186.8	0020597.0	01.21	00.20	-1
GLDF	04.55	00.14	13.807666	0.143936	48.095174	0.124083	70.03	00.95	01.09	01.30	2199699.7	259421235.7	00.00	1000000.00	-2
0372	01	05.31872	05.31872	01.60	02.29	-2.24	30.01	-0.01
0574	04	04.24413	04.24413	05.30	04.71	01.13	33.54	-0.04
0575	04	03.57038	03.57038	03.89	04.02	01.13	35.27	-0.03
0675	02	00.79858	00.79359	08.65	07.72	02.84	35.32	-0.04
1075	01	00.00000	00.00000	01.29	01.09	09.78	35.47	-0.10
