RAW	190527	011934	414884	02
GEOM1	00.00	00.00	0.000000	0.000000	0.000000	0.000000	00.00	00.00	00.00	00.00	1000000.00	-3
GEOM2	00.00	00.00	0.000000	0.000000	0.000000	0.000000	00.00	00.00	00.00	00.00	0000.000	0000.000	1000000.00	-3
LDF	16.063928	0.106075	50.043230	0.153373	0050040.3	0032889.2	01.46	01.40	-1
GLDF	04.51	00.82	17.177584	0.279164	53.929149	0.150392	04.31	01.41	118.59	17.27	33517184.8	193441056.9	1839.08	1000000.00	-2
0774	04	04.40856	04.29864	11.39	06.22	04.56	33.62	-0.05
0372	01	00.00000	00.00000	00.00	00.81	-2.24	30.01	-0.01
0576	01	04.50591	04.38600	01.52	04.82	01.05	37.01	-0.02
0674	04	06.02740	05.91248	04.30	04.99	02.84	33.58	-0.04
0873	01	10.85974	10.74982	01.14	01.29	06.42	31.99	-0.03
0874	02	06.57569	06.46077	32.38	16.75	06.35	33.66	-0.06
