RAW	190514	114350	551235	04
GEOM1	03.23	00.06	17.308733	0.149963	47.761927	0.149978	07.61	06.09	32.90	32.21	00.10	-1
GEOM2	03.44	00.35	17.309595	0.149991	47.760473	0.150003	17.77	18.16	359.45	25.10	-005.484	0017.708	00.00	-2
LDF	17.497902	0.102249	47.663012	0.058426	0380700.0	0119269.7	14.16	03.32	01
GLDF	03.26	00.05	17.521893	0.076203	47.662063	0.047838	08.79	04.51	22.22	21.39	0396548.0	0094071.8	14.86	04.05	02
0772	04	03.22058	03.22557	12.94	10.50	04.71	30.23	-0.02
0574	01	00.00000	00.00000	01.06	02.64	01.13	33.54	-0.04
0873	04	03.64301	03.64801	03.87	07.52	06.42	31.99	-0.03
0773	04	03.29706	03.30206	30.22	28.76	04.63	31.89	-0.04
0872	04	03.57622	03.57622	05.29	09.16	06.35	30.23	00.01
