RAW	190522	064053	435901	03
GEOM1	04.60	00.13	16.292568	0.150031	48.891458	0.150003	33.84	07.84	144.49	09.56	00.00	-2
GEOM2	04.70	00.55	16.292594	0.148680	48.891439	0.149145	38.26	22.27	143.77	07.96	0000.850	0015.431	00.00	-3
LDF	16.251622	0.168142	48.936084	0.173091	0009470.9	0009855.4	00.70	03.64	00
GLDF	04.64	00.13	16.226449	0.180147	48.963429	0.190505	33.61	06.74	144.50	08.33	0011730.2	0014420.3	00.84	05.30	00
0774	04	04.95062	04.95062	04.75	03.09	04.56	33.62	-0.05
0673	04	05.10349	05.10848	04.02	03.59	02.92	31.83	-0.04
0674	01	12.24578	12.25078	00.61	00.88	02.84	33.58	-0.04
0975	01	00.00000	00.00000	01.17	00.95	07.99	35.38	-0.08
0773	04	04.25443	04.24943	03.90	04.01	04.63	31.89	-0.04
