RAW	190503	075912	693152	02
GEOM1	00.00	00.00	0.000000	0.000000	0.000000	0.000000	00.00	00.00	00.00	00.00	1000000.00	-3
GEOM2	00.00	00.00	0.000000	0.000000	0.000000	0.000000	00.00	00.00	00.00	00.00	0000.000	0000.000	1000000.00	-3
LDF	10.820897	0.087946	46.466643	0.150395	0032638.3	0017665.1	00.72	00.16	-1
GLDF	00.00	27.34	0.000000	0.150000	0.000000	0.150001	00.00	81.46	00.00	01.41	0032638.3	0000001.4	00.72	1000000.00	-2
0372	04	04.18282	04.18282	04.15	03.64	-2.24	30.01	-0.01
0472	04	03.50343	03.50343	03.04	03.20	-0.52	30.05	-0.03
0876	01	00.00000	00.00000	05.43	06.51	06.27	37.12	-0.05
1075	01	06.63550	06.64050	01.75	00.43	09.78	35.47	-0.10
0775	01	02.96973	02.96473	01.53	01.66	04.56	35.35	-0.05
0572	02	05.27186	05.27186	09.12	06.49	01.20	30.14	-0.04
