RAW	190530	073814	960102	03
GEOM1	06.70	00.08	15.206961	0.149783	51.758829	0.149646	01.95	66.61	42.04	2083.37	00.00	-2
GEOM2	06.75	00.06	15.207093	0.120797	51.759059	0.073056	52.20	137.38	273.54	10.67	0025.918	0002.624	00.00	-3
LDF	15.163884	0.102757	51.758008	0.150144	1486830.0	0573748.4	187.92	00.15	-1
GLDF	06.84	00.07	15.246477	0.120979	51.850659	0.041520	32.47	40.84	81.45	26.08	0000000.8	0000000.1	00.00	1000000.00	-1
0772	01	02.73028	02.73028	01.20	01.08	04.71	30.23	-0.02
0575	04	08.26449	08.26449	05.24	06.27	01.13	35.27	-0.03
0675	04	06.76179	06.76179	09.91	09.00	02.84	35.32	-0.04
0777	01	00.00000	00.00000	01.56	01.50	04.48	38.84	-0.02
0775	04	07.92507	07.92507	04.85	09.84	04.56	35.35	-0.05
0972	01	15.41070	15.41070	01.48	01.76	08.14	30.22	00.02
