RAW	190526	225237	883371	02
GEOM1	00.00	00.00	0.000000	0.000000	0.000000	0.000000	00.00	00.00	00.00	00.00	1000000.00	-3
GEOM2	00.00	00.00	0.000000	0.000000	0.000000	0.000000	00.00	00.00	00.00	00.00	0000.000	0000.000	1000000.00	-3
LDF	15.515851	0.164525	52.712144	0.150916	0122781.4	0110690.9	03.05	02.37	-1
GLDF	00.00	29.69	0.000000	0.150000	0.000000	0.150000	00.00	69.25	00.00	01.41	0122781.4	0000001.4	03.05	1000000.00	-2
0675	04	05.24261	05.24761	04.98	04.52	02.84	35.32	-0.04
0978	01	00.00000	00.00000	00.59	01.52	07.91	40.63	-0.05
0874	01	02.49945	02.50445	01.14	01.57	06.35	33.66	-0.06
0775	04	04.96026	04.96526	04.99	05.60	04.56	35.35	-0.05
0676	03	03.42389	03.42889	13.34	08.70	02.77	37.09	-0.03
