RAW	190512	211343	348710	02
GEOM1	00.00	00.00	0.000000	0.000000	0.000000	0.000000	00.00	00.00	00.00	00.00	1000000.00	-3
GEOM2	00.00	00.00	0.000000	0.000000	0.000000	0.000000	00.00	00.00	00.00	00.00	0000.000	0000.000	1000000.00	-3
LDF	15.351111	0.156097	51.154979	0.150408	0215424.0	0175172.4	06.51	01.30	-1
GLDF	00.00	29.79	0.000000	0.150000	0.000000	0.150001	00.00	76.28	00.00	01.41	0215424.0	0000001.4	06.51	1000000.00	-2
0774	04	08.38907	08.39407	02.67	04.04	04.56	33.62	-0.05
0673	02	00.00000	00.00000	02.43	02.51	02.92	31.83	-0.04
0674	04	08.73937	08.74437	05.21	05.17	02.84	33.58	-0.04
0675	03	06.14388	06.07892	11.25	19.02	02.84	35.32	-0.04
0777	01	14.71298	14.72297	01.97	01.36	04.48	38.84	-0.02
0874	02	02.96193	02.96193	02.20	01.73	06.35	33.66	-0.06
0974	01	04.54191	04.54691	00.91	00.97	08.06	33.70	-0.06
0877	01	09.94956	09.95455	01.40	02.02	06.20	38.86	-0.05
