RAW	190508	103106	463345	02
GEOM1	00.00	00.00	0.000000	0.000000	0.000000	0.000000	00.00	00.00	00.00	00.00	1000000.00	-3
GEOM2	00.00	00.00	0.000000	0.000000	0.000000	0.000000	00.00	00.00	00.00	00.00	0000.000	0000.000	1000000.00	-3
LDF	14.523466	0.219208	50.009295	0.153556	0015756.0	0026768.0	00.10	01.91	-1
GLDF	05.85	00.14	14.579253	0.151598	50.010646	0.153154	69.82	04.71	324.55	02.48	0000006.8	0000016.1	01.91	00.00	-2
0774	02	03.04496	03.04496	03.29	03.25	04.56	33.62	-0.05
0574	04	04.98109	04.98109	04.40	03.25	01.13	33.54	-0.04
0674	04	06.25459	06.25459	12.76	05.47	02.84	33.58	-0.04
1075	01	11.71374	11.71374	01.20	01.24	09.78	35.47	-0.10
0776	01	02.35594	02.29598	01.94	03.83	04.49	37.09	-0.04
0872	01	00.00000	00.00000	01.59	01.11	06.35	30.23	00.01
0475	02	00.17002	00.17002	03.38	04.02	-0.66	35.24	-0.01
