RAW	190522	154703	846768	02
GEOM1	00.00	00.00	0.000000	0.000000	0.000000	0.000000	00.00	00.00	00.00	00.00	1000000.00	-3
GEOM2	00.00	00.00	0.000000	0.000000	0.000000	0.000000	00.00	00.00	00.00	00.00	0000.000	0000.000	1000000.00	-3
LDF	20.233634	0.150641	52.662128	0.070451	0071935.4	0028344.1	01.98	00.32	-1
GLDF	00.00	28.98	0.000000	0.150000	0.000000	0.150001	00.00	63.47	00.00	01.41	0071935.4	0000001.4	01.98	1000000.00	-2
0372	01	00.00000	00.00000	01.57	00.43	-2.24	30.01	-0.01
0876	02	05.85113	05.78617	06.90	12.34	06.27	37.12	-0.05
1076	01	01.46874	01.46374	01.11	01.14	09.70	37.20	-0.12
0976	04	07.89729	07.89229	06.48	04.99	07.99	37.16	-0.09
0975	04	09.09222	09.08222	08.18	06.96	07.99	35.38	-0.08
