RAW	190528	091042	503027	02
GEOM1	00.00	00.00	0.000000	0.000000	0.000000	0.000000	00.00	00.00	00.00	00.00	1000000.00	-3
GEOM2	00.00	00.00	0.000000	0.000000	0.000000	0.000000	00.00	00.00	00.00	00.00	0000.000	0000.000	1000000.00	-3
LDF	18.008916	0.186404	50.085553	0.152339	0013027.1	0018848.0	00.09	01.44	-1
GLDF	-591.88	14849091241325856768.00	17.988992	14849091241325848576.000000	42.337739	14849091241325848576.000000	04.36	14849091241325848576.00	356.76	14849091241325852672.00	11472069555.7	0000000.0	1096429.19	1000000.00	-2
0774	04	00.26299	00.26299	03.53	02.25	04.56	33.62	-0.05
0576	01	08.35833	08.35833	05.71	01.00	01.05	37.01	-0.02
0674	02	02.64431	02.63931	08.90	05.10	02.84	33.58	-0.04
0874	04	01.78423	01.77923	08.60	04.57	06.35	33.66	-0.06
0474	01	00.00000	00.00000	02.66	03.22	-0.59	33.51	-0.01
