RAW	190517	115155	374152	03
GEOM1	00.12	00.11	11.176951	0.150001	47.294794	0.150003	13.70	09.67	165.81	23.89	00.00	-2
GEOM2	00.24	20.11	11.176951	0.150029	47.294794	0.150001	15.37	161.87	171.10	829.62	0001.252	0545.761	00.00	-3
LDF	11.140381	0.165001	47.394211	0.093795	0082638.0	0049132.2	02.42	02.43	00
GLDF	00.14	00.10	11.120010	0.173661	47.407542	0.083370	14.16	08.38	163.43	19.25	0086730.2	0050744.8	02.55	03.37	00
0372	04	00.58599	00.58599	04.63	03.79	-2.24	30.01	-0.01
0472	04	00.14106	00.13606	02.75	02.58	-0.52	30.05	-0.03
0874	01	00.00000	00.00000	01.07	01.20	06.35	33.66	-0.06
0473	04	00.19558	00.19558	06.66	06.01	-0.52	31.76	-0.03
0773	01	03.10586	03.10586	02.94	02.05	04.63	31.89	-0.04
0672	01	02.48289	02.48289	01.07	01.75	02.92	30.12	-0.04
