RAW	190510	111656	092836	02
GEOM1	00.00	00.00	0.000000	0.000000	0.000000	0.000000	00.00	00.00	00.00	00.00	1000000.00	-3
GEOM2	00.00	00.00	0.000000	0.000000	0.000000	0.000000	00.00	00.00	00.00	00.00	0000.000	0000.000	1000000.00	-3
LDF	16.802878	0.150002	50.927927	0.075796	0043735.3	0019391.0	01.23	00.00	-1
GLDF	00.41	00.41	16.969111	1.004734	50.964423	0.074221	29.34	22.73	223.36	18.89	0027980.1	0086470.1	01.55	1000000.00	-2
0774	04	01.07649	01.07649	04.15	04.50	04.56	33.62	-0.05
0874	02	03.23253	03.23253	05.01	06.16	06.35	33.66	-0.06
0776	01	04.18353	04.18353	00.57	00.80	04.49	37.09	-0.04
0976	01	00.00000	00.00000	02.94	02.77	07.99	37.16	-0.09
0775	04	00.19255	00.19255	04.45	04.34	04.56	35.35	-0.05
