RAW	190526	201444	864023	03
GEOM1	07.65	00.12	17.890740	0.150011	50.412337	0.149989	15.21	19.51	231.02	22.86	00.00	-2
GEOM2	07.80	00.46	17.890746	0.149001	50.412341	0.149192	26.02	28.19	218.43	32.40	0000.583	0014.791	00.00	-3
LDF	17.811842	0.198810	50.465121	0.180469	0178318.5	0210328.2	07.20	04.14	00
GLDF	07.67	00.11	17.712479	0.153085	50.538692	0.158088	17.58	15.20	226.63	15.09	0304140.5	0251473.4	13.25	05.63	00
0774	02	05.80916	05.81416	03.47	03.44	04.56	33.62	-0.05
0674	04	08.97190	08.98189	03.85	02.11	02.84	33.58	-0.04
0675	01	13.24125	13.24624	01.30	01.31	02.84	35.32	-0.04
0874	04	07.69493	07.69992	22.05	18.94	06.35	33.66	-0.06
0775	04	07.87101	07.87601	05.25	05.79	04.56	35.35	-0.05
0676	01	00.00000	00.00000	00.91	01.34	02.77	37.09	-0.03
0676	02	00.52464	00.52464	01.71	02.74	02.77	37.09	-0.03
