RAW	190512	111802	044577	03
GEOM1	09.75	00.12	17.308942	0.149973	47.361178	0.149999	48.69	06.17	00.84	03.84	00.00	-2
GEOM2	09.78	12.42	17.308953	0.150001	47.361177	0.150042	50.63	394.17	01.43	181.46	0001.154	0380.630	00.00	-3
LDF	17.326600	0.150681	47.458272	0.108433	0003722.7	0002035.9	01.97	01.07	00
GLDF	09.77	00.12	17.335642	0.149674	47.474913	0.093393	49.27	05.28	01.60	02.98	0003574.2	0003188.9	01.78	01.40	00
0772	04	09.53360	09.53360	03.37	03.52	04.71	30.23	-0.02
0774	02	06.52018	06.52018	13.82	11.67	04.56	33.62	-0.05
0575	01	00.00000	00.00000	01.12	01.25	01.13	35.27	-0.03
0473	01	06.42389	06.41890	00.76	02.10	-0.52	31.76	-0.03
0773	04	09.53427	09.53427	04.15	04.08	04.63	31.89	-0.04
0872	04	10.80427	10.80927	03.60	01.10	06.35	30.23	00.01
