RAW	190508	011656	089791	02
GEOM1	00.00	00.00	0.000000	0.000000	0.000000	0.000000	00.00	00.00	00.00	00.00	1000000.00	-3
GEOM2	00.00	00.00	0.000000	0.000000	0.000000	0.000000	00.00	00.00	00.00	00.00	0000.000	0000.000	1000000.00	-3
LDF	19.231922	0.132241	47.779028	0.132967	0129228.6	0080034.7	03.23	00.01	-1
GLDF	00.00	34.22	0.000000	0.150000	0.000000	0.150000	00.00	58.08	00.00	01.41	0129228.6	0000001.4	03.23	1000000.00	-2
0774	02	05.51006	05.50007	03.21	03.16	04.56	33.62	-0.05
0873	03	00.00000	00.00000	02.25	01.37	06.42	31.99	-0.03
0973	04	02.64064	02.64564	02.91	01.89	08.07	31.96	-0.03
0775	02	05.96508	05.83017	08.79	04.49	04.56	35.35	-0.05
0773	02	03.72318	03.70819	07.33	06.16	04.63	31.89	-0.04
0872	04	01.15438	01.12940	03.85	00.88	06.35	30.23	00.01
