RAW	190501	172515	202852	02
GEOM1	00.00	00.00	0.000000	0.000000	0.000000	0.000000	00.00	00.00	00.00	00.00	1000000.00	-3
GEOM2	00.00	00.00	0.000000	0.000000	0.000000	0.000000	00.00	00.00	00.00	00.00	0000.000	0000.000	1000000.00	-3
LDF	17.621129	0.069897	55.289705	0.150355	0055997.5	0022475.4	01.63	00.17	-1
GLDF	00.00	31.31	0.000000	0.150000	0.000000	0.150001	00.00	72.11	00.00	01.41	0055997.5	0000001.4	01.63	1000000.00	-2
0774	01	00.00000	00.00000	04.91	10.19	04.56	33.62	-0.05
0372	01	13.84541	13.85041	04.44	05.55	-2.24	30.01	-0.01
0777	04	07.58587	07.59087	04.99	05.64	04.48	38.84	-0.02
0977	02	05.64998	05.65497	12.89	09.75	07.92	38.89	-0.09
0877	04	07.94480	07.94980	05.53	07.60	06.20	38.86	-0.05
0672	01	14.05060	14.05060	00.59	01.52	02.92	30.12	-0.04
