RAW	190509	091457	852762	03
GEOM1	07.91	00.05	15.137923	0.149940	48.118595	0.150018	03.67	36.63	113.12	1380.04	00.00	-2
GEOM2	07.90	00.05	15.137190	0.112035	48.118490	0.141630	22.53	118.13	10.49	48.28	0005.629	0003.093	00.00	-3
LDF	15.136464	0.150334	48.190903	0.101326	1854351.3	0679245.6	79.02	00.40	-1
GLDF	07.92	00.01	15.136198	0.145425	48.203063	0.081972	04.44	03.23	66.43	89.73	1871154.1	0528169.4	78.10	00.47	-1
0673	04	07.96450	07.96450	10.05	04.40	02.92	31.83	-0.04
0674	04	08.37158	08.37158	06.76	07.33	02.84	33.58	-0.04
0974	01	13.64020	13.64020	07.55	09.80	08.06	33.70	-0.06
0972	01	07.64269	07.64269	02.22	02.48	08.14	30.22	00.02
1073	01	00.00000	00.00000	01.31	00.70	09.86	32.00	-0.03
0672	04	08.05367	08.05367	10.47	08.17	02.92	30.12	-0.04
