RAW	190502	135421	845526	02
GEOM1	00.00	00.00	0.000000	0.000000	0.000000	0.000000	00.00	00.00	00.00	00.00	1000000.00	-3
GEOM2	00.00	00.00	0.000000	0.000000	0.000000	0.000000	00.00	00.00	00.00	00.00	0000.000	0000.000	1000000.00	-3
LDF	11.724686	0.151674	47.256567	0.093870	0040743.7	0023504.2	01.11	00.68	-1
GLDF	00.00	25.46	0.000000	0.150000	0.000000	0.150001	00.00	87.97	00.00	01.41	0040743.7	0000001.4	01.11	1000000.00	-2
0372	02	04.95785	04.95785	07.28	03.28	-2.24	30.01	-0.01
0472	04	08.08686	08.08186	06.26	05.76	-0.52	30.05	-0.03
0576	01	00.00000	00.00000	01.45	00.91	01.05	37.01	-0.02
0777	01	06.55956	06.55457	01.03	00.94	04.48	38.84	-0.02
0473	04	07.72365	07.71866	04.11	03.58	-0.52	31.76	-0.03
