RAW	190519	172710	257459	02
GEOM1	00.00	00.00	0.000000	0.000000	0.000000	0.000000	00.00	00.00	00.00	00.00	1000000.00	-3
GEOM2	00.00	00.00	0.000000	0.000000	0.000000	0.000000	00.00	00.00	00.00	00.00	0000.000	0000.000	1000000.00	-3
LDF	17.784148	0.040781	50.080714	0.153271	0301030.4	0064840.2	10.40	02.20	-1
GLDF	00.00	17.19	0.000000	0.150000	0.000000	0.150000	00.00	45.25	00.00	01.41	0301030.4	0000001.4	10.40	1000000.00	-2
0774	04	02.43649	02.44148	27.36	11.01	04.56	33.62	-0.05
0874	04	03.41292	03.42291	73.45	03.92	06.35	33.66	-0.06
1076	01	00.00000	00.00000	00.97	01.04	09.70	37.20	-0.12
0974	02	00.83745	00.84245	15.10	13.20	08.06	33.70	-0.06
0676	01	05.39027	05.40026	01.49	01.26	02.77	37.09	-0.03
