RAW	190531	113502	952713	02
GEOM1	00.00	00.00	0.000000	0.000000	0.000000	0.000000	00.00	00.00	00.00	00.00	1000000.00	-3
GEOM2	00.00	00.00	0.000000	0.000000	0.000000	0.000000	00.00	00.00	00.00	00.00	0000.000	0000.000	1000000.00	-3
LDF	11.242248	0.127352	47.002792	0.123686	0373951.7	0167076.5	13.22	00.03	-1
GLDF	00.00	24.47	0.000000	0.150000	0.000000	0.150001	00.00	79.42	00.00	01.41	0373951.7	0000001.4	13.22	1000000.00	-2
0372	04	03.78162	03.78162	06.58	03.68	-2.24	30.01	-0.01
0472	02	00.00000	00.00000	03.92	01.85	-0.52	30.05	-0.03
0472	03	02.75312	02.75811	09.82	05.63	-0.52	30.05	-0.03
0574	02	10.72636	10.72636	06.76	03.64	01.13	33.54	-0.04
0878	01	03.74778	03.74778	00.83	01.21	06.34	40.13	-0.02
0473	04	04.30272	04.30272	06.50	05.37	-0.52	31.76	-0.03
