RAW	190529	104226	801645	03
GEOM1	00.85	00.11	16.122693	0.149998	48.638487	0.149982	43.19	04.67	259.64	05.14	00.00	-2
GEOM2	00.90	00.63	16.122694	0.149729	48.638493	0.148480	41.44	32.00	258.75	13.29	0001.140	0019.715	00.00	-3
LDF	16.060334	0.088396	48.661559	0.146883	0009503.7	0004182.7	01.69	00.45	00
GLDF	00.84	00.11	16.054005	0.074196	48.667225	0.146158	43.44	03.87	258.80	04.09	0009349.9	0005410.1	01.87	00.52	00
0774	04	00.00000	00.00000	01.98	02.24	04.56	33.62	-0.05
0673	04	01.31781	01.32280	04.07	05.35	02.92	31.83	-0.04
0878	01	02.05926	02.06425	00.96	01.11	06.34	40.13	-0.02
0877	01	03.86127	03.87127	02.19	01.05	06.20	38.86	-0.05
0773	04	01.05845	01.06345	03.26	04.97	04.63	31.89	-0.04
0475	01	08.10460	08.10960	02.49	01.86	-0.66	35.24	-0.01
