RAW	190510	231035	191713	02
GEOM1	00.00	00.00	0.000000	0.000000	0.000000	0.000000	00.00	00.00	00.00	00.00	1000000.00	-3
GEOM2	00.00	00.00	0.000000	0.000000	0.000000	0.000000	00.00	00.00	00.00	00.00	0000.000	0000.000	1000000.00	-3
LDF	11.071418	0.270424	46.471984	0.154640	0027367.8	0051877.2	00.46	01.72	-1
GLDF	00.00	23.42	0.000000	0.150000	0.000000	0.150000	00.00	70.22	00.00	01.41	0027367.8	0000001.4	00.46	1000000.00	-2
0772	01	01.02747	01.02747	01.03	01.52	04.71	30.23	-0.02
0372	04	01.25374	01.25374	03.65	04.04	-2.24	30.01	-0.01
0472	04	01.30974	01.30974	08.87	07.70	-0.52	30.05	-0.03
0675	01	00.00000	00.00000	01.13	02.23	02.84	35.32	-0.04
0473	02	04.41098	04.41098	09.59	07.90	-0.52	31.76	-0.03
