RAW	190501	090919	681306	02
GEOM1	00.00	00.00	0.000000	0.000000	0.000000	0.000000	00.00	00.00	00.00	00.00	1000000.00	-3
GEOM2	00.00	00.00	0.000000	0.000000	0.000000	0.000000	00.00	00.00	00.00	00.00	0000.000	0000.000	1000000.00	-3
LDF	18.125435	0.151908	48.856458	0.151735	1311114.3	0971239.2	52.20	00.69	-1
GLDF	05.37	02.22	17.786852	0.138375	49.083167	0.149046	00.20	23.65	336.96	06.52	0405550.9	0272678.6	14.44	1000000.00	-2
0774	04	08.61147	08.60647	03.92	04.75	04.56	33.62	-0.05
0978	01	08.04779	08.04779	01.39	01.22	07.91	40.63	-0.05
0878	01	00.00000	00.00000	01.29	01.05	06.34	40.13	-0.02
0873	03	06.80707	06.80707	03.68	03.43	06.42	31.99	-0.03
1075	01	13.27133	13.27133	00.87	01.09	09.78	35.47	-0.10
0972	04	08.58495	08.58995	02.15	01.15	08.14	30.22	00.02
