RAW	190523	050037	708443	02
GEOM1	00.00	00.00	0.000000	0.000000	0.000000	0.000000	00.00	00.00	00.00	00.00	1000000.00	-3
GEOM2	00.00	00.00	0.000000	0.000000	0.000000	0.000000	00.00	00.00	00.00	00.00	0000.000	0000.000	1000000.00	-3
LDF	17.775960	0.101554	50.080537	0.151032	0037977.9	0023684.7	00.98	00.43	-1
GLDF	00.00	31.64	0.000000	0.150000	0.000000	0.150001	00.00	66.65	00.00	01.41	0037977.9	0000001.4	00.98	1000000.00	-2
0774	04	05.71909	05.71909	03.18	02.95	04.56	33.62	-0.05
0873	02	08.54515	08.55014	06.22	03.89	06.42	31.99	-0.03
0874	01	00.00000	00.00000	00.46	00.86	06.35	33.66	-0.06
0874	04	05.91600	05.91600	04.57	04.15	06.35	33.66	-0.06
0776	01	12.65162	12.65662	00.99	01.09	04.49	37.09	-0.04
0775	02	14.33576	14.33576	01.32	01.93	04.56	35.35	-0.05
