RAW	190530	124600	957303	02
GEOM1	00.00	00.00	0.000000	0.000000	0.000000	0.000000	00.00	00.00	00.00	00.00	1000000.00	-3
GEOM2	00.00	00.00	0.000000	0.000000	0.000000	0.000000	00.00	00.00	00.00	00.00	0000.000	0000.000	1000000.00	-3
LDF	17.703263	0.082314	50.078972	0.149945	0042561.6	0020561.1	01.19	00.00	-1
GLDF	00.00	31.63	0.000000	0.150000	0.000000	0.150000	00.00	58.46	00.00	01.41	0042561.6	0000001.4	01.19	1000000.00	-2
0774	04	00.76216	00.76716	02.76	04.49	04.56	33.62	-0.05
0874	04	00.00000	00.00000	03.67	03.79	06.35	33.66	-0.06
0773	02	03.14710	03.15209	06.82	04.12	04.63	31.89	-0.04
0773	02	07.89885	07.90884	02.63	02.73	04.63	31.89	-0.04
0475	01	04.07803	04.08303	00.86	01.31	-0.66	35.24	-0.01
