RAW	190508	174425	419239	02
GEOM1	00.00	00.00	0.000000	0.000000	0.000000	0.000000	00.00	00.00	00.00	00.00	1000000.00	-3
GEOM2	00.00	00.00	0.000000	0.000000	0.000000	0.000000	00.00	00.00	00.00	00.00	0000.000	0000.000	1000000.00	-3
LDF	18.012707	0.151007	49.198207	0.081929	0262151.8	0128826.8	08.69	02.59	-1
GLDF	-16.25	03.57	19.273305	0.157652	52.396633	0.038232	71.24	00.40	312.15	06.31	0000023.8	0000014.8	33.86	1000000.00	-2
0774	02	07.07312	07.07312	02.37	01.99	04.56	33.62	-0.05
0873	04	04.30722	04.30722	13.10	09.73	06.42	31.99	-0.03
0874	04	03.09240	03.09240	06.28	20.23	06.35	33.66	-0.06
1076	01	00.00000	00.00000	01.28	02.06	09.70	37.20	-0.12
0773	03	02.23356	02.23356	14.78	10.63	04.63	31.89	-0.04
