RAW	190510	114029	371680	02
GEOM1	00.00	00.00	0.000000	0.000000	0.000000	0.000000	00.00	00.00	00.00	00.00	1000000.00	-3
GEOM2	00.00	00.00	0.000000	0.000000	0.000000	0.000000	00.00	00.00	00.00	00.00	0000.000	0000.000	1000000.00	-3
LDF	16.838065	0.150479	49.237510	0.063267	0079144.7	0027818.4	02.11	00.32	-1
GLDF	00.00	24.21	0.000000	0.150000	0.000000	0.150000	00.00	58.74	00.00	01.41	0079144.7	0000001.4	02.11	1000000.00	-2
0772	02	06.88855	06.88855	04.84	04.13	04.71	30.23	-0.02
0774	04	04.42824	04.43323	13.35	05.18	04.56	33.62	-0.05
0977	01	00.00000	00.00000	02.67	01.73	07.92	38.89	-0.09
0573	01	11.62928	11.62928	05.44	08.06	01.13	31.81	-0.04
0773	04	03.99898	03.99898	08.45	05.54	04.63	31.89	-0.04
