RAW	190531	072346	909229	02
GEOM1	00.00	00.00	0.000000	0.000000	0.000000	0.000000	00.00	00.00	00.00	00.00	1000000.00	-3
GEOM2	00.00	00.00	0.000000	0.000000	0.000000	0.000000	00.00	00.00	00.00	00.00	0000.000	0000.000	1000000.00	-3
LDF	14.569973	0.151377	49.734510	0.152947	0418139.8	0373374.8	14.94	01.65	-1
GLDF	03.53	00.13	16.158667	0.136924	49.355004	0.133392	68.23	05.03	220.06	17.56	0000005.7	0000013.4	00.00	1000000.00	-2
0774	04	02.68087	02.67088	04.42	02.80	04.56	33.62	-0.05
0574	03	02.94295	02.93296	08.72	07.11	01.13	33.54	-0.04
0673	04	04.92806	04.91307	02.47	02.15	02.92	31.83	-0.04
0674	02	00.00000	00.00000	07.51	08.51	02.84	33.58	-0.04
0573	01	08.99102	08.98602	01.21	01.13	01.13	31.81	-0.04
