RAW	190506	032304	178976	02
GEOM1	00.00	00.00	0.000000	0.000000	0.000000	0.000000	00.00	00.00	00.00	00.00	1000000.00	-3
GEOM2	00.00	00.00	0.000000	0.000000	0.000000	0.000000	00.00	00.00	00.00	00.00	0000.000	0000.000	1000000.00	-3
LDF	13.956675	0.150781	52.413396	0.201719	0075555.7	0081875.3	02.05	02.12	-1
GLDF	04.66	00.00	13.332940	0.000847	52.608705	0.008145	80.44	20.40	353.20	00.06	111561850.8	2120657007327929344.0	00.00	1000000.00	-2
0576	04	04.53597	04.54097	05.32	05.36	01.05	37.01	-0.02
0575	04	04.80798	04.81298	04.85	05.25	01.13	35.27	-0.03
0675	03	06.66530	06.67030	06.09	04.94	02.84	35.32	-0.04
0977	01	04.01515	04.02014	00.64	01.01	07.92	38.89	-0.09
0776	02	00.00000	00.00000	01.30	01.85	04.49	37.09	-0.04
0974	01	10.55989	10.56988	00.98	00.52	08.06	33.70	-0.06
