RAW	190517	160515	625846	02
GEOM1	00.00	00.00	0.000000	0.000000	0.000000	0.000000	00.00	00.00	00.00	00.00	1000000.00	-3
GEOM2	00.00	00.00	0.000000	0.000000	0.000000	0.000000	00.00	00.00	00.00	00.00	0000.000	0000.000	1000000.00	-3
LDF	16.857537	0.150000	48.774506	0.150039	0208558.4	0185172.7	06.20	00.00	-2
GLDF	01.49	00.16	18.442375	0.134070	48.654721	0.141735	03.03	06.40	218.78	01.41	0000000.0	0000000.0	00.00	136.06	-2
0772	02	04.24419	04.24919	02.68	03.50	04.71	30.23	-0.02
0774	04	03.25344	03.25844	03.82	03.11	04.56	33.62	-0.05
0575	01	08.76349	08.76848	02.18	01.86	01.13	35.27	-0.03
0473	01	00.00000	00.00000	01.63	02.53	-0.52	31.76	-0.03
0773	04	01.54169	01.54668	07.92	12.08	04.63	31.89	-0.04
