RAW	190531	173009	559630	02
GEOM1	00.00	00.00	0.000000	0.000000	0.000000	0.000000	00.00	00.00	00.00	00.00	1000000.00	-3
GEOM2	00.00	00.00	0.000000	0.000000	0.000000	0.000000	00.00	00.00	00.00	00.00	0000.000	0000.000	1000000.00	-3
LDF	11.126923	0.214975	46.473164	0.153208	0015148.4	0024771.6	00.10	01.47	-1
GLDF	00.00	24.89	0.000000	0.150000	0.000000	0.150001	00.00	79.26	00.00	01.41	0015148.4	0000001.4	00.10	1000000.00	-2
0372	04	04.71165	04.71165	03.10	03.12	-2.24	30.01	-0.01
0472	04	03.77889	03.78389	05.15	08.44	-0.52	30.05	-0.03
0472	02	10.63921	10.64421	02.08	01.66	-0.52	30.05	-0.03
0876	01	12.74258	12.74757	01.76	01.63	06.27	37.12	-0.05
0874	01	00.00000	00.00000	01.00	01.06	06.35	33.66	-0.06
0874	01	06.33573	06.33573	01.54	01.07	06.35	33.66	-0.06
0572	02	06.28567	06.28567	04.15	04.19	01.20	30.14	-0.04
