RAW	190513	045736	787023	02
GEOM1	00.00	00.00	0.000000	0.000000	0.000000	0.000000	00.00	00.00	00.00	00.00	1000000.00	-3
GEOM2	00.00	00.00	0.000000	0.000000	0.000000	0.000000	00.00	00.00	00.00	00.00	0000.000	0000.000	1000000.00	-3
LDF	21.023174	0.173755	51.279876	0.152275	0109516.1	0095886.3	02.72	02.23	-1
GLDF	00.00	29.57	0.000000	0.150000	0.000000	0.150001	00.00	62.46	00.00	01.41	0109516.1	0000001.4	02.72	1000000.00	-2
1075	04	08.81649	08.81649	04.39	08.11	09.78	35.47	-0.10
0976	02	00.00000	00.00000	02.25	01.61	07.99	37.16	-0.09
0974	03	06.65147	06.65147	05.39	06.57	08.06	33.70	-0.06
0975	04	09.21844	09.21844	06.57	04.96	07.99	35.38	-0.08
0474	01	08.97803	08.97803	01.62	03.25	-0.59	33.51	-0.01
0773	01	02.42226	02.42726	01.53	00.98	04.63	31.89	-0.04
0475	01	07.44072	07.44072	00.83	01.57	-0.66	35.24	-0.01
