RAW	190505	074940	340296	02
GEOM1	00.00	00.00	0.000000	0.000000	0.000000	0.000000	00.00	00.00	00.00	00.00	1000000.00	-3
GEOM2	00.00	00.00	0.000000	0.000000	0.000000	0.000000	00.00	00.00	00.00	00.00	0000.000	0000.000	1000000.00	-3
LDF	16.802866	0.150146	50.944533	0.052972	0109644.7	0031389.5	02.73	00.08	-1
GLDF	00.00	23.11	0.000000	0.150000	0.000000	0.150000	00.00	57.85	00.00	01.41	0109644.7	0000001.4	02.73	1000000.00	-2
0774	04	04.28798	04.25300	10.30	10.17	04.56	33.62	-0.05
0674	02	06.46934	06.46934	04.20	04.35	02.84	33.58	-0.04
0776	01	00.00000	00.00000	01.17	01.45	04.49	37.09	-0.04
0775	04	03.94656	03.94656	13.16	10.38	04.56	35.35	-0.05
0975	01	10.82897	10.82897	00.92	01.50	07.99	35.38	-0.08
0972	01	06.32211	06.32711	03.23	01.09	08.14	30.22	00.02
