RAW	190524	060349	780324	02
GEOM1	00.00	00.00	0.000000	0.000000	0.000000	0.000000	00.00	00.00	00.00	00.00	1000000.00	-3
GEOM2	00.00	00.00	0.000000	0.000000	0.000000	0.000000	00.00	00.00	00.00	00.00	0000.000	0000.000	1000000.00	-3
LDF	13.617359	0.145816	52.892701	0.138305	0172289.9	0124608.7	04.67	00.12	-1
GLDF	00.00	36.31	0.000000	0.150000	0.000000	0.150001	00.00	89.54	00.00	01.41	0172289.9	0000001.4	04.67	1000000.00	-2
0574	02	05.40331	05.40331	07.10	04.95	01.13	33.54	-0.04
0574	01	05.90297	05.90297	00.00	00.00	01.13	33.54	-0.04
0576	03	06.62111	06.62111	06.59	03.77	01.05	37.01	-0.02
0575	04	08.01856	08.01856	02.70	04.47	01.13	35.27	-0.03
0676	04	08.79310	08.79310	02.06	01.35	02.77	37.09	-0.03
1072	01	00.00000	00.00000	01.62	01.74	09.86	30.29	00.00
