RAW	190530	185648	026504	02
GEOM1	00.00	00.00	0.000000	0.000000	0.000000	0.000000	00.00	00.00	00.00	00.00	1000000.00	-3
GEOM2	00.00	00.00	0.000000	0.000000	0.000000	0.000000	00.00	00.00	00.00	00.00	0000.000	0000.000	1000000.00	-3
LDF	16.368100	0.149987	50.049962	0.150000	0085420.8	0103591.1	02.23	00.00	-2
GLDF	00.00	34.21	0.000000	0.150000	0.000000	0.150000	00.00	68.61	00.00	01.41	0085420.8	0000001.4	02.23	1000000.00	-2
0774	04	03.22419	03.22419	03.47	05.03	04.56	33.62	-0.05
0674	02	00.00000	00.00000	05.16	35.35	02.84	33.58	-0.04
0674	04	03.03794	03.03794	01.47	01.42	02.84	33.58	-0.04
0874	02	00.83326	00.83326	05.86	03.83	06.35	33.66	-0.06
1076	01	03.64483	03.63983	07.88	06.57	09.70	37.20	-0.12
1072	01	06.98719	06.98719	01.75	01.86	09.86	30.29	00.00
0475	01	09.23567	09.23067	00.54	01.42	-0.66	35.24	-0.01
