RAW	190505	145006	945981	02
GEOM1	00.00	00.00	0.000000	0.000000	0.000000	0.000000	00.00	00.00	00.00	00.00	1000000.00	-3
GEOM2	00.00	00.00	0.000000	0.000000	0.000000	0.000000	00.00	00.00	00.00	00.00	0000.000	0000.000	1000000.00	-3
LDF	12.430693	0.074879	49.471349	0.149163	0132635.1	0063881.8	03.32	00.28	-1
GLDF	00.00	24.25	0.000000	0.150000	0.000000	0.150001	00.00	81.66	00.00	01.41	0132635.1	0000001.4	03.32	1000000.00	-2
0574	04	07.24112	07.24112	04.22	04.86	01.13	33.54	-0.04
0777	01	02.00300	02.00799	01.20	01.04	04.48	38.84	-0.02
1075	01	00.00000	00.00000	01.53	00.80	09.78	35.47	-0.10
0573	03	04.57441	04.57941	08.43	04.35	01.13	31.81	-0.04
0474	04	06.89294	06.89794	15.71	06.81	-0.59	33.51	-0.01
