RAW	190517	040403	607443	02
GEOM1	00.00	00.00	0.000000	0.000000	0.000000	0.000000	00.00	00.00	00.00	00.00	1000000.00	-3
GEOM2	00.00	00.00	0.000000	0.000000	0.000000	0.000000	00.00	00.00	00.00	00.00	0000.000	0000.000	1000000.00	-3
LDF	14.333375	0.106573	50.005142	0.152285	0039951.0	0026621.0	01.07	00.93	-1
GLDF	00.00	27.87	0.000000	0.150000	0.000000	0.150001	00.00	80.66	00.00	01.41	0039951.0	0000001.4	01.07	1000000.00	-2
0774	02	00.24710	00.25210	01.95	01.72	04.56	33.62	-0.05
0774	02	05.35362	05.35862	03.68	02.55	04.56	33.62	-0.05
0574	04	08.47663	08.48663	04.29	03.32	01.13	33.54	-0.04
0674	04	08.61662	08.62162	07.63	05.28	02.84	33.58	-0.04
0777	01	14.50709	14.51209	01.61	01.05	04.48	38.84	-0.02
1072	01	00.00000	00.00000	00.44	00.98	09.86	30.29	00.00
