RAW	190522	093038	269830	02
GEOM1	00.00	00.00	0.000000	0.000000	0.000000	0.000000	00.00	00.00	00.00	00.00	1000000.00	-3
GEOM2	00.00	00.00	0.000000	0.000000	0.000000	0.000000	00.00	00.00	00.00	00.00	0000.000	0000.000	1000000.00	-3
LDF	12.596426	0.090981	49.967470	0.151692	0044478.9	0024593.8	01.26	00.72	-1
GLDF	00.00	27.20	0.000000	0.150000	0.000000	0.150000	00.00	71.51	00.00	01.41	0044478.9	0000001.4	01.26	1000000.00	-2
0774	01	03.53804	03.53804	02.81	00.83	04.56	33.62	-0.05
0574	04	02.67545	02.67046	04.66	08.27	01.13	33.54	-0.04
0574	02	06.36793	06.36294	02.07	01.36	01.13	33.54	-0.04
0575	02	04.42799	04.42799	09.18	04.06	01.13	35.27	-0.03
0978	01	00.49655	00.49655	00.79	01.45	07.91	40.63	-0.05
0876	01	00.00000	00.00000	01.62	02.11	06.27	37.12	-0.05
0474	04	01.36834	01.36834	03.47	04.75	-0.59	33.51	-0.01
0475	02	08.72772	08.72772	01.89	02.65	-0.66	35.24	-0.01
