RAW	190501	062039	652654	02
GEOM1	00.00	00.00	0.000000	0.000000	0.000000	0.000000	00.00	00.00	00.00	00.00	1000000.00	-3
GEOM2	00.00	00.00	0.000000	0.000000	0.000000	0.000000	00.00	00.00	00.00	00.00	0000.000	0000.000	1000000.00	-3
LDF	17.613067	0.188748	54.780346	0.192151	0331306.0	0361083.5	11.57	02.89	-1
GLDF	00.00	25.05	0.000000	0.150000	0.000000	0.150000	00.00	55.43	00.00	01.41	0331306.0	0000001.4	11.57	1000000.00	-2
0575	01	02.45009	02.45009	01.09	02.25	01.13	35.27	-0.03
0777	03	00.00000	00.00000	05.72	05.30	04.48	38.84	-0.02
0776	04	01.90049	01.90049	06.66	07.41	04.49	37.09	-0.04
0877	04	01.68026	01.68525	13.09	22.10	06.20	38.86	-0.05
0573	01	00.50664	00.50664	01.59	01.56	01.13	31.81	-0.04
0474	01	05.80831	05.81330	01.29	00.62	-0.59	33.51	-0.01
