RAW	190529	042753	921335	02
GEOM1	00.00	00.00	0.000000	0.000000	0.000000	0.000000	00.00	00.00	00.00	00.00	1000000.00	-3
GEOM2	00.00	00.00	0.000000	0.000000	0.000000	0.000000	00.00	00.00	00.00	00.00	0000.000	0000.000	1000000.00	-3
LDF	12.399990	0.168903	48.220713	0.153281	0021570.6	0025481.6	00.23	01.06	-1
GLDF	00.00	27.68	0.000000	0.150000	0.000000	0.150000	00.00	69.85	00.00	01.41	0021570.6	0000001.4	00.23	1000000.00	-2
0372	02	08.96797	08.97297	04.15	05.14	-2.24	30.01	-0.01
0472	02	04.13368	04.13368	03.73	03.28	-0.52	30.05	-0.03
0878	01	09.99844	09.99344	02.65	02.39	06.34	40.13	-0.02
0873	01	00.00000	00.00000	01.33	01.38	06.42	31.99	-0.03
0776	01	06.15954	06.15954	01.78	01.45	04.49	37.09	-0.04
0573	04	01.33767	01.33767	02.85	03.05	01.13	31.81	-0.04
0473	04	01.13935	01.13935	05.05	06.00	-0.52	31.76	-0.03
