RAW	190529	010505	927952	02
GEOM1	00.00	00.00	0.000000	0.000000	0.000000	0.000000	00.00	00.00	00.00	00.00	1000000.00	-3
GEOM2	00.00	00.00	0.000000	0.000000	0.000000	0.000000	00.00	00.00	00.00	00.00	0000.000	0000.000	1000000.00	-3
LDF	18.118942	0.149967	50.087922	0.150000	0213559.6	0193137.1	06.43	00.00	-2
GLDF	-25.44	  nan	17.649103	   nan	47.052425	   nan	89.95	  nan	08.55	  nan	1565231156.6	      nan	00.00	1000000.00	-2
0774	04	06.16512	06.16512	03.27	03.12	04.56	33.62	-0.05
0777	01	08.95183	08.94683	01.85	03.32	04.48	38.84	-0.02
0978	01	00.00000	00.00000	01.56	02.03	07.91	40.63	-0.05
0874	04	06.42710	06.42710	03.01	14.76	06.35	33.66	-0.06
0976	01	11.76694	11.76694	01.85	01.50	07.99	37.16	-0.09
0974	02	08.19530	08.19030	09.50	08.70	08.06	33.70	-0.06
0676	01	08.19187	08.18687	00.69	01.49	02.77	37.09	-0.03
