RAW	190529	190853	775933	03
GEOM1	00.16	00.20	11.958067	0.149852	47.128225	0.149948	58.24	32.00	139.75	05.86	00.00	-2
GEOM2	00.25	00.56	11.957949	0.147298	47.128180	0.147873	74.45	218.23	137.51	17.05	0000.497	0012.260	00.00	-3
LDF	11.847654	0.143311	47.803187	0.137323	0002141.5	0001087.2	21.99	01.04	00
GLDF	00.22	00.14	11.969816	0.149507	47.142297	0.149440	73.03	02.12	138.04	01.39	0000000.7	0000001.5	01.72	00.84	00
0372	04	01.23545	01.23545	02.70	01.69	-2.24	30.01	-0.01
0472	04	00.00000	00.00000	04.45	03.97	-0.52	30.05	-0.03
0877	01	01.11885	01.11885	01.92	01.43	06.20	38.86	-0.05
0573	04	00.00680	00.00680	03.53	03.93	01.13	31.81	-0.04
0473	03	01.59064	01.59064	24.76	04.89	-0.52	31.76	-0.03
