RAW	190522	091841	507882	02
GEOM1	00.00	00.00	0.000000	0.000000	0.000000	0.000000	00.00	00.00	00.00	00.00	1000000.00	-3
GEOM2	00.00	00.00	0.000000	0.000000	0.000000	0.000000	00.00	00.00	00.00	00.00	0000.000	0000.000	1000000.00	-3
LDF	14.395807	0.065376	51.444205	0.151484	0167167.8	0069104.4	04.47	00.54	-1
GLDF	00.00	20.45	0.000000	0.150000	0.000000	0.150000	00.00	62.29	00.00	01.41	0167167.8	0000001.4	04.47	1000000.00	-2
0574	03	06.96917	06.96917	08.12	06.24	01.13	33.54	-0.04
0575	02	00.00000	00.00000	01.77	01.48	01.13	35.27	-0.03
0575	04	05.29637	05.29637	10.12	05.25	01.13	35.27	-0.03
0675	04	04.03501	04.03501	14.36	42.34	02.84	35.32	-0.04
0978	01	13.21729	13.21729	00.89	00.85	07.91	40.63	-0.05
0775	02	01.22999	01.22999	01.34	01.99	04.56	35.35	-0.05
0473	01	11.55062	11.55062	00.94	01.03	-0.52	31.76	-0.03
