RAW	190510	091224	161209	01
GEOM1	00.00	00.00	0.000000	0.000000	0.000000	0.000000	00.00	00.00	00.00	00.00	1000000.00	-4
GEOM2	00.00	00.00	0.000000	0.000000	0.000000	0.000000	00.00	00.00	00.00	00.00	0000.000	0000.000	1000000.00	-4
LDF	16.949040	0.153783	46.672700	0.156101	0000001.0	0067490.1	01.95	1000000.00	-3
GLDF	00.00	38.32	0.000000	0.150000	0.000000	0.150000	00.00	86.03	00.00	01.41	0000001.0	0000001.4	00.00	1000000.00	-4
0772	04	04.32717	04.32717	03.97	04.82	04.71	30.23	-0.02
0774	02	04.39080	04.39080	02.49	02.71	04.56	33.62	-0.05
0472	01	01.77972	01.77972	00.28	00.23	-0.52	30.05	-0.03
0575	01	01.88095	01.88095	00.64	01.12	01.13	35.27	-0.03
0974	01	00.00000	00.00000	01.39	01.04	08.06	33.70	-0.06
0474	01	09.21982	09.22482	01.04	00.69	-0.59	33.51	-0.01
0773	02	02.01504	02.01504	05.25	04.52	04.63	31.89	-0.04
