RAW	190514	135605	172306	02
GEOM1	00.00	00.00	0.000000	0.000000	0.000000	0.000000	00.00	00.00	00.00	00.00	1000000.00	-3
GEOM2	00.00	00.00	0.000000	0.000000	0.000000	0.000000	00.00	00.00	00.00	00.00	0000.000	0000.000	1000000.00	-3
LDF	11.746652	0.150005	51.345442	0.149997	2923313.2	2082874.0	125.61	00.00	-2
GLDF	00.00	19.12	0.000000	0.150000	0.000000	0.150000	00.00	63.30	00.00	01.41	2923313.2	0000001.4	125.61	1000000.00	-2
0472	01	06.81975	06.81975	01.45	01.66	-0.52	30.05	-0.03
0574	04	02.65360	02.64860	04.72	04.14	01.13	33.54	-0.04
0574	01	05.90638	05.90638	00.93	00.85	01.13	33.54	-0.04
0775	01	00.00000	00.00000	01.63	01.12	04.56	35.35	-0.05
0474	03	00.20261	00.20261	06.72	03.99	-0.59	33.51	-0.01
0475	04	01.65972	01.65972	34.77	46.55	-0.66	35.24	-0.01
