RAW	190513	101211	873663	02
GEOM1	00.00	00.00	0.000000	0.000000	0.000000	0.000000	00.00	00.00	00.00	00.00	1000000.00	-3
GEOM2	00.00	00.00	0.000000	0.000000	0.000000	0.000000	00.00	00.00	00.00	00.00	0000.000	0000.000	1000000.00	-3
LDF	17.386633	0.129970	50.773030	0.125998	0349673.0	0162815.7	12.28	00.53	-1
GLDF	00.00	27.14	0.000000	0.150000	0.000000	0.150000	00.00	55.82	00.00	01.41	0349673.0	0000001.4	12.28	1000000.00	-2
0774	03	00.34316	00.34316	05.26	04.45	04.56	33.62	-0.05
0472	01	09.08167	09.07667	00.53	02.03	-0.52	30.05	-0.03
0874	04	02.19608	02.19608	03.64	07.07	06.35	33.66	-0.06
0776	01	03.07058	03.07058	01.14	01.19	04.49	37.09	-0.04
0775	04	00.00000	00.00000	08.36	07.75	04.56	35.35	-0.05
0972	01	07.05027	07.05027	01.78	03.62	08.14	30.22	00.02
