RAW	190506	101417	088397	01
GEOM1	00.00	00.00	0.000000	0.000000	0.000000	0.000000	00.00	00.00	00.00	00.00	1000000.00	-4
GEOM2	00.00	00.00	0.000000	0.000000	0.000000	0.000000	00.00	00.00	00.00	00.00	0000.000	0000.000	1000000.00	-4
LDF	16.803490	0.141730	50.059600	0.134826	0000001.0	0151340.4	08.16	1000000.00	-3
GLDF	00.00	33.07	0.000000	0.150000	0.000000	0.150000	00.00	88.05	00.00	01.41	0000001.0	0000001.4	00.00	1000000.00	-4
0774	04	06.59463	06.59463	09.10	10.46	04.56	33.62	-0.05
0576	01	11.38863	11.39363	02.56	04.98	01.05	37.01	-0.02
0873	02	00.00000	00.00000	04.54	01.93	06.42	31.99	-0.03
0775	02	09.31272	09.31272	07.31	09.45	04.56	35.35	-0.05
0573	01	10.35505	10.36004	01.29	01.29	01.13	31.81	-0.04
0572	01	15.10978	15.10978	00.37	00.30	01.20	30.14	-0.04
