RAW	190501	202616	035648	02
GEOM1	00.00	00.00	0.000000	0.000000	0.000000	0.000000	00.00	00.00	00.00	00.00	1000000.00	-3
GEOM2	00.00	00.00	0.000000	0.000000	0.000000	0.000000	00.00	00.00	00.00	00.00	0000.000	0000.000	1000000.00	-3
LDF	13.370271	0.154208	49.000202	0.085002	0078623.6	0039848.9	02.10	01.97	-1
GLDF	06.90	00.14	13.370312	0.150327	48.814243	0.150767	70.66	03.64	192.93	01.11	0000010.0	0000023.5	08.64	00.00	-2
0574	04	06.69747	06.70247	08.21	04.73	01.13	33.54	-0.04
0576	01	14.43799	14.43799	01.69	01.33	01.05	37.01	-0.02
0874	01	15.79638	15.79139	02.57	03.04	06.35	33.66	-0.06
0976	01	00.00000	00.00000	01.66	03.29	07.99	37.16	-0.09
0573	04	07.03727	07.04227	15.54	11.45	01.13	31.81	-0.04
0473	02	09.52817	09.52817	06.72	06.77	-0.52	31.76	-0.03
