RAW	190510	063657	726535	02
GEOM1	00.00	00.00	0.000000	0.000000	0.000000	0.000000	00.00	00.00	00.00	00.00	1000000.00	-3
GEOM2	00.00	00.00	0.000000	0.000000	0.000000	0.000000	00.00	00.00	00.00	00.00	0000.000	0000.000	1000000.00	-3
LDF	20.212726	0.150146	53.658138	0.104532	1630151.9	0635395.1	66.27	00.15	-1
GLDF	00.00	29.96	0.000000	0.150000	0.000000	0.150000	00.00	55.31	00.00	01.41	1630151.9	0000001.4	66.27	1000000.00	-2
0372	01	02.45521	02.45521	01.60	01.12	-2.24	30.01	-0.01
0575	01	04.20951	04.21450	01.17	01.09	01.13	35.27	-0.03
0977	01	01.95680	01.96180	01.05	00.95	07.92	38.89	-0.09
0977	04	03.30088	03.29588	04.62	09.95	07.92	38.89	-0.09
0978	02	00.00000	00.00000	01.72	01.76	07.91	40.63	-0.05
0976	03	01.67575	01.67575	13.57	11.20	07.99	37.16	-0.09
0676	01	06.43510	06.43510	00.77	01.28	02.77	37.09	-0.03
0975	04	00.83775	00.84275	04.50	06.76	07.99	35.38	-0.08
