RAW	190510	112531	369884	03
GEOM1	05.60	00.02	16.883126	0.147168	48.193673	0.149485	06.72	07.22	273.06	202.15	00.81	-2
GEOM2	05.59	00.02	16.883547	0.149381	48.183535	0.148228	07.14	26.93	281.38	1386.00	0008.057	0002.383	00.00	-3
LDF	16.881278	0.150307	48.238689	0.123842	0811711.1	0425608.4	31.85	00.34	-1
GLDF	05.59	00.01	16.880066	0.126947	48.260944	0.110244	05.43	05.53	273.07	187.25	0869552.2	0377933.9	33.97	01.54	-1
0772	04	06.18926	06.17926	06.35	03.73	04.71	30.23	-0.02
0774	04	06.04074	06.03575	04.01	03.53	04.56	33.62	-0.05
0575	01	00.00000	00.00000	01.24	01.08	01.13	35.27	-0.03
0775	01	01.90527	01.90027	01.25	00.56	04.56	35.35	-0.05
0773	04	05.63608	05.63108	02.79	04.67	04.63	31.89	-0.04
