RAW	190524	105654	492321	02
GEOM1	00.00	00.00	0.000000	0.000000	0.000000	0.000000	00.00	00.00	00.00	00.00	1000000.00	-3
GEOM2	00.00	00.00	0.000000	0.000000	0.000000	0.000000	00.00	00.00	00.00	00.00	0000.000	0000.000	1000000.00	-3
LDF	19.293214	0.085290	56.793207	0.146778	0053007.5	0024109.0	01.55	00.95	-1
GLDF	00.00	30.86	0.000000	0.150000	0.000000	0.150000	00.00	64.60	00.00	01.41	0053007.5	0000001.4	01.55	1000000.00	-2
0675	01	11.91133	11.91632	02.19	00.59	02.84	35.32	-0.04
0978	04	06.43452	06.43452	06.29	04.73	07.91	40.63	-0.05
0878	04	05.67058	05.67058	14.33	04.29	06.34	40.13	-0.02
0873	01	00.00000	00.00000	00.78	01.40	06.42	31.99	-0.03
0877	02	03.00820	03.01320	10.76	05.43	06.20	38.86	-0.05
