RAW	190511	195802	074838	01
GEOM1	00.00	00.00	0.000000	0.000000	0.000000	0.000000	00.00	00.00	00.00	00.00	1000000.00	-4
GEOM2	00.00	00.00	0.000000	0.000000	0.000000	0.000000	00.00	00.00	00.00	00.00	0000.000	0000.000	1000000.00	-4
LDF	16.949040	0.099798	46.672700	0.149864	0000001.0	0080341.7	03.76	1000000.00	-3
GLDF	00.00	41.74	0.000000	0.150000	0.000000	0.150000	00.00	84.61	00.00	01.41	0000001.0	0000001.4	00.00	1000000.00	-4
0772	04	02.31356	02.31356	03.01	03.61	04.71	30.23	-0.02
0774	02	01.79134	01.79134	03.62	02.58	04.56	33.62	-0.05
0874	02	00.00000	00.00000	01.94	01.03	06.35	33.66	-0.06
0474	01	08.31730	08.31730	01.62	01.25	-0.59	33.51	-0.01
0773	02	04.45285	04.45785	05.65	04.06	04.63	31.89	-0.04
