RAW	190531	105125	926219	02
GEOM1	00.00	00.00	0.000000	0.000000	0.000000	0.000000	00.00	00.00	00.00	00.00	1000000.00	-3
GEOM2	00.00	00.00	0.000000	0.000000	0.000000	0.000000	00.00	00.00	00.00	00.00	0000.000	0000.000	1000000.00	-3
LDF	19.273205	0.105891	56.786822	0.148579	0036824.2	0023433.9	00.93	01.02	-1
GLDF	00.00	33.56	0.000000	0.150000	0.000000	0.150001	00.00	73.15	00.00	01.41	0036824.2	0000001.4	00.93	1000000.00	-2
0673	01	06.67953	06.81443	01.22	01.36	02.92	31.83	-0.04
0978	04	09.51977	09.51977	04.61	03.50	07.91	40.63	-0.05
0878	04	09.60590	09.61090	05.68	08.66	06.34	40.13	-0.02
1076	01	12.47377	12.47876	01.69	01.07	09.70	37.20	-0.12
0877	02	06.40880	06.41380	05.26	13.01	06.20	38.86	-0.05
0975	01	00.00000	00.00000	01.52	01.28	07.99	35.38	-0.08
0573	01	12.92351	12.92851	01.48	01.24	01.13	31.81	-0.04
