RAW	190505	081120	032386	02
GEOM1	00.00	00.00	0.000000	0.000000	0.000000	0.000000	00.00	00.00	00.00	00.00	1000000.00	-3
GEOM2	00.00	00.00	0.000000	0.000000	0.000000	0.000000	00.00	00.00	00.00	00.00	0000.000	0000.000	1000000.00	-3
LDF	12.409263	0.180291	47.552456	0.177699	0128805.7	0143774.1	03.21	01.75	-1
GLDF	00.00	24.14	0.000000	0.150000	0.000000	0.150001	00.00	78.64	00.00	01.41	0128805.7	0000001.4	03.21	1000000.00	-2
0472	02	09.22608	09.22108	03.16	02.06	-0.52	30.05	-0.03
0777	01	15.68623	15.67624	08.19	02.36	04.48	38.84	-0.02
0776	01	00.00000	00.00000	01.15	01.22	04.49	37.09	-0.04
0473	04	07.10703	07.09704	06.76	09.29	-0.52	31.76	-0.03
0572	04	06.47613	06.47113	04.87	04.03	01.20	30.14	-0.04
