RAW	190515	195020	666476	02
GEOM1	00.00	00.00	0.000000	0.000000	0.000000	0.000000	00.00	00.00	00.00	00.00	1000000.00	-3
GEOM2	00.00	00.00	0.000000	0.000000	0.000000	0.000000	00.00	00.00	00.00	00.00	0000.000	0000.000	1000000.00	-3
LDF	13.899477	0.126534	51.117942	0.120682	0405127.0	0167591.6	14.43	00.09	-1
GLDF	00.00	26.33	0.000000	0.150000	0.000000	0.150001	00.00	74.81	00.00	01.41	0405127.0	0000001.4	14.43	1000000.00	-2
0574	04	05.54855	05.54355	06.36	08.17	01.13	33.54	-0.04
0575	03	04.71755	04.71255	06.62	06.70	01.13	35.27	-0.03
0675	04	07.60581	07.60081	06.47	05.15	02.84	35.32	-0.04
0978	01	09.17114	09.16115	01.42	02.71	07.91	40.63	-0.05
0672	01	00.00000	00.00000	02.38	03.03	02.92	30.12	-0.04
