RAW	190501	225338	427727	02
GEOM1	00.00	00.00	0.000000	0.000000	0.000000	0.000000	00.00	00.00	00.00	00.00	1000000.00	-3
GEOM2	00.00	00.00	0.000000	0.000000	0.000000	0.000000	00.00	00.00	00.00	00.00	0000.000	0000.000	1000000.00	-3
LDF	17.599924	0.124297	52.697739	0.126713	0218976.5	0099278.1	06.67	00.07	-1
GLDF	00.00	32.04	0.000000	0.150000	0.000000	0.150000	00.00	60.11	00.00	01.41	0218976.5	0000001.4	06.67	1000000.00	-2
0574	01	00.73828	00.72828	02.47	02.86	01.13	33.54	-0.04
0674	01	01.22262	01.22762	01.88	00.48	02.84	33.58	-0.04
0575	01	05.05785	05.05285	03.49	01.34	01.13	35.27	-0.03
0776	04	00.00000	00.00000	04.66	04.63	04.49	37.09	-0.04
0775	02	03.02962	03.02462	04.79	07.09	04.56	35.35	-0.05
0672	01	02.22118	02.21618	02.09	01.98	02.92	30.12	-0.04
0875	04	01.09877	01.09877	03.76	04.61	06.27	35.38	-0.07
