RAW	190523	215745	430510	02
GEOM1	00.00	00.00	0.000000	0.000000	0.000000	0.000000	00.00	00.00	00.00	00.00	1000000.00	-3
GEOM2	00.00	00.00	0.000000	0.000000	0.000000	0.000000	00.00	00.00	00.00	00.00	0000.000	0000.000	1000000.00	-3
LDF	12.856389	0.122740	48.554487	0.134232	0633700.9	0291567.7	23.55	00.55	-1
GLDF	00.00	21.70	0.000000	0.150000	0.000000	0.150001	00.00	78.99	00.00	01.41	0633700.9	0000001.4	23.55	1000000.00	-2
0574	04	06.68840	06.68340	06.40	05.94	01.13	33.54	-0.04
0777	01	13.67108	13.67608	01.55	00.91	04.48	38.84	-0.02
0573	01	00.00000	00.00000	01.14	01.62	01.13	31.81	-0.04
0573	03	06.10083	06.10083	20.90	19.25	01.13	31.81	-0.04
0473	04	07.95215	07.95215	15.47	13.10	-0.52	31.76	-0.03
