RAW	190528	100219	301348	02
GEOM1	00.00	00.00	0.000000	0.000000	0.000000	0.000000	00.00	00.00	00.00	00.00	1000000.00	-3
GEOM2	00.00	00.00	0.000000	0.000000	0.000000	0.000000	00.00	00.00	00.00	00.00	0000.000	0000.000	1000000.00	-3
LDF	16.014510	0.177847	49.281133	0.150397	0102547.7	0091606.8	02.57	02.21	-1
GLDF	00.00	29.97	0.000000	0.150000	0.000000	0.150000	00.00	61.42	00.00	01.41	0102547.7	0000001.4	02.57	1000000.00	-2
0774	04	00.00000	00.00000	02.83	01.89	04.56	33.62	-0.05
0674	04	00.56831	00.56831	06.25	06.31	02.84	33.58	-0.04
0676	01	04.45950	04.45950	00.98	00.86	02.77	37.09	-0.03
0473	01	02.40732	02.40732	04.01	01.78	-0.52	31.76	-0.03
0773	03	02.96429	02.96928	07.34	05.99	04.63	31.89	-0.04
