RAW	190501	201528	997669	02
GEOM1	00.00	00.00	0.000000	0.000000	0.000000	0.000000	00.00	00.00	00.00	00.00	1000000.00	-3
GEOM2	00.00	00.00	0.000000	0.000000	0.000000	0.000000	00.00	00.00	00.00	00.00	0000.000	0000.000	1000000.00	-3
LDF	13.369958	0.150610	50.805638	0.065087	0073152.3	0026748.6	02.00	00.31	-1
GLDF	00.00	25.07	0.000000	0.150000	0.000000	0.150001	00.00	74.47	00.00	01.41	0073152.3	0000001.4	02.00	1000000.00	-2
0574	04	06.18707	06.18207	08.33	08.86	01.13	33.54	-0.04
0575	04	04.96416	04.96416	06.51	06.50	01.13	35.27	-0.03
0775	01	14.36362	14.36362	01.90	01.17	04.56	35.35	-0.05
0474	02	07.98805	07.98805	11.40	04.40	-0.59	33.51	-0.01
0572	01	00.00000	00.00000	00.97	00.80	01.20	30.14	-0.04
