RAW	190511	133647	105553	02
GEOM1	00.00	00.00	0.000000	0.000000	0.000000	0.000000	00.00	00.00	00.00	00.00	1000000.00	-3
GEOM2	00.00	00.00	0.000000	0.000000	0.000000	0.000000	00.00	00.00	00.00	00.00	0000.000	0000.000	1000000.00	-3
LDF	16.682893	0.128264	50.056570	0.150506	1157171.3	0603732.9	45.53	00.56	-1
GLDF	00.00	28.25	0.000000	0.150000	0.000000	0.150000	00.00	59.92	00.00	01.41	1157171.3	0000001.4	45.53	1000000.00	-2
0774	03	02.56956	02.56956	03.34	03.57	04.56	33.62	-0.05
0674	04	01.00329	01.00329	06.50	05.66	02.84	33.58	-0.04
0874	04	02.89295	02.88796	04.58	04.12	06.35	33.66	-0.06
0573	01	07.68481	07.68980	01.44	01.03	01.13	31.81	-0.04
0475	01	00.00000	00.00000	01.35	00.71	-0.66	35.24	-0.01
