RAW	190505	231034	878708	02
GEOM1	00.00	00.00	0.000000	0.000000	0.000000	0.000000	00.00	00.00	00.00	00.00	1000000.00	-3
GEOM2	00.00	00.00	0.000000	0.000000	0.000000	0.000000	00.00	00.00	00.00	00.00	0000.000	0000.000	1000000.00	-3
LDF	12.635292	0.070621	46.534942	0.150627	0061715.9	0024888.1	01.77	00.39	-1
GLDF	00.00	22.95	0.000000	0.150000	0.000000	0.150001	00.00	77.53	00.00	01.41	0061715.9	0000001.4	01.77	1000000.00	-2
0372	02	05.31026	05.30526	04.68	03.89	-2.24	30.01	-0.01
0472	04	07.29643	07.29143	05.37	05.84	-0.52	30.05	-0.03
0777	01	00.00000	00.00000	00.63	00.97	04.48	38.84	-0.02
0874	01	06.04120	06.03620	22.17	04.84	06.35	33.66	-0.06
0776	01	12.84648	12.84149	01.04	01.13	04.49	37.09	-0.04
0474	01	00.87557	00.87557	01.80	03.03	-0.59	33.51	-0.01
0572	04	07.15055	07.14555	09.45	05.94	01.20	30.14	-0.04
