RAW	190512	125738	040262	02
GEOM1	00.00	00.00	0.000000	0.000000	0.000000	0.000000	00.00	00.00	00.00	00.00	1000000.00	-3
GEOM2	00.00	00.00	0.000000	0.000000	0.000000	0.000000	00.00	00.00	00.00	00.00	0000.000	0000.000	1000000.00	-3
LDF	16.842950	0.151155	49.121353	0.086219	0046760.0	0024063.0	01.35	00.56	-1
GLDF	00.00	27.65	0.000000	0.150000	0.000000	0.150001	00.00	67.06	00.00	01.41	0046760.0	0000001.4	01.35	1000000.00	-2
0772	02	09.40040	09.40540	05.61	09.21	04.71	30.23	-0.02
0774	04	07.38792	07.39291	04.27	04.05	04.56	33.62	-0.05
0574	01	01.81028	01.81028	01.12	02.96	01.13	33.54	-0.04
1076	01	00.00000	00.00000	01.93	03.97	09.70	37.20	-0.12
0573	01	01.54514	01.55014	01.81	01.35	01.13	31.81	-0.04
0773	04	06.35809	06.36308	06.61	05.71	04.63	31.89	-0.04
