RAW	190506	104549	127719	03
GEOM1	05.77	00.11	14.636904	0.150004	50.936854	0.149996	30.11	05.26	260.06	14.22	00.00	-2
GEOM2	05.87	00.65	14.636907	0.149717	50.936873	0.149028	30.80	05.76	253.74	40.87	0001.041	0019.676	00.00	-3
LDF	14.612265	0.163491	50.846125	0.093847	0029196.8	0017010.4	01.66	02.19	00
GLDF	05.82	00.08	14.602915	0.166930	50.837484	0.083760	30.30	04.38	262.17	11.60	0029729.9	0019949.0	01.67	03.03	00
0674	04	06.31222	06.31222	06.41	06.73	02.84	33.58	-0.04
0575	04	05.75351	05.74851	03.04	04.33	01.13	35.27	-0.03
0675	04	05.45970	05.45470	03.53	04.10	02.84	35.32	-0.04
0776	02	12.03219	12.04219	02.15	00.94	04.49	37.09	-0.04
0573	02	00.00000	00.00000	02.80	02.99	01.13	31.81	-0.04
