RAW	190502	100400	810884	02
GEOM1	00.00	00.00	0.000000	0.000000	0.000000	0.000000	00.00	00.00	00.00	00.00	1000000.00	-3
GEOM2	00.00	00.00	0.000000	0.000000	0.000000	0.000000	00.00	00.00	00.00	00.00	0000.000	0000.000	1000000.00	-3
LDF	12.607522	0.133072	49.156235	0.129691	0180039.4	0098030.8	04.98	00.41	-1
GLDF	00.00	28.11	0.000000	0.150000	0.000000	0.150001	00.00	80.09	00.00	01.41	0180039.4	0000001.4	04.98	1000000.00	-2
0372	01	00.00000	00.00000	00.00	00.49	-2.24	30.01	-0.01
0574	04	05.43611	05.32119	04.36	05.45	01.13	33.54	-0.04
0474	02	08.70733	08.59240	05.29	05.23	-0.59	33.51	-0.01
0473	04	05.75852	05.64360	03.49	04.04	-0.52	31.76	-0.03
0475	01	03.54560	03.42568	00.79	00.79	-0.66	35.24	-0.01
0572	01	02.33488	02.20997	00.83	01.47	01.20	30.14	-0.04
