RAW	190529	132717	410207	02
GEOM1	00.00	00.00	0.000000	0.000000	0.000000	0.000000	00.00	00.00	00.00	00.00	1000000.00	-3
GEOM2	00.00	00.00	0.000000	0.000000	0.000000	0.000000	00.00	00.00	00.00	00.00	0000.000	0000.000	1000000.00	-3
LDF	18.036515	0.123345	52.124146	0.132281	0589450.9	0269577.7	21.75	00.15	-1
GLDF	00.00	27.44	0.000000	0.150000	0.000000	0.150000	00.00	62.20	00.00	01.41	0589450.9	0000001.4	21.75	1000000.00	-2
0774	01	00.00000	00.00000	01.30	00.88	04.56	33.62	-0.05
0673	01	10.45510	10.45510	04.24	05.85	02.92	31.83	-0.04
0876	04	04.30314	04.30314	05.00	05.39	06.27	37.12	-0.05
0775	04	04.84060	04.84060	12.84	06.22	04.56	35.35	-0.05
0875	03	02.59393	02.58893	23.63	10.45	06.27	35.38	-0.07
