RAW	190515	042432	148860	03
GEOM1	03.11	00.09	15.510244	0.149988	49.386277	0.150004	23.27	06.30	217.02	15.92	00.00	-2
GEOM2	03.21	00.60	15.510253	0.149521	49.386287	0.149546	21.18	13.33	226.66	60.98	0000.955	0018.937	00.00	-3
LDF	15.863047	0.120663	49.170392	0.104894	0096327.2	0035299.0	03.95	00.60	00
GLDF	03.11	00.09	15.603614	0.161164	49.262050	0.079153	24.26	04.82	220.12	12.95	0057916.1	0032247.5	02.26	02.33	00
0774	04	02.81480	02.80980	03.82	02.86	04.56	33.62	-0.05
0673	04	03.65407	03.64907	05.71	04.93	02.92	31.83	-0.04
0674	04	03.20695	03.20196	00.77	10.80	02.84	33.58	-0.04
1072	01	00.00000	00.00000	03.06	01.42	09.86	30.29	00.00
0773	03	02.19951	02.19951	06.12	04.75	04.63	31.89	-0.04
