RAW	190509	140504	227488	02
GEOM1	00.00	00.00	0.000000	0.000000	0.000000	0.000000	00.00	00.00	00.00	00.00	1000000.00	-3
GEOM2	00.00	00.00	0.000000	0.000000	0.000000	0.000000	00.00	00.00	00.00	00.00	0000.000	0000.000	1000000.00	-3
LDF	11.724702	0.152217	47.451325	0.117721	0032568.1	0024646.6	00.72	00.83	-1
GLDF	00.00	26.65	0.000000	0.150000	0.000000	0.150000	00.00	75.08	00.00	01.41	0032568.1	0000001.4	00.72	1000000.00	-2
0372	02	00.00000	00.00000	04.08	03.55	-2.24	30.01	-0.01
0472	04	02.88187	02.88187	03.71	02.81	-0.52	30.05	-0.03
0974	01	07.33761	07.33761	01.07	01.09	08.06	33.70	-0.06
0975	01	03.64618	03.64618	01.07	01.06	07.99	35.38	-0.08
0473	04	03.11450	03.11450	06.54	04.35	-0.52	31.76	-0.03
