RAW	190516	215927	049289	02
GEOM1	00.00	00.00	0.000000	0.000000	0.000000	0.000000	00.00	00.00	00.00	00.00	1000000.00	-3
GEOM2	00.00	00.00	0.000000	0.000000	0.000000	0.000000	00.00	00.00	00.00	00.00	0000.000	0000.000	1000000.00	-3
LDF	14.209775	0.102843	52.538389	0.152452	0383515.9	0198151.3	13.59	03.56	-1
GLDF	01.02	00.54	14.179221	0.040654	50.980141	0.031859	01.58	20.83	338.80	09.00	9053290683.0	215821897.8	111.36	1000000.00	-2
0575	04	02.62144	02.62144	19.87	08.67	01.13	35.27	-0.03
0675	04	01.62928	01.62928	07.62	07.40	02.84	35.32	-0.04
0878	01	07.27243	07.26743	01.78	02.25	06.34	40.13	-0.02
0776	01	09.62868	09.62368	01.59	01.00	04.49	37.09	-0.04
0676	03	00.00000	00.00000	18.80	17.13	02.77	37.09	-0.03
