RAW	190521	134112	459011	01
GEOM1	00.00	00.00	0.000000	0.000000	0.000000	0.000000	00.00	00.00	00.00	00.00	1000000.00	-4
GEOM2	00.00	00.00	0.000000	0.000000	0.000000	0.000000	00.00	00.00	00.00	00.00	0000.000	0000.000	1000000.00	-4
LDF	11.724624	0.150261	46.485900	0.125781	0000001.0	0414475.1	29.66	1000000.00	-3
GLDF	00.00	40.47	0.000000	0.150000	0.000000	0.150001	00.00	130.21	00.00	01.41	0000001.0	0000001.4	00.00	1000000.00	-4
0472	04	08.34539	08.34040	03.34	02.82	-0.52	30.05	-0.03
0776	01	00.00000	00.00000	01.21	01.87	04.49	37.09	-0.04
0474	02	07.20355	07.20355	04.61	04.93	-0.59	33.51	-0.01
0473	02	05.19630	05.20130	13.19	06.83	-0.52	31.76	-0.03
0872	01	02.46023	02.46023	01.92	03.25	06.35	30.23	00.01
