RAW	190502	083353	053226	02
GEOM1	00.00	00.00	0.000000	0.000000	0.000000	0.000000	00.00	00.00	00.00	00.00	1000000.00	-3
GEOM2	00.00	00.00	0.000000	0.000000	0.000000	0.000000	00.00	00.00	00.00	00.00	0000.000	0000.000	1000000.00	-3
LDF	12.578320	0.078645	48.226739	0.150187	0031869.2	0015373.6	00.68	00.10	-1
GLDF	00.00	28.00	0.000000	0.150000	0.000000	0.150001	00.00	82.63	00.00	01.41	0031869.2	0000001.4	00.68	1000000.00	-2
0472	01	00.00000	00.00000	01.44	01.33	-0.52	30.05	-0.03
0776	01	15.93633	15.93633	01.09	00.75	04.49	37.09	-0.04
0975	01	08.19495	08.18995	01.03	00.81	07.99	35.38	-0.08
0573	04	06.52361	06.51862	03.47	05.28	01.13	31.81	-0.04
0473	04	06.90653	06.90154	03.76	03.60	-0.52	31.76	-0.03
0672	01	15.86096	15.85096	01.00	01.31	02.92	30.12	-0.04
0572	02	09.69127	09.68628	10.28	07.78	01.20	30.14	-0.04
