RAW	190503	040546	596021	03
GEOM1	04.97	00.15	19.769817	0.149982	47.498958	0.149982	77.10	03.75	350.32	01.23	00.00	-2
GEOM2	04.97	05.09	19.769819	0.149995	47.498958	0.149994	77.30	616.99	350.29	294.35	0000.991	0401.573	00.00	-3
LDF	19.816194	0.151085	47.692918	0.139053	0000000.0	0000000.0	04.36	08.96	00
GLDF	05.00	00.15	19.840804	0.149640	47.759533	0.083455	78.07	01.71	351.04	00.65	0000000.0	0000000.0	04.48	11.51	00
0576	01	01.54717	01.54217	02.46	02.60	01.05	37.01	-0.02
0576	01	12.40468	12.40468	00.94	01.17	01.05	37.01	-0.02
0876	01	00.00000	00.00000	01.15	01.48	06.27	37.12	-0.05
0873	04	03.77665	03.77665	11.91	18.67	06.42	31.99	-0.03
0973	04	05.37518	05.37518	07.12	03.68	08.07	31.96	-0.03
0972	04	05.70556	05.70556	26.64	18.84	08.14	30.22	00.02
0474	01	04.41293	04.40794	00.89	02.13	-0.59	33.51	-0.01
0474	01	07.69568	07.69568	01.72	00.93	-0.59	33.51	-0.01
0773	02	12.73996	12.74495	02.60	03.31	04.63	31.89	-0.04
