RAW	190509	140420	244020	01
GEOM1	00.00	00.00	0.000000	0.000000	0.000000	0.000000	00.00	00.00	00.00	00.00	1000000.00	-4
GEOM2	00.00	00.00	0.000000	0.000000	0.000000	0.000000	00.00	00.00	00.00	00.00	0000.000	0000.000	1000000.00	-4
LDF	16.803490	0.076180	50.059600	0.151473	0000001.0	0032605.6	02.05	1000000.00	-3
GLDF	00.00	45.33	0.000000	0.150000	0.000000	0.150000	00.00	96.75	00.00	01.41	0000001.0	0000001.4	00.00	1000000.00	-4
0774	01	00.00000	00.00000	00.65	00.61	04.56	33.62	-0.05
0774	04	05.24143	05.21145	03.64	03.19	04.56	33.62	-0.05
0873	01	07.54300	07.51302	00.93	01.67	06.42	31.99	-0.03
0775	02	03.12371	03.09373	06.56	04.19	04.56	35.35	-0.05
0773	02	02.74112	02.71114	02.97	08.96	04.63	31.89	-0.04
