RAW	190514	105351	459892	03
GEOM1	05.65	00.09	15.724735	0.150003	53.045354	0.150004	07.83	06.32	336.99	49.45	00.00	-2
GEOM2	05.75	00.70	15.724740	0.149765	53.045342	0.149789	10.04	15.01	322.75	71.45	0001.078	0024.469	00.00	-3
LDF	15.852696	0.080270	52.958422	0.181945	0162464.6	0093306.8	04.54	03.08	00
GLDF	05.67	00.08	15.862116	0.069913	52.900343	0.180317	08.82	05.55	335.37	34.91	0188291.5	0101927.7	05.72	03.97	00
0774	01	13.41467	13.41966	01.12	01.02	04.56	33.62	-0.05
0675	04	05.87641	05.88640	06.77	04.92	02.84	35.32	-0.04
0876	01	06.65828	06.66327	01.18	00.51	06.27	37.12	-0.05
0874	01	00.00000	00.00000	01.78	01.36	06.35	33.66	-0.06
0776	04	05.89997	05.90997	08.64	08.55	04.49	37.09	-0.04
0676	04	05.64437	05.64937	06.77	07.02	02.77	37.09	-0.03
