RAW	190511	125350	374597	03
GEOM1	06.49	00.15	18.132350	0.150003	49.312139	0.150058	42.46	07.56	288.05	06.88	00.00	-2
GEOM2	06.59	10.19	18.132337	0.150010	49.312174	0.150076	46.00	198.93	284.01	455.07	0000.852	0238.670	00.00	-3
LDF	17.475655	0.164602	48.732625	0.155414	0020732.6	0016080.5	05.13	03.91	00
GLDF	06.52	00.14	18.044560	0.136530	49.261341	0.153837	43.43	05.51	287.51	05.24	0014858.1	0013167.7	03.13	02.77	00
0774	04	05.92215	05.92715	03.24	02.84	04.56	33.62	-0.05
0874	04	06.17886	06.17886	07.17	05.01	06.35	33.66	-0.06
1076	01	00.00000	00.00000	01.89	01.18	09.70	37.20	-0.12
0773	03	08.39067	08.38567	14.29	15.74	04.63	31.89	-0.04
0872	04	08.57003	08.56503	02.41	02.94	06.35	30.23	00.01
