RAW	190511	012725	066874	03
GEOM1	05.21	00.42	16.769852	0.149501	52.182060	0.149225	07.32	608.29	195.93	1205.87	00.00	-2
GEOM2	05.22	00.23	16.769645	0.134569	52.181876	0.144270	54.46	252.70	184.85	10.37	0015.335	0003.493	00.00	-3
LDF	16.772503	0.151324	52.089218	0.159964	1110414.2	0724628.3	187.20	01.43	-1
GLDF	05.32	00.04	16.773411	0.068186	52.198430	0.140920	70.11	02.68	181.33	06.84	0000028.8	0000068.8	20.72	1000000.00	-1
0774	04	06.54671	06.55171	06.81	03.39	04.56	33.62	-0.05
0873	02	00.00000	00.00000	01.18	01.91	06.42	31.99	-0.03
0776	04	05.64869	05.64869	07.73	12.62	04.49	37.09	-0.04
0775	04	05.35431	05.35931	08.66	06.11	04.56	35.35	-0.05
0676	01	00.14588	00.15087	01.40	01.04	02.77	37.09	-0.03
0975	01	11.81320	11.82319	02.78	03.49	07.99	35.38	-0.08
0474	01	02.67812	02.68312	00.79	00.62	-0.59	33.51	-0.01
0475	01	11.08382	11.08382	01.43	01.24	-0.66	35.24	-0.01
