RAW	190506	214203	877010	01
GEOM1	00.00	00.00	0.000000	0.000000	0.000000	0.000000	00.00	00.00	00.00	00.00	1000000.00	-4
GEOM2	00.00	00.00	0.000000	0.000000	0.000000	0.000000	00.00	00.00	00.00	00.00	0000.000	0000.000	1000000.00	-4
LDF	13.370100	0.155693	49.984100	0.123225	0000001.0	0053210.7	01.94	1000000.00	-3
GLDF	00.00	53.91	0.000000	0.150000	0.000000	0.150001	00.00	143.08	00.00	01.41	0000001.0	0000001.4	00.00	1000000.00	-4
0574	04	10.97710	10.98210	01.57	01.90	01.13	33.54	-0.04
0673	02	08.46119	08.47119	04.03	05.26	02.92	31.83	-0.04
0674	01	00.00000	00.00000	00.81	00.98	02.84	33.58	-0.04
0877	01	08.33911	08.33911	00.68	01.46	06.20	38.86	-0.05
0573	02	05.31209	05.31708	04.05	03.52	01.13	31.81	-0.04
0473	02	07.77659	07.78159	19.02	07.96	-0.52	31.76	-0.03
