RAW	190512	132540	834147	02
GEOM1	00.00	00.00	0.000000	0.000000	0.000000	0.000000	00.00	00.00	00.00	00.00	1000000.00	-3
GEOM2	00.00	00.00	0.000000	0.000000	0.000000	0.000000	00.00	00.00	00.00	00.00	0000.000	0000.000	1000000.00	-3
LDF	17.756672	0.093591	50.080122	0.150607	0038828.9	0021999.2	01.02	00.26	-1
GLDF	00.00	31.90	0.000000	0.150000	0.000000	0.150000	00.00	62.43	00.00	01.41	0038828.9	0000001.4	01.02	1000000.00	-2
0774	04	02.62110	02.62110	03.52	02.70	04.56	33.62	-0.05
0874	04	03.47179	03.47179	04.29	03.88	06.35	33.66	-0.06
1075	01	01.65310	01.65310	00.93	01.43	09.78	35.47	-0.10
0974	02	01.69020	01.69020	07.57	10.52	08.06	33.70	-0.06
0877	01	00.00000	00.00000	01.57	01.46	06.20	38.86	-0.05
0473	01	09.67772	09.67772	02.05	02.65	-0.52	31.76	-0.03
