RAW	190521	121530	841093	02
GEOM1	00.00	00.00	0.000000	0.000000	0.000000	0.000000	00.00	00.00	00.00	00.00	1000000.00	-3
GEOM2	00.00	00.00	0.000000	0.000000	0.000000	0.000000	00.00	00.00	00.00	00.00	0000.000	0000.000	1000000.00	-3
LDF	17.513807	0.117742	53.542913	0.151938	0039292.6	0028873.4	01.05	00.79	-1
GLDF	00.00	33.09	0.000000	0.150000	0.000000	0.150000	00.00	70.59	00.00	01.41	0039292.6	0000001.4	01.05	1000000.00	-2
0372	01	00.00000	00.00000	01.19	01.67	-2.24	30.01	-0.01
0876	04	06.24281	06.24281	03.23	03.33	06.27	37.12	-0.05
1075	01	07.41765	07.41765	01.23	00.85	09.78	35.47	-0.10
0776	04	06.45955	06.45955	05.15	05.46	04.49	37.09	-0.04
0775	02	03.36624	03.36624	03.94	03.70	04.56	35.35	-0.05
