RAW	190530	120657	084906	02
GEOM1	00.00	00.00	0.000000	0.000000	0.000000	0.000000	00.00	00.00	00.00	00.00	1000000.00	-3
GEOM2	00.00	00.00	0.000000	0.000000	0.000000	0.000000	00.00	00.00	00.00	00.00	0000.000	0000.000	1000000.00	-3
LDF	13.723770	0.150047	49.991826	0.150000	0390622.7	0306249.1	13.86	00.00	-2
GLDF	00.00	21.94	0.000000	0.150000	0.000000	0.150001	00.00	67.84	00.00	01.41	0390622.7	0000001.4	13.86	1000000.00	-2
0574	04	05.45713	05.45213	11.12	26.99	01.13	33.54	-0.04
0674	04	05.79906	05.79906	05.58	04.31	02.84	33.58	-0.04
0675	02	08.73087	08.73087	05.70	03.77	02.84	35.32	-0.04
1075	01	00.00000	00.00000	00.67	01.42	09.78	35.47	-0.10
1076	01	09.47159	09.47159	00.87	00.64	09.70	37.20	-0.12
0975	01	10.54001	10.54001	01.45	01.31	07.99	35.38	-0.08
