RAW	190502	111653	756423	02
GEOM1	00.00	00.00	0.000000	0.000000	0.000000	0.000000	00.00	00.00	00.00	00.00	1000000.00	-3
GEOM2	00.00	00.00	0.000000	0.000000	0.000000	0.000000	00.00	00.00	00.00	00.00	0012.891	0002.581	1000000.00	-3
LDF	11.651982	0.149974	49.974271	0.101166	1580491.0	0595153.4	64.06	00.05	-1
GLDF	-1986.45	72129435827291668480.00	8.035803	72129435827291660288.000000	61.091732	72129435827291660288.000000	16.22	72129435827291660288.00	225.10	72129435827291660288.00	-66719868670.6	0000000.0	  nan	1000000.00	-2
0978	01	00.00000	00.00000	00.43	00.95	07.91	40.63	-0.05
1075	01	05.51729	05.52229	01.30	01.41	09.78	35.47	-0.10
0474	03	03.33585	03.34085	03.19	04.59	-0.59	33.51	-0.01
0473	04	03.16285	03.16784	04.16	07.85	-0.52	31.76	-0.03
0473	02	06.57053	06.57553	01.47	01.37	-0.52	31.76	-0.03
0475	04	04.66425	04.66425	06.27	06.87	-0.66	35.24	-0.01
