RAW	190509	211908	142420	03
GEOM1	02.63	00.13	12.296824	0.149993	48.910343	0.149839	61.83	01.53	302.53	02.07	00.00	-2
GEOM2	02.63	00.31	12.296813	0.146696	48.910354	0.142605	62.16	07.58	302.38	10.70	0001.164	0019.777	00.00	-3
LDF	12.338663	0.121766	48.857215	0.130392	0000299.4	0000092.8	04.96	00.68	00
GLDF	02.71	00.10	12.349048	0.104805	48.842044	0.123150	61.88	01.29	302.65	01.71	0000298.9	0000145.1	05.10	00.89	00
0674	02	07.19038	07.18538	02.51	02.51	02.84	33.58	-0.04
0878	01	04.81933	04.81434	01.12	02.37	06.34	40.13	-0.02
0573	04	03.66744	03.66744	08.33	08.15	01.13	31.81	-0.04
0474	04	01.57266	01.57766	10.62	07.25	-0.59	33.51	-0.01
0473	04	02.93522	02.93522	05.43	05.39	-0.52	31.76	-0.03
0872	01	00.00000	00.00000	01.29	18.80	06.35	30.23	00.01
