RAW	190529	202617	034944	03
GEOM1	02.15	00.08	11.623799	0.152650	50.661409	0.150472	12.09	03.84	92.46	94.56	03.66	-2
GEOM2	01.93	00.08	11.625050	0.150119	50.630644	0.149901	15.31	07.17	94.88	402.57	0016.451	0004.526	00.00	-3
LDF	11.615049	0.147319	50.874400	0.055809	0077684.0	0023083.9	02.25	05.92	00
GLDF	02.22	00.05	11.614580	0.133892	50.889873	0.046419	13.79	02.87	92.46	80.94	0072690.1	0018833.4	02.18	11.94	00
0874	01	00.00000	00.00000	01.03	00.50	06.35	33.66	-0.06
1076	01	03.00943	03.01942	03.40	00.57	09.70	37.20	-0.12
0474	04	02.02933	02.03433	04.08	06.89	-0.59	33.51	-0.01
0473	04	02.90048	02.90548	05.17	04.82	-0.52	31.76	-0.03
0475	04	02.48287	02.48287	07.98	22.38	-0.66	35.24	-0.01
