RAW	190505	083221	781203	02
GEOM1	00.00	00.00	0.000000	0.000000	0.000000	0.000000	00.00	00.00	00.00	00.00	1000000.00	-3
GEOM2	00.00	00.00	0.000000	0.000000	0.000000	0.000000	00.00	00.00	00.00	00.00	0000.000	0000.000	1000000.00	-3
LDF	17.157914	0.152386	54.500617	0.099068	0134071.8	0073607.8	03.36	02.38	-1
GLDF	02.81	00.16	15.632285	0.128376	55.523728	0.128678	16.38	00.61	102.84	02.35	0450027.9	0573699.3	19.69	1000000.00	-2
0472	01	00.00000	00.00000	01.14	01.59	-0.52	30.05	-0.03
0777	04	03.32599	03.32599	07.46	13.06	04.48	38.84	-0.02
0873	01	04.31068	04.30568	00.33	00.99	06.42	31.99	-0.03
0776	04	03.45317	03.45317	08.82	07.51	04.49	37.09	-0.04
0877	03	05.14272	05.14272	05.23	06.48	06.20	38.86	-0.05
0473	01	02.00341	02.00840	01.68	00.81	-0.52	31.76	-0.03
