RAW	190528	224159	289628	01
GEOM1	00.00	00.00	0.000000	0.000000	0.000000	0.000000	00.00	00.00	00.00	00.00	1000000.00	-4
GEOM2	00.00	00.00	0.000000	0.000000	0.000000	0.000000	00.00	00.00	00.00	00.00	0000.000	0000.000	1000000.00	-4
LDF	15.159130	0.148800	48.272600	0.120787	0000001.0	0000207.3	00.27	1000000.00	-3
GLDF	00.00	37.86	0.000000	0.150000	0.000000	0.150000	00.00	99.86	00.00	01.41	0000001.0	0000001.4	00.00	1000000.00	-4
0673	04	06.55448	06.55948	06.36	03.71	02.92	31.83	-0.04
0674	02	03.74953	03.74953	04.26	03.95	02.84	33.58	-0.04
0675	02	05.52286	05.52286	04.00	03.87	02.84	35.32	-0.04
0474	01	08.75800	08.75800	02.04	01.74	-0.59	33.51	-0.01
0572	01	00.00000	00.00000	01.62	00.89	01.20	30.14	-0.04
