RAW	190524	100231	327346	02
GEOM1	00.00	00.00	0.000000	0.000000	0.000000	0.000000	00.00	00.00	00.00	00.00	1000000.00	-3
GEOM2	00.00	00.00	0.000000	0.000000	0.000000	0.000000	00.00	00.00	00.00	00.00	0000.000	0000.000	1000000.00	-3
LDF	17.752921	0.103983	49.481262	0.150165	0106388.1	0062696.8	02.65	00.87	-1
GLDF	00.00	30.37	0.000000	0.150000	0.000000	0.150000	00.00	60.62	00.00	01.41	0106388.1	0000001.4	02.65	1000000.00	-2
0774	04	03.39799	03.39799	02.86	02.36	04.56	33.62	-0.05
0575	01	04.09301	04.09301	00.80	01.24	01.13	35.27	-0.03
0874	04	02.40442	02.40942	06.57	05.80	06.35	33.66	-0.06
0776	01	02.56968	02.57468	02.28	01.22	04.49	37.09	-0.04
0773	03	00.00000	00.00000	04.92	04.48	04.63	31.89	-0.04
