RAW	190502	041733	710572	02
GEOM1	00.00	00.00	0.000000	0.000000	0.000000	0.000000	00.00	00.00	00.00	00.00	1000000.00	-3
GEOM2	00.00	00.00	0.000000	0.000000	0.000000	0.000000	00.00	00.00	00.00	00.00	0000.000	0000.000	1000000.00	-3
LDF	12.256295	0.175098	47.339982	0.150387	0102408.5	0096794.0	02.56	01.95	-1
GLDF	00.00	25.42	0.000000	0.150000	0.000000	0.150001	00.00	77.77	00.00	01.41	0102408.5	0000001.4	02.56	1000000.00	-2
0472	04	05.92976	05.92976	06.95	02.06	-0.52	30.05	-0.03
0576	01	06.28418	06.27918	01.34	01.78	01.05	37.01	-0.02
0674	01	05.93149	05.93149	03.51	05.62	02.84	33.58	-0.04
0878	01	00.00000	00.00000	01.74	02.67	06.34	40.13	-0.02
0877	01	03.95611	03.95611	01.22	01.98	06.20	38.86	-0.05
0676	01	10.43940	10.44440	03.39	02.38	02.77	37.09	-0.03
0473	03	07.79236	07.79236	09.42	07.32	-0.52	31.76	-0.03
0572	04	06.53807	06.53807	05.00	04.80	01.20	30.14	-0.04
