RAW	190529	041904	025396	03
GEOM1	03.79	00.12	17.639870	0.149977	50.507545	0.149981	47.09	05.58	252.40	03.62	00.00	-2
GEOM2	03.83	00.62	17.639835	0.149547	50.507563	0.148192	45.45	30.15	252.02	08.78	0001.096	0018.909	00.00	-3
LDF	17.973466	0.108443	51.100153	0.141733	0015983.0	0006620.6	06.57	00.26	00
GLDF	03.76	00.12	17.771281	0.077483	50.516401	0.155143	46.58	05.44	253.76	02.86	0008443.6	0007146.9	03.00	02.64	00
0774	04	04.37911	04.38411	04.94	02.60	04.56	33.62	-0.05
0874	04	03.97016	03.96516	05.14	07.29	06.35	33.66	-0.06
0775	04	03.24145	03.24644	03.30	03.30	04.56	35.35	-0.05
0475	01	00.00000	00.00000	01.16	00.40	-0.66	35.24	-0.01
0875	03	02.54908	02.55407	06.14	14.03	06.27	35.38	-0.07
