RAW	190503	085937	368989	02
GEOM1	00.00	00.00	0.000000	0.000000	0.000000	0.000000	00.00	00.00	00.00	00.00	1000000.00	-3
GEOM2	00.00	00.00	0.000000	0.000000	0.000000	0.000000	00.00	00.00	00.00	00.00	0000.000	0000.000	1000000.00	-3
LDF	17.752589	0.121458	49.229967	0.128772	0217414.5	0097664.1	06.60	00.04	-1
GLDF	00.00	29.36	0.000000	0.150000	0.000000	0.150000	00.00	58.42	00.00	01.41	0217414.5	0000001.4	06.60	1000000.00	-2
0774	04	02.37912	02.38412	06.12	02.31	04.56	33.62	-0.05
0873	04	01.79168	01.78668	03.13	05.96	06.42	31.99	-0.03
0874	02	00.00000	00.00000	04.91	04.94	06.35	33.66	-0.06
0975	01	06.50470	06.50470	01.19	01.53	07.99	35.38	-0.08
0573	01	07.57756	07.58256	01.38	01.18	01.13	31.81	-0.04
0773	02	07.57554	07.57554	03.16	01.69	04.63	31.89	-0.04
