RAW	190510	092613	641722	03
GEOM1	02.35	00.13	15.952660	0.149906	49.559329	0.150098	60.65	03.75	323.41	02.35	00.00	-2
GEOM2	02.38	00.32	15.952639	0.143338	49.559352	0.145829	62.56	22.96	322.56	11.05	0000.586	0013.648	00.00	-3
LDF	16.147293	0.150297	49.684768	0.169898	0000326.1	0000182.1	03.18	07.85	00
GLDF	02.43	00.13	16.193607	0.109660	49.728921	0.138545	60.44	04.10	324.50	02.67	0000379.2	0000440.6	03.79	10.25	00
0774	04	02.74115	02.74115	15.31	08.12	04.56	33.62	-0.05
0673	04	02.55553	02.55553	05.74	07.33	02.92	31.83	-0.04
0674	04	01.54531	01.54531	06.57	04.47	02.84	33.58	-0.04
0473	01	02.32631	02.32631	05.38	01.69	-0.52	31.76	-0.03
0773	01	00.00000	00.00000	00.94	01.34	04.63	31.89	-0.04
