RAW	190502	210236	258373	04
GEOM1	03.05	00.08	16.370059	0.149507	48.520656	0.149288	22.83	06.81	252.22	13.81	01.02	-1
GEOM2	02.96	00.10	16.378442	0.150004	48.510630	0.149967	27.77	06.18	259.07	11.11	0008.665	0002.634	00.00	-2
LDF	16.332702	0.196265	48.524024	0.156945	0007915.6	0012123.1	00.17	07.25	01
GLDF	03.08	00.08	16.067014	0.077153	48.567535	0.162546	24.44	05.44	245.04	10.41	0041187.0	0021157.6	01.67	10.83	02
0774	04	02.74279	02.74279	04.82	03.22	04.56	33.62	-0.05
0673	04	03.47844	03.47844	08.99	05.33	02.92	31.83	-0.04
1076	01	06.64923	06.64923	01.21	01.56	09.70	37.20	-0.12
0676	01	00.00000	00.00000	05.70	04.66	02.77	37.09	-0.03
0972	01	04.25647	04.25147	00.86	01.09	08.14	30.22	00.02
0773	04	03.13883	03.13883	04.60	06.63	04.63	31.89	-0.04
0872	04	05.09443	05.09443	02.05	01.76	06.35	30.23	00.01
