RAW	190515	140710	128497	02
GEOM1	00.00	00.00	0.000000	0.000000	0.000000	0.000000	00.00	00.00	00.00	00.00	1000000.00	-3
GEOM2	00.00	00.00	0.000000	0.000000	0.000000	0.000000	00.00	00.00	00.00	00.00	0000.000	0000.000	1000000.00	-3
LDF	17.565065	0.069106	53.543751	0.150960	0083436.5	0031959.7	02.19	00.51	-1
GLDF	00.00	27.78	0.000000	0.150000	0.000000	0.150000	00.00	61.65	00.00	01.41	0083436.5	0000001.4	02.19	1000000.00	-2
0977	02	00.00000	00.00000	02.39	01.56	07.92	38.89	-0.09
0876	04	04.65795	04.65795	07.36	05.31	06.27	37.12	-0.05
0776	04	03.30486	03.30486	06.95	11.01	04.49	37.09	-0.04
0976	02	06.45307	06.45307	06.40	06.51	07.99	37.16	-0.09
0676	02	10.15483	10.15483	02.11	03.27	02.77	37.09	-0.03
