RAW	190526	144007	243335	03
GEOM1	01.28	00.12	18.286118	0.150086	49.592370	0.150003	49.38	05.39	183.12	03.87	00.00	-2
GEOM2	01.32	05.81	18.286095	0.150069	49.592375	0.150160	52.38	353.11	184.99	277.73	0000.688	0228.279	00.00	-3
LDF	18.258540	0.154354	49.454579	0.169316	0003452.8	0003123.0	02.09	02.34	00
GLDF	01.32	00.12	18.250281	0.152662	49.406100	0.118994	50.34	04.52	184.12	02.66	0003712.2	0003397.3	02.53	02.94	00
0774	04	02.50779	02.51279	02.69	02.76	04.56	33.62	-0.05
0873	04	01.14523	01.14523	03.70	05.20	06.42	31.99	-0.03
0874	04	01.08013	01.08013	11.25	04.15	06.35	33.66	-0.06
0775	01	01.51445	01.51445	00.87	01.74	04.56	35.35	-0.05
1072	01	02.43908	02.44408	01.68	01.46	09.86	30.29	00.00
0773	01	00.00000	00.00000	01.03	01.17	04.63	31.89	-0.04
