RAW	190502	143643	715305	02
GEOM1	00.00	00.00	0.000000	0.000000	0.000000	0.000000	00.00	00.00	00.00	00.00	1000000.00	-3
GEOM2	00.00	00.00	0.000000	0.000000	0.000000	0.000000	00.00	00.00	00.00	00.00	0000.000	0000.000	1000000.00	-3
LDF	13.028968	0.140611	49.359702	0.129807	0340512.2	0190556.0	11.93	00.40	-1
GLDF	00.00	25.35	0.000000	0.150000	0.000000	0.150000	00.00	66.48	00.00	01.41	0340512.2	0000001.4	11.93	1000000.00	-2
0774	01	09.09198	09.08699	00.31	00.31	04.56	33.62	-0.05
0574	03	01.86750	01.86750	11.26	08.05	01.13	33.54	-0.04
0974	01	08.97687	08.98187	00.79	00.56	08.06	33.70	-0.06
0676	01	05.72388	05.72388	00.61	01.45	02.77	37.09	-0.03
0573	04	01.44513	01.44513	09.41	07.58	01.13	31.81	-0.04
0474	04	00.00000	00.00000	03.71	03.97	-0.59	33.51	-0.01
