RAW	190525	150243	431582	01
GEOM1	00.00	00.00	0.000000	0.000000	0.000000	0.000000	00.00	00.00	00.00	00.00	1000000.00	-4
GEOM2	00.00	00.00	0.000000	0.000000	0.000000	0.000000	00.00	00.00	00.00	00.00	0000.000	0000.000	1000000.00	-4
LDF	18.664890	0.150343	48.432500	0.111076	0000001.0	0077326.2	03.25	1000000.00	-3
GLDF	00.00	37.87	0.000000	0.150000	0.000000	0.150000	00.00	80.43	00.00	01.41	0000001.0	0000001.4	00.00	1000000.00	-4
0873	04	04.19512	04.19512	05.42	06.00	06.42	31.99	-0.03
0873	01	06.73838	06.73338	00.37	01.62	06.42	31.99	-0.03
0874	02	06.53891	06.53891	03.84	03.50	06.35	33.66	-0.06
0975	01	00.00000	00.00000	01.03	01.05	07.99	35.38	-0.08
0872	02	06.72028	06.72028	04.33	05.73	06.35	30.23	00.01
