RAW	190521	081508	127936	02
GEOM1	00.00	00.00	0.000000	0.000000	0.000000	0.000000	00.00	00.00	00.00	00.00	1000000.00	-3
GEOM2	00.00	00.00	0.000000	0.000000	0.000000	0.000000	00.00	00.00	00.00	00.00	0000.000	0000.000	1000000.00	-3
LDF	16.782003	0.150000	51.930171	0.149987	1173259.7	0963161.7	46.23	00.00	-2
GLDF	00.00	28.51	0.000000	0.150000	0.000000	0.150000	00.00	57.61	00.00	01.41	1173259.7	0000001.4	46.23	1000000.00	-2
0774	04	00.05668	00.05668	02.99	03.55	04.56	33.62	-0.05
0977	01	05.43046	05.43046	02.31	01.23	07.92	38.89	-0.09
1075	01	01.06773	01.06773	01.79	01.21	09.78	35.47	-0.10
0776	03	01.73925	01.73925	03.78	05.31	04.49	37.09	-0.04
0775	04	00.00000	00.00000	09.90	06.71	04.56	35.35	-0.05
