RAW	190503	200349	519820	02
GEOM1	00.00	00.00	0.000000	0.000000	0.000000	0.000000	00.00	00.00	00.00	00.00	1000000.00	-3
GEOM2	00.00	00.00	0.000000	0.000000	0.000000	0.000000	00.00	00.00	00.00	00.00	0000.000	0000.000	1000000.00	-3
LDF	13.369959	0.150691	50.799392	0.073760	0056145.3	0023919.7	01.64	00.32	-1
GLDF	00.00	27.03	0.000000	0.150000	0.000000	0.150000	00.00	72.60	00.00	01.41	0056145.3	0000001.4	01.64	1000000.00	-2
0472	02	11.70520	11.70520	01.06	02.09	-0.52	30.05	-0.03
0574	04	03.25931	03.26431	08.13	05.30	01.13	33.54	-0.04
0575	04	04.64566	04.64566	06.12	03.93	01.13	35.27	-0.03
0573	02	05.84242	05.84742	04.76	03.90	01.13	31.81	-0.04
0773	01	00.00000	00.00000	01.10	01.06	04.63	31.89	-0.04
