RAW	190517	194946	017047	02
GEOM1	00.00	00.00	0.000000	0.000000	0.000000	0.000000	00.00	00.00	00.00	00.00	1000000.00	-3
GEOM2	00.00	00.00	0.000000	0.000000	0.000000	0.000000	00.00	00.00	00.00	00.00	0000.000	0000.000	1000000.00	-3
LDF	13.333348	0.149949	52.598301	0.071939	0053318.9	0021865.3	01.56	00.02	-1
GLDF	00.00	29.44	0.000000	0.150000	0.000000	0.150001	00.00	79.77	00.00	01.41	0053318.9	0000001.4	01.56	1000000.00	-2
0772	01	00.00000	00.00000	01.98	00.73	04.71	30.23	-0.02
0576	04	05.87473	05.86973	05.82	04.96	01.05	37.01	-0.02
0575	04	05.25403	05.25403	05.05	04.93	01.13	35.27	-0.03
0975	01	11.40029	11.39030	00.84	01.22	07.99	35.38	-0.08
0475	02	03.29578	03.29078	06.98	05.48	-0.66	35.24	-0.01
