RAW	190523	120455	034963	02
GEOM1	00.00	00.00	0.000000	0.000000	0.000000	0.000000	00.00	00.00	00.00	00.00	1000000.00	-3
GEOM2	00.00	00.00	0.000000	0.000000	0.000000	0.000000	00.00	00.00	00.00	00.00	0000.000	0000.000	1000000.00	-3
LDF	15.467900	0.150005	48.608154	0.150006	2157184.8	1536679.8	90.06	00.00	-2
GLDF	00.00	21.39	0.000000	0.150000	0.000000	0.150000	00.00	55.29	00.00	01.41	2157184.8	0000001.4	90.06	1000000.00	-2
0774	04	01.96894	01.96394	04.08	05.20	04.56	33.62	-0.05
0673	01	01.90976	01.90476	00.64	01.07	02.92	31.83	-0.04
0673	04	02.47438	02.46939	24.79	15.37	02.92	31.83	-0.04
0674	02	00.00000	00.00000	01.56	02.65	02.84	33.58	-0.04
0674	02	04.49194	04.48195	03.39	20.16	02.84	33.58	-0.04
