RAW	190501	225347	884969	01
GEOM1	00.00	00.00	0.000000	0.000000	0.000000	0.000000	00.00	00.00	00.00	00.00	1000000.00	-4
GEOM2	00.00	00.00	0.000000	0.000000	0.000000	0.000000	00.00	00.00	00.00	00.00	0000.000	0000.000	1000000.00	-4
LDF	16.803490	0.124297	50.059600	0.126713	0000001.0	0099278.1	06.67	1000000.00	-3
GLDF	00.00	46.05	0.000000	0.150000	0.000000	0.150000	00.00	89.15	00.00	01.41	0000001.0	0000001.4	00.00	1000000.00	-4
0774	04	01.70334	01.69834	03.34	03.14	04.56	33.62	-0.05
0574	02	01.59624	01.59125	05.07	06.28	01.13	33.54	-0.04
0674	02	03.88540	03.88040	50.80	12.05	02.84	33.58	-0.04
0976	01	00.00000	00.00000	01.88	01.41	07.99	37.16	-0.09
0975	01	06.60797	06.60797	05.77	00.52	07.99	35.38	-0.08
