RAW	190505	053416	019862	02
GEOM1	00.00	00.00	0.000000	0.000000	0.000000	0.000000	00.00	00.00	00.00	00.00	1000000.00	-3
GEOM2	00.00	00.00	0.000000	0.000000	0.000000	0.000000	00.00	00.00	00.00	00.00	0000.000	0000.000	1000000.00	-3
LDF	13.589020	0.142757	51.722844	0.150795	1021680.2	0609818.9	39.73	00.65	-1
GLDF	00.00	28.51	0.000000	0.150000	0.000000	0.150000	00.00	67.92	00.00	01.41	1021680.2	0000001.4	39.73	1000000.00	-2
0673	01	06.12942	06.12942	01.22	01.51	02.92	31.83	-0.04
0575	03	00.00000	00.00000	15.44	07.24	01.13	35.27	-0.03
0675	04	00.90875	00.90875	08.36	06.61	02.84	35.32	-0.04
1075	01	04.33845	04.33845	01.20	01.89	09.78	35.47	-0.10
0475	04	00.94106	00.94106	04.27	02.95	-0.66	35.24	-0.01
0475	02	05.26818	05.26318	01.87	01.27	-0.66	35.24	-0.01
