RAW	190519	172133	843028	02
GEOM1	00.00	00.00	0.000000	0.000000	0.000000	0.000000	00.00	00.00	00.00	00.00	1000000.00	-3
GEOM2	00.00	00.00	0.000000	0.000000	0.000000	0.000000	00.00	00.00	00.00	00.00	0000.000	0000.000	1000000.00	-3
LDF	10.846443	0.080866	46.467188	0.150058	0036088.6	0017542.0	00.89	00.03	-1
GLDF	00.00	26.80	0.000000	0.150000	0.000000	0.150001	00.00	84.92	00.00	01.41	0036088.6	0000001.4	00.89	1000000.00	-2
0372	04	04.77563	04.77563	04.42	03.45	-2.24	30.01	-0.01
0372	02	08.04341	08.04341	01.75	02.43	-2.24	30.01	-0.01
0472	04	05.66319	05.66319	03.81	03.30	-0.52	30.05	-0.03
0973	01	00.00000	00.00000	01.49	03.40	08.07	31.96	-0.03
1076	01	10.32647	10.32647	01.51	01.44	09.70	37.20	-0.12
1072	01	03.07485	03.07485	00.73	01.27	09.86	30.29	00.00
0473	02	07.52670	07.52670	05.20	05.77	-0.52	31.76	-0.03
