RAW	190511	121336	629696	02
GEOM1	00.00	00.00	0.000000	0.000000	0.000000	0.000000	00.00	00.00	00.00	00.00	1000000.00	-3
GEOM2	00.00	00.00	0.000000	0.000000	0.000000	0.000000	00.00	00.00	00.00	00.00	0000.000	0000.000	1000000.00	-3
LDF	17.252927	0.157068	47.206772	0.150748	0216849.0	0179828.0	06.58	02.57	-1
GLDF	00.00	27.37	0.000000	0.150000	0.000000	0.150000	00.00	59.76	00.00	01.41	0216849.0	0000001.4	06.58	1000000.00	-2
0772	03	06.95286	06.94787	17.69	25.97	04.71	30.23	-0.02
0873	02	00.00000	00.00000	02.05	02.34	06.42	31.99	-0.03
0873	04	04.96159	04.95659	05.51	05.43	06.42	31.99	-0.03
0773	04	03.76968	03.76968	05.62	04.00	04.63	31.89	-0.04
0872	01	04.19837	04.20336	01.46	01.15	06.35	30.23	00.01
