RAW	190531	134541	284133	04
GEOM1	06.34	00.11	17.317832	0.149581	49.582660	0.150403	37.22	04.31	228.13	06.88	00.64	-1
GEOM2	06.27	00.13	17.310125	0.149962	49.579161	0.150013	39.32	04.38	228.54	07.39	0006.080	0003.022	00.00	-2
LDF	17.469432	0.152204	49.423735	0.136347	0021395.3	0013777.2	02.19	05.26	01
GLDF	06.36	00.09	17.512277	0.120974	49.401727	0.104268	38.59	02.67	231.07	05.78	0022276.6	0011273.6	02.41	07.13	02
0774	04	06.43108	06.43108	03.66	03.04	04.56	33.62	-0.05
0675	01	00.65737	00.65737	01.56	00.93	02.84	35.32	-0.04
0675	04	07.69752	07.70251	01.48	01.43	02.84	35.32	-0.04
0874	04	05.73537	05.74037	06.07	05.90	06.35	33.66	-0.06
0573	01	00.00000	00.00000	06.08	03.91	01.13	31.81	-0.04
0773	04	07.23773	07.23773	04.13	08.49	04.63	31.89	-0.04
