RAW	190510	101238	051985	04
GEOM1	00.62	00.12	15.465997	0.149722	49.282662	0.149870	49.57	03.76	41.03	03.40	00.36	-1
GEOM2	00.59	00.15	15.470344	0.149993	49.280266	0.150020	49.01	06.00	42.72	06.97	0003.938	0004.027	00.00	-2
LDF	15.552063	0.099119	49.396561	0.101064	0006076.7	0001812.2	03.89	03.57	01
GLDF	00.62	00.09	15.415909	0.105467	49.342358	0.075987	49.19	03.08	41.68	02.63	0006605.7	0003626.1	04.08	02.47	02
0772	04	00.89912	00.90411	02.43	01.47	04.71	30.23	-0.02
0774	04	01.89281	01.89281	02.71	03.61	04.56	33.62	-0.05
0673	04	00.00000	00.00000	07.14	06.71	02.92	31.83	-0.04
0674	04	00.83581	00.83581	12.22	13.66	02.84	33.58	-0.04
0874	03	00.85488	00.85488	01.47	02.99	06.35	33.66	-0.06
0874	02	05.52672	05.52672	01.78	01.27	06.35	33.66	-0.06
