RAW	190501	003240	989058	05
GEOM1	03.18	00.09	16.499118	0.149648	48.674861	0.149639	28.78	05.50	134.02	17.91	00.05	00
GEOM2	03.18	00.09	16.500110	0.149976	48.673752	0.149936	30.04	04.69	136.21	13.17	0004.136	0002.322	00.02	-1
LDF	16.495255	0.152400	48.680595	0.154057	0001812.8	0002315.0	00.10	10.44	02
GLDF	03.18	00.09	16.492167	0.153118	48.685210	0.155880	28.88	04.54	133.88	14.64	0001871.3	0002231.1	00.11	15.59	04
0774	04	03.76665	03.76665	05.86	04.16	04.56	33.62	-0.05
0674	04	04.42933	04.42933	04.57	05.36	02.84	33.58	-0.04
0573	04	04.81864	04.81864	02.09	02.87	01.13	31.81	-0.04
0773	04	03.00714	03.01214	04.30	03.85	04.63	31.89	-0.04
0872	04	02.18755	02.18755	03.21	07.97	06.35	30.23	00.01
0572	02	00.00000	00.00000	03.09	01.94	01.20	30.14	-0.04
