RAW	190704	150744	751221	02
GEOM1	00.00	00.00	0.000000	0.000000	0.000000	0.000000	00.00	00.00	00.00	00.00	1000000.00	-3
GEOM2	00.00	00.00	0.000000	0.000000	0.000000	0.000000	00.00	00.00	00.00	00.00	0000.000	0000.000	1000000.00	-3
LDF	19.222878	0.122524	47.792251	0.123803	0324149.7	0134463.0	11.30	00.04	-1
GLDF	00.00	26.10	0.000000	0.150000	0.000000	0.150001	00.00	58.58	00.00	01.41	0324149.7	0000001.4	11.30	1000000.00	-2
0574	01	00.00000	00.00000	27.18	02.07	01.13	33.54	-0.04
0873	03	07.62649	07.65147	04.59	04.96	06.42	31.99	-0.03
0973	04	05.97366	05.97366	06.24	05.81	08.07	31.96	-0.03
1076	01	09.22100	09.22600	01.27	00.65	09.70	37.20	-0.12
1072	02	12.19183	12.18683	01.66	03.86	09.86	30.29	00.00
0872	04	08.01740	08.01740	06.01	05.47	06.35	30.23	00.01
