RAW	190717	120050	262240	03
GEOM1	07.28	00.13	14.569600	0.150082	48.878641	0.149974	48.74	05.24	146.62	04.04	00.00	-2
GEOM2	07.33	00.43	14.569574	0.146553	48.878660	0.148274	51.97	24.11	146.28	05.94	0000.669	0013.462	00.00	-3
LDF	14.550502	0.158523	48.916279	0.169020	0001524.3	0001343.4	00.71	04.54	00
GLDF	07.32	00.13	14.540950	0.163415	48.938227	0.182370	48.77	04.46	146.51	03.39	0001676.5	0001878.8	00.65	06.70	00
0673	04	06.71506	06.71506	04.42	04.76	02.92	31.83	-0.04
0674	04	07.55001	07.54501	05.26	04.34	02.84	33.58	-0.04
0874	01	11.45312	11.45812	01.76	01.54	06.35	33.66	-0.06
1073	01	00.00000	00.00000	01.21	00.97	09.86	32.00	-0.03
0573	04	07.89489	07.89489	04.23	04.42	01.13	31.81	-0.04
