RAW	190702	082814	284627	02
GEOM1	00.00	00.00	0.000000	0.000000	0.000000	0.000000	00.00	00.00	00.00	00.00	1000000.00	-3
GEOM2	00.00	00.00	0.000000	0.000000	0.000000	0.000000	00.00	00.00	00.00	00.00	0000.000	0000.000	1000000.00	-3
LDF	12.425820	0.076435	49.963803	0.152201	0066466.3	0029772.9	01.87	01.04	-1
GLDF	00.00	24.14	0.000000	0.150000	0.000000	0.150001	00.00	74.07	00.00	01.41	0066466.3	0000001.4	01.87	1000000.00	-2
0574	04	04.48171	04.47671	07.36	04.28	01.13	33.54	-0.04
0674	02	06.52567	06.52067	18.48	09.53	02.84	33.58	-0.04
0777	01	00.00000	00.00000	00.74	00.75	04.48	38.84	-0.02
1076	01	10.76507	10.76007	01.78	02.13	09.70	37.20	-0.12
0474	04	04.42001	04.41501	06.81	12.93	-0.59	33.51	-0.01
