RAW	190701	072616	265150	03
GEOM1	00.31	00.08	16.902206	0.149908	47.752522	0.149116	22.86	03.97	91.91	145.81	00.40	-2
GEOM2	00.24	00.10	16.901948	0.149399	47.758869	0.145633	26.71	37.07	66.66	151.13	0008.473	0003.520	00.00	-3
LDF	16.914302	0.149374	47.488691	0.072341	0029128.0	0011477.8	01.26	06.11	00
GLDF	00.20	00.05	16.916124	0.197910	47.468964	0.054006	20.37	04.19	90.29	192.66	0035165.5	0012300.4	01.33	07.79	00
0772	04	00.00000	00.00000	13.51	07.54	04.71	30.23	-0.02
0774	04	01.91831	01.91831	05.14	02.25	04.56	33.62	-0.05
0774	02	04.90128	04.89629	01.61	01.54	04.56	33.62	-0.05
0878	01	03.41536	03.41037	02.91	04.06	06.34	40.13	-0.02
0773	04	00.61693	00.61193	05.10	05.19	04.63	31.89	-0.04
