RAW	190720	142952	810587	04
GEOM1	05.71	00.10	15.435919	0.149826	47.618803	0.150147	37.07	02.37	100.14	07.12	00.11	-1
GEOM2	05.70	00.31	15.436098	0.149794	47.618753	0.150144	37.67	14.66	101.39	45.15	0003.788	0017.564	00.07	-2
LDF	15.561877	0.185293	47.469416	0.057815	0049376.1	0024967.9	05.88	03.68	01
GLDF	05.61	00.05	15.644144	0.129962	47.477451	0.057656	36.16	02.16	97.33	05.55	0067390.3	0029771.2	07.38	04.47	02
0772	04	05.27590	05.27590	02.13	04.81	04.71	30.23	-0.02
0673	04	06.17623	06.17623	20.31	33.02	02.92	31.83	-0.04
1075	01	04.02813	04.02813	01.24	01.14	09.78	35.47	-0.10
0975	01	07.38277	07.38277	10.78	06.24	07.99	35.38	-0.08
0972	01	00.00000	00.00000	01.17	01.56	08.14	30.22	00.02
0773	04	06.15746	06.15746	05.18	04.23	04.63	31.89	-0.04
0672	04	05.18574	05.18574	13.64	19.42	02.92	30.12	-0.04
0572	01	11.98682	11.98682	00.96	01.50	01.20	30.14	-0.04
