RAW	190708	231703	696381	02
GEOM1	00.00	00.00	0.000000	0.000000	0.000000	0.000000	00.00	00.00	00.00	00.00	1000000.00	-3
GEOM2	00.00	00.00	0.000000	0.000000	0.000000	0.000000	00.00	00.00	00.00	00.00	0000.000	0000.000	1000000.00	-3
LDF	12.638054	0.058715	46.535091	0.150924	0096308.7	0031182.5	02.44	00.59	-1
GLDF	00.00	20.10	0.000000	0.150000	0.000000	0.150000	00.00	57.61	00.00	01.41	0096308.7	0000001.4	02.44	1000000.00	-2
0472	04	00.00000	00.00000	11.47	05.39	-0.52	30.05	-0.03
0777	01	09.32234	09.32234	01.04	01.24	04.48	38.84	-0.02
0573	02	03.30337	03.30337	04.50	03.89	01.13	31.81	-0.04
0475	01	07.50497	07.49997	00.71	01.31	-0.66	35.24	-0.01
0572	04	00.39050	00.39050	15.18	09.48	01.20	30.14	-0.04
