RAW	190703	230156	013701	03
GEOM1	00.50	00.12	21.449151	0.150029	47.759439	0.150009	44.34	04.22	195.44	04.05	00.00	-2
GEOM2	00.54	00.54	21.449125	0.147681	47.759444	0.149592	45.25	08.28	195.93	08.35	0001.167	0021.380	00.00	-3
LDF	21.394550	0.168373	47.562093	0.122976	0017493.6	0009164.1	05.16	05.58	00
GLDF	00.59	00.12	21.358310	0.177915	47.532243	0.096434	43.68	04.69	195.47	03.58	0021850.0	0017162.1	05.58	07.38	00
0878	01	00.09089	00.08590	01.68	01.34	06.34	40.13	-0.02
0973	04	01.23535	01.23535	06.88	09.48	08.07	31.96	-0.03
1073	04	00.00000	00.00000	06.05	05.03	09.86	32.00	-0.03
1072	04	00.32272	00.31772	09.02	08.47	09.86	30.29	00.00
0474	01	06.16474	06.16974	01.79	02.71	-0.59	33.51	-0.01
