RAW	190720	092417	721884	02
GEOM1	00.00	00.00	0.000000	0.000000	0.000000	0.000000	00.00	00.00	00.00	00.00	1000000.00	-3
GEOM2	00.00	00.00	0.000000	0.000000	0.000000	0.000000	00.00	00.00	00.00	00.00	0000.000	0000.000	1000000.00	-3
LDF	17.858002	0.094650	46.673584	0.151819	0032835.7	0019732.2	00.73	00.69	-1
GLDF	00.00	26.81	0.000000	0.150000	0.000000	0.150001	00.00	61.72	00.00	01.41	0032835.7	0000001.4	00.73	1000000.00	-2
0772	04	06.99487	06.99986	03.85	03.47	04.71	30.23	-0.02
0873	02	03.82493	03.82493	08.06	05.82	06.42	31.99	-0.03
0974	01	00.00000	00.00000	00.79	00.53	08.06	33.70	-0.06
0676	01	02.38545	02.38045	00.89	02.40	02.77	37.09	-0.03
0872	04	05.73336	05.73336	05.87	05.84	06.35	30.23	00.01
