RAW	190723	112712	679587	02
GEOM1	00.00	00.00	0.000000	0.000000	0.000000	0.000000	00.00	00.00	00.00	00.00	1000000.00	-3
GEOM2	00.00	00.00	0.000000	0.000000	0.000000	0.000000	00.00	00.00	00.00	00.00	0000.000	0000.000	1000000.00	-3
LDF	15.121427	0.150307	49.184414	0.066304	0073238.8	0026988.4	02.00	00.22	-1
GLDF	00.00	24.75	0.000000	0.150000	0.000000	0.150000	00.00	60.55	00.00	01.41	0073238.8	0000001.4	02.00	1000000.00	-2
0673	04	01.64417	01.64917	05.80	06.81	02.92	31.83	-0.04
0674	04	02.77045	02.77045	08.17	07.72	02.84	33.58	-0.04
0777	01	02.29706	02.29706	06.64	07.86	04.48	38.84	-0.02
1075	01	04.58861	04.58861	05.83	02.95	09.78	35.47	-0.10
1075	01	08.54094	08.54094	01.54	00.86	09.78	35.47	-0.10
0976	01	00.00000	00.00000	01.28	01.00	07.99	37.16	-0.09
0672	02	04.36907	04.36907	05.69	08.65	02.92	30.12	-0.04
