RAW	190712	132518	481981	02
GEOM1	00.00	00.00	0.000000	0.000000	0.000000	0.000000	00.00	00.00	00.00	00.00	1000000.00	-3
GEOM2	00.00	00.00	0.000000	0.000000	0.000000	0.000000	00.00	00.00	00.00	00.00	0000.000	0000.000	1000000.00	-3
LDF	13.622886	0.131714	46.782053	0.131353	0693302.6	0341329.1	25.98	00.00	-1
GLDF	00.00	25.64	0.000000	0.150000	0.000000	0.150001	00.00	70.45	00.00	01.41	0693302.6	0000001.4	25.98	1000000.00	-2
0372	01	00.00000	00.00000	01.09	01.93	-2.24	30.01	-0.01
0372	01	11.58715	11.58715	02.80	02.30	-2.24	30.01	-0.01
0573	04	06.40986	06.40986	04.38	06.87	01.13	31.81	-0.04
0672	04	05.22200	05.22200	05.35	04.32	02.92	30.12	-0.04
0572	03	04.37690	04.37690	30.17	38.71	01.20	30.14	-0.04
