RAW	190718	055244	784769	02
GEOM1	00.00	00.00	0.000000	0.000000	0.000000	0.000000	00.00	00.00	00.00	00.00	1000000.00	-3
GEOM2	00.00	00.00	0.000000	0.000000	0.000000	0.000000	00.00	00.00	00.00	00.00	0000.000	0000.000	1000000.00	-3
LDF	12.685155	0.132723	47.292305	0.134927	0268893.9	0146414.8	09.00	01.64	-1
GLDF	00.00	21.92	0.000000	0.150000	0.000000	0.150001	00.00	73.92	00.00	01.41	0268893.9	0000001.4	09.00	1000000.00	-2
0573	02	03.31432	03.30933	05.97	06.12	01.13	31.81	-0.04
0473	04	06.24368	06.24368	07.99	04.66	-0.52	31.76	-0.03
0872	01	12.61838	12.61838	02.87	02.04	06.35	30.23	00.01
0475	01	00.00000	00.00000	01.27	02.94	-0.66	35.24	-0.01
0572	04	06.41958	06.41458	13.85	07.11	01.20	30.14	-0.04
