RAW	190706	004315	990447	03
GEOM1	01.34	00.09	15.457316	0.149973	47.658687	0.150041	34.23	03.21	113.11	10.79	00.00	-2
GEOM2	01.39	00.29	15.457348	0.149212	47.658644	0.146086	31.08	17.81	109.77	23.86	0000.608	0015.844	00.00	-3
LDF	15.355291	0.161249	47.527409	0.064040	0027182.3	0010302.5	01.88	03.05	00
GLDF	01.25	00.06	15.533424	0.193217	47.525411	0.063276	33.55	02.57	113.34	08.75	0039817.1	0023173.4	02.80	04.48	00
0772	04	00.69841	00.69841	05.40	06.10	04.71	30.23	-0.02
0673	04	01.77303	01.77303	29.11	14.41	02.92	31.83	-0.04
0876	01	04.99752	05.00252	00.98	00.41	06.27	37.12	-0.05
1073	01	04.95154	04.94654	01.69	02.00	09.86	32.00	-0.03
0672	04	00.95932	00.95432	09.83	04.18	02.92	30.12	-0.04
0572	03	00.00000	00.00000	01.82	02.49	01.20	30.14	-0.04
