RAW	190719	120131	813913	02
GEOM1	00.00	00.00	0.000000	0.000000	0.000000	0.000000	00.00	00.00	00.00	00.00	1000000.00	-3
GEOM2	00.00	00.00	0.000000	0.000000	0.000000	0.000000	00.00	00.00	00.00	00.00	0000.000	0000.000	1000000.00	-3
LDF	17.703379	0.125099	49.182048	0.123337	0252123.6	0107381.4	08.23	00.14	-1
GLDF	00.00	27.73	0.000000	0.150000	0.000000	0.150000	00.00	58.57	00.00	01.41	0252123.6	0000001.4	08.23	1000000.00	-2
0372	01	03.22990	03.23490	02.22	00.28	-2.24	30.01	-0.01
0873	02	05.43044	05.43044	14.16	04.64	06.42	31.99	-0.03
0874	04	03.63947	03.63947	03.93	05.80	06.35	33.66	-0.06
1076	01	00.00000	00.00000	02.28	01.54	09.70	37.20	-0.12
1073	01	03.10583	03.11082	01.53	01.29	09.86	32.00	-0.03
0773	04	02.49999	02.49999	04.32	06.93	04.63	31.89	-0.04
