RAW	190709	130237	085666	03
GEOM1	06.28	00.13	18.979842	0.149997	47.546163	0.150912	61.07	01.64	300.62	01.83	00.00	-2
GEOM2	06.28	00.22	18.979851	0.144528	47.546159	0.136414	61.70	13.60	300.79	03.74	0000.939	0019.757	00.00	-3
LDF	18.972176	0.138181	47.428135	0.104807	0000628.2	0000165.2	13.04	01.80	00
GLDF	06.39	00.12	18.992385	0.133186	47.403851	0.097240	61.39	01.35	300.67	01.36	0000589.5	0000269.0	13.46	02.31	00
0472	01	00.00000	00.00000	04.09	01.24	-0.52	30.05	-0.03
0977	01	13.27680	13.27181	03.34	02.62	07.92	38.89	-0.09
0873	04	05.49171	05.49171	22.45	18.02	06.42	31.99	-0.03
0972	04	07.59807	07.59807	06.80	09.11	08.14	30.22	00.02
0872	04	06.77773	06.77273	06.24	18.70	06.35	30.23	00.01
0572	01	11.23116	11.22117	02.01	01.38	01.20	30.14	-0.04
