RAW	190724	110958	835026	03
GEOM1	00.16	00.08	20.857340	0.150001	47.696703	0.150003	17.30	04.80	286.41	18.40	00.00	-2
GEOM2	00.23	12.21	20.857349	0.150002	47.696697	0.150032	18.36	150.09	292.08	823.52	0001.091	0558.308	00.00	-3
LDF	21.045680	0.170381	47.552383	0.074879	0308664.8	0156866.0	13.37	04.94	00
GLDF	00.21	00.07	21.108088	0.108806	47.546301	0.064939	17.24	04.56	285.76	14.18	0365989.1	0134010.9	16.06	05.91	00
0576	01	02.39784	02.40284	04.87	02.71	01.05	37.01	-0.02
0973	04	00.00000	00.00000	14.46	08.12	08.07	31.96	-0.03
0972	04	00.47890	00.47890	15.27	15.35	08.14	30.22	00.02
1073	04	00.21787	00.21787	14.24	07.37	09.86	32.00	-0.03
0572	01	01.28289	01.28289	00.63	01.06	01.20	30.14	-0.04
