RAW	190707	205949	791095	02
GEOM1	00.00	00.00	0.000000	0.000000	0.000000	0.000000	00.00	00.00	00.00	00.00	1000000.00	-3
GEOM2	00.00	00.00	0.000000	0.000000	0.000000	0.000000	00.00	00.00	00.00	00.00	0000.000	0000.000	1000000.00	-3
LDF	17.882163	0.101171	46.673607	0.153225	0039650.8	0025572.6	01.06	01.23	-1
GLDF	09.17	00.07	17.864769	0.060873	46.674133	0.457389	12.40	43.51	183.66	3808.86	0035195.8	0021978.0	01.00	1000000.00	-2
0772	04	09.50747	09.50247	03.48	05.26	04.71	30.23	-0.02
0873	02	06.39615	06.39115	03.81	03.89	06.42	31.99	-0.03
0976	01	03.32333	03.31833	03.50	04.89	07.99	37.16	-0.09
1072	01	11.22932	11.21932	00.37	02.20	09.86	30.29	00.00
0573	01	13.33299	13.32799	01.60	01.41	01.13	31.81	-0.04
0773	02	00.00000	00.00000	02.15	01.24	04.63	31.89	-0.04
0872	04	09.06856	09.06356	05.01	11.32	06.35	30.23	00.01
0475	01	01.91180	01.90680	01.99	01.87	-0.66	35.24	-0.01
