RAW	190706	171852	343592	02
GEOM1	00.00	00.00	0.000000	0.000000	0.000000	0.000000	00.00	00.00	00.00	00.00	1000000.00	-3
GEOM2	00.00	00.00	0.000000	0.000000	0.000000	0.000000	00.00	00.00	00.00	00.00	0000.000	0000.000	1000000.00	-3
LDF	10.883788	0.068577	46.467984	0.150055	0055917.7	0021867.2	01.63	00.04	-1
GLDF	00.00	23.52	0.000000	0.150000	0.000000	0.150001	00.00	81.81	00.00	01.41	0055917.7	0000001.4	01.63	1000000.00	-2
0372	04	05.35998	05.36498	05.42	05.54	-2.24	30.01	-0.01
0472	04	05.48210	05.48210	09.08	03.13	-0.52	30.05	-0.03
0674	01	08.45293	08.45793	01.16	00.50	02.84	33.58	-0.04
0872	01	00.00000	00.00000	00.94	01.01	06.35	30.23	00.01
0872	01	03.93739	03.93739	02.51	01.76	06.35	30.23	00.01
0572	02	02.98882	02.98882	05.76	04.76	01.20	30.14	-0.04
