RAW	190720	084907	070755	02
GEOM1	00.00	00.00	0.000000	0.000000	0.000000	0.000000	00.00	00.00	00.00	00.00	1000000.00	-3
GEOM2	00.00	00.00	0.000000	0.000000	0.000000	0.000000	00.00	00.00	00.00	00.00	0000.000	0000.000	1000000.00	-3
LDF	13.914906	0.126025	48.843576	0.124102	0402237.2	0174064.7	14.31	00.12	-1
GLDF	03.96	00.10	14.326250	0.096854	49.145442	0.059603	82.80	00.76	22.58	00.70	0000000.0	0000000.0	00.00	1000000.00	-2
0574	04	03.43044	03.43044	09.01	04.60	01.13	33.54	-0.04
0673	04	04.41971	04.41971	05.70	05.35	02.92	31.83	-0.04
0777	01	00.00000	00.00000	02.31	01.18	04.48	38.84	-0.02
0573	03	02.48491	02.48491	04.14	09.55	01.13	31.81	-0.04
0872	01	09.99038	09.98539	00.72	01.57	06.35	30.23	00.01
