RAW	190717	144946	377661	03
GEOM1	00.39	00.12	14.979645	0.149951	48.788831	0.149233	53.66	08.62	327.23	04.97	00.00	-2
GEOM2	00.43	00.17	14.979524	0.143290	48.788665	0.144197	39.13	35.18	317.82	34.19	0000.120	0006.346	00.00	-3
LDF	15.273960	0.150916	48.701905	0.153062	0009916.4	0006182.4	07.65	00.83	-1
GLDF	00.34	00.13	15.066897	0.147506	49.046043	0.098498	55.93	08.59	329.49	03.78	0001905.1	0003397.0	06.96	05.88	00
0673	04	00.76762	00.76762	08.73	15.24	02.92	31.83	-0.04
0674	04	00.00000	00.00000	05.25	11.95	02.84	33.58	-0.04
0474	01	00.84971	00.85471	01.19	01.42	-0.59	33.51	-0.01
0773	03	02.27643	02.28142	04.16	04.33	04.63	31.89	-0.04
0572	04	00.69740	00.70240	02.21	01.79	01.20	30.14	-0.04
