RAW	190707	081953	841902	02
GEOM1	00.00	00.00	0.000000	0.000000	0.000000	0.000000	00.00	00.00	00.00	00.00	1000000.00	-3
GEOM2	00.00	00.00	0.000000	0.000000	0.000000	0.000000	00.00	00.00	00.00	00.00	0000.000	0000.000	1000000.00	-3
LDF	12.378967	0.072995	52.081345	0.149341	0124993.6	0055710.5	03.11	00.02	-1
GLDF	00.00	25.30	0.000000	0.150000	0.000000	0.150000	00.00	74.75	00.00	01.41	0124993.6	0000001.4	03.11	1000000.00	-2
0472	01	00.00000	00.00000	01.79	01.40	-0.52	30.05	-0.03
0576	03	01.03990	01.03990	04.08	05.09	01.05	37.01	-0.02
0575	04	04.26160	04.26160	05.42	04.53	01.13	35.27	-0.03
0776	01	00.96723	00.96723	00.89	01.80	04.49	37.09	-0.04
0872	01	06.47843	06.47343	01.82	02.88	06.35	30.23	00.01
0475	04	03.21197	03.21197	14.64	07.38	-0.66	35.24	-0.01
