RAW	190727	134119	833400	02
GEOM1	00.00	00.00	0.000000	0.000000	0.000000	0.000000	00.00	00.00	00.00	00.00	1000000.00	-3
GEOM2	00.00	00.00	0.000000	0.000000	0.000000	0.000000	00.00	00.00	00.00	00.00	0000.000	0000.000	1000000.00	-3
LDF	19.358152	0.140880	49.339682	0.141158	0151532.8	0103177.2	03.92	00.69	-1
GLDF	00.00	30.36	0.000000	0.150000	0.000000	0.150001	00.00	66.01	00.00	01.41	0151532.8	0000001.4	03.92	1000000.00	-2
0675	01	02.59304	02.58305	03.78	02.31	02.84	35.32	-0.04
0675	01	13.55550	13.55050	02.44	02.54	02.84	35.32	-0.04
0777	01	00.00000	00.00000	01.68	00.78	04.48	38.84	-0.02
0973	04	08.96908	08.96409	03.06	03.84	08.07	31.96	-0.03
0874	04	08.29271	08.28271	04.77	05.12	06.35	33.66	-0.06
0974	02	06.32138	06.31638	06.92	07.44	08.06	33.70	-0.06
