RAW	190723	014307	070528	03
GEOM1	00.65	00.11	12.900250	0.150013	47.066876	0.149993	38.18	04.05	44.01	06.88	00.00	-2
GEOM2	00.70	00.49	12.900241	0.148719	47.066866	0.148665	38.27	05.41	46.41	21.83	0001.111	0019.031	00.00	-3
LDF	12.808734	0.111015	47.151643	0.109224	0021297.9	0008987.8	02.22	01.10	00
GLDF	00.65	00.08	12.798129	0.101708	47.159878	0.091097	38.67	02.86	45.79	05.52	0021003.7	0009642.4	02.37	01.21	00
0472	04	00.00000	00.00000	05.82	03.95	-0.52	30.05	-0.03
0776	01	05.48869	05.48869	02.62	03.77	04.49	37.09	-0.04
0975	01	08.63099	08.63599	01.57	00.58	07.99	35.38	-0.08
0573	04	01.49657	01.49657	05.11	04.84	01.13	31.81	-0.04
0572	04	00.76215	00.76215	07.02	05.54	01.20	30.14	-0.04
