RAW	190722	020637	674697	02
GEOM1	00.00	00.00	0.000000	0.000000	0.000000	0.000000	00.00	00.00	00.00	00.00	1000000.00	-3
GEOM2	00.00	00.00	0.000000	0.000000	0.000000	0.000000	00.00	00.00	00.00	00.00	0000.000	0000.000	1000000.00	-3
LDF	14.278435	0.073434	51.739524	0.150675	0054562.3	0023232.3	01.59	00.33	-1
GLDF	00.00	27.90	0.000000	0.150000	0.000000	0.150001	00.00	81.88	00.00	01.41	0054562.3	0000001.4	01.59	1000000.00	-2
0673	01	00.00000	00.00000	01.37	01.90	02.92	31.83	-0.04
0673	01	02.99800	03.00300	00.94	00.94	02.92	31.83	-0.04
0575	04	09.24214	09.24214	05.01	05.07	01.13	35.27	-0.03
0675	04	08.20520	08.20520	08.22	05.37	02.84	35.32	-0.04
0676	02	06.37519	06.37519	20.42	10.81	02.77	37.09	-0.03
