RAW	190702	141230	674792	02
GEOM1	00.00	00.00	0.000000	0.000000	0.000000	0.000000	00.00	00.00	00.00	00.00	1000000.00	-3
GEOM2	00.00	00.00	0.000000	0.000000	0.000000	0.000000	00.00	00.00	00.00	00.00	0000.000	0000.000	1000000.00	-3
LDF	19.748795	0.127955	52.947475	0.121317	0406905.6	0174755.4	14.50	00.15	-1
GLDF	00.00	28.69	0.000000	0.150000	0.000000	0.150000	00.00	54.42	00.00	01.41	0406905.6	0000001.4	14.50	1000000.00	-2
0372	01	05.10080	05.10080	01.08	01.38	-2.24	30.01	-0.01
0574	01	04.77918	04.77918	01.62	00.66	01.13	33.54	-0.04
0876	04	02.32215	02.32215	05.88	05.17	06.27	37.12	-0.05
0976	03	00.00000	00.00000	05.77	09.12	07.99	37.16	-0.09
0975	04	00.50419	00.50419	06.96	08.91	07.99	35.38	-0.08
0475	01	07.69074	07.69074	00.85	00.95	-0.66	35.24	-0.01
