RAW	190727	163224	282876	02
GEOM1	00.00	00.00	0.000000	0.000000	0.000000	0.000000	00.00	00.00	00.00	00.00	1000000.00	-3
GEOM2	00.00	00.00	0.000000	0.000000	0.000000	0.000000	00.00	00.00	00.00	00.00	0000.000	0000.000	1000000.00	-3
LDF	18.261634	0.149964	55.297099	0.150000	0727224.1	0535716.3	27.38	00.00	-2
GLDF	00.00	21.47	0.000000	0.150000	0.000000	0.150000	00.00	58.40	00.00	01.41	0727224.1	0000001.4	27.38	1000000.00	-2
0777	04	07.00492	07.00492	05.05	05.50	04.48	38.84	-0.02
0878	02	03.94588	03.95088	22.13	05.13	06.34	40.13	-0.02
0877	04	06.51550	06.51050	41.63	47.29	06.20	38.86	-0.05
0474	01	00.00000	00.00000	00.97	01.07	-0.59	33.51	-0.01
0572	01	09.23958	09.23958	01.66	02.85	01.20	30.14	-0.04
0572	01	12.23755	12.24255	02.65	01.25	01.20	30.14	-0.04
