RAW	190708	144755	096607	02
GEOM1	00.00	00.00	0.000000	0.000000	0.000000	0.000000	00.00	00.00	00.00	00.00	1000000.00	-3
GEOM2	00.00	00.00	0.000000	0.000000	0.000000	0.000000	00.00	00.00	00.00	00.00	0000.000	0000.000	1000000.00	-3
LDF	15.948234	0.079854	48.298564	0.151237	0051959.0	0024488.6	01.52	00.58	-1
GLDF	00.00	25.82	0.000000	0.150000	0.000000	0.150001	00.00	63.39	00.00	01.41	0051959.0	0000001.4	01.52	1000000.00	-2
0673	04	04.22189	04.22189	09.18	04.86	02.92	31.83	-0.04
0674	02	00.00000	00.00000	01.42	01.94	02.84	33.58	-0.04
0674	02	01.93369	01.93868	08.94	06.50	02.84	33.58	-0.04
0575	02	06.57696	06.57696	02.41	02.70	01.13	35.27	-0.03
0773	04	05.12551	05.12051	04.88	04.55	04.63	31.89	-0.04
