RAW	190721	171226	301377	03
GEOM1	02.97	00.11	19.661787	0.150025	54.121664	0.150004	40.54	04.69	178.43	06.20	00.00	-2
GEOM2	03.03	00.56	19.661842	0.147916	54.121658	0.149759	42.08	12.63	176.11	23.69	0000.960	0020.064	00.00	-3
LDF	19.570740	0.150425	54.251017	0.180245	0015772.9	0012641.3	02.45	03.25	00
GLDF	03.05	00.10	19.542901	0.135901	54.295640	0.152029	40.86	04.25	178.26	04.88	0018846.2	0014988.6	02.86	04.20	00
0472	01	07.79694	07.79194	00.78	01.09	-0.52	30.05	-0.03
0977	04	02.85496	02.84996	05.01	05.25	07.92	38.89	-0.09
0876	04	03.83689	03.82690	06.03	04.54	06.27	37.12	-0.05
0976	04	02.75424	02.65431	06.73	05.55	07.99	37.16	-0.09
0474	01	00.00000	00.00000	01.95	01.02	-0.59	33.51	-0.01
0475	01	03.97192	03.96692	03.14	02.43	-0.66	35.24	-0.01
