RAW	190705	184530	353091	03
GEOM1	07.97	00.11	16.424825	0.150016	47.579838	0.150000	28.78	07.74	205.28	08.89	00.00	-2
GEOM2	08.05	00.57	16.424855	0.148878	47.579854	0.149575	31.51	15.41	204.10	08.96	0001.135	0021.053	00.00	-3
LDF	16.397751	0.166136	47.429951	0.078518	0055425.6	0026916.6	02.97	03.69	00
GLDF	08.03	00.11	16.375241	0.177229	47.415144	0.070181	28.66	07.09	206.36	07.43	0059299.5	0038220.6	03.01	05.03	00
0772	04	08.04304	08.03805	10.58	07.76	04.71	30.23	-0.02
0673	04	08.58304	08.58804	06.48	05.19	02.92	31.83	-0.04
0773	02	00.00000	00.00000	02.63	01.34	04.63	31.89	-0.04
0773	04	07.73472	07.73972	05.92	05.50	04.63	31.89	-0.04
0572	01	13.47801	13.47801	01.01	00.32	01.20	30.14	-0.04
