RAW	190712	065157	684836	03
GEOM1	01.12	00.14	21.462182	0.150282	52.526634	0.149370	61.29	04.23	135.37	02.15	00.00	-2
GEOM2	01.16	00.23	21.462191	0.139341	52.526625	0.139837	65.05	23.05	135.79	04.50	0000.229	0008.295	00.00	-3
LDF	21.453901	0.159715	52.560952	0.165852	0000098.6	0000064.0	00.01	06.35	00
GLDF	01.17	00.14	21.451720	0.168299	52.585841	0.179054	61.96	03.69	135.37	01.74	0000086.8	0000104.0	00.04	09.37	00
0372	01	00.00000	00.00000	04.39	02.25	-2.24	30.01	-0.01
0576	01	02.68589	02.61594	01.13	01.94	01.05	37.01	-0.02
1075	04	00.48217	00.41222	03.92	08.48	09.78	35.47	-0.10
1076	04	01.63651	01.56656	05.92	08.12	09.70	37.20	-0.12
0976	01	04.47558	04.40563	00.85	01.44	07.99	37.16	-0.09
0975	04	01.58773	01.51778	06.44	04.78	07.99	35.38	-0.08
