RAW	190706	202311	667363	02
GEOM1	00.00	00.00	0.000000	0.000000	0.000000	0.000000	00.00	00.00	00.00	00.00	1000000.00	-3
GEOM2	00.00	00.00	0.000000	0.000000	0.000000	0.000000	00.00	00.00	00.00	00.00	0000.000	0000.000	1000000.00	-3
LDF	17.520902	0.063911	55.288548	0.151450	0082126.9	0029754.4	02.17	00.74	-1
GLDF	05.47	00.14	17.402731	0.151742	55.287055	0.149689	70.71	06.14	285.06	01.12	0000009.4	0000038.0	08.04	00.00	-2
0777	04	05.33394	05.33394	10.14	12.13	04.48	38.84	-0.02
0878	02	08.07345	08.07345	06.15	03.95	06.34	40.13	-0.02
0878	02	09.70234	09.69735	02.16	02.60	06.34	40.13	-0.02
0876	01	00.00000	00.00000	00.75	01.57	06.27	37.12	-0.05
0877	04	05.75931	05.75931	05.42	09.01	06.20	38.86	-0.05
