RAW	190715	073405	222656	02
GEOM1	00.00	00.00	0.000000	0.000000	0.000000	0.000000	00.00	00.00	00.00	00.00	1000000.00	-3
GEOM2	00.00	00.00	0.000000	0.000000	0.000000	0.000000	00.00	00.00	00.00	00.00	0000.000	0000.000	1000000.00	-3
LDF	15.159706	0.150000	46.991118	0.150054	0286048.2	0231060.1	09.77	00.00	-2
GLDF	00.00	21.68	0.000000	0.150000	0.000000	0.150000	00.00	53.66	00.00	01.41	0286048.2	0000001.4	09.77	1000000.00	-2
0772	02	02.76355	02.76355	03.56	03.70	04.71	30.23	-0.02
0372	01	05.33566	05.33566	02.54	02.18	-2.24	30.01	-0.01
0673	04	00.00000	00.00000	04.30	05.37	02.92	31.83	-0.04
0675	01	07.24928	07.24429	00.93	01.64	02.84	35.32	-0.04
0676	01	08.10686	08.10186	02.01	03.28	02.77	37.09	-0.03
0672	04	00.77250	00.77250	19.11	09.67	02.92	30.12	-0.04
