RAW	190724	150000	344423	02
GEOM1	00.00	00.00	0.000000	0.000000	0.000000	0.000000	00.00	00.00	00.00	00.00	1000000.00	-3
GEOM2	00.00	00.00	0.000000	0.000000	0.000000	0.000000	00.00	00.00	00.00	00.00	0000.000	0000.000	1000000.00	-3
LDF	13.890223	0.128336	47.083225	0.127349	0324462.4	0156101.8	11.31	00.06	-1
GLDF	00.00	26.38	0.000000	0.150000	0.000000	0.150001	00.00	77.00	00.00	01.41	0324462.4	0000001.4	11.31	1000000.00	-2
0573	04	07.39823	07.39324	04.56	05.83	01.13	31.81	-0.04
0773	01	00.00000	00.00000	01.37	00.80	04.63	31.89	-0.04
0773	02	03.39269	03.38769	02.09	02.04	04.63	31.89	-0.04
0672	04	08.81660	08.81161	04.96	03.68	02.92	30.12	-0.04
0475	01	15.10846	15.10846	01.86	01.25	-0.66	35.24	-0.01
0572	03	06.11564	06.11064	06.56	07.31	01.20	30.14	-0.04
