RAW	190707	065320	137918	03
GEOM1	00.18	00.16	13.296065	0.149999	47.149776	0.150000	19.93	08.52	348.78	24.10	00.00	-2
GEOM2	00.38	01.23	13.296072	0.149689	47.149772	0.149789	22.78	13.73	338.38	53.66	0001.066	0021.964	00.00	-3
LDF	13.330638	0.148635	46.890299	0.131524	0320687.4	0178971.1	15.14	01.32	00
GLDF	00.19	00.14	13.272597	0.164746	46.996462	0.147699	21.75	06.97	345.12	17.50	0210171.8	0144737.4	09.98	03.72	00
0472	04	00.00000	00.00000	03.69	04.78	-0.52	30.05	-0.03
0878	01	00.05410	00.05909	01.32	01.08	06.34	40.13	-0.02
0573	04	00.31651	00.32151	04.46	04.26	01.13	31.81	-0.04
0672	04	01.24481	01.24980	03.16	03.63	02.92	30.12	-0.04
0572	03	01.22640	01.23639	05.49	04.40	01.20	30.14	-0.04
