RAW	190710	132952	607449	02
GEOM1	00.00	00.00	0.000000	0.000000	0.000000	0.000000	00.00	00.00	00.00	00.00	1000000.00	-3
GEOM2	00.00	00.00	0.000000	0.000000	0.000000	0.000000	00.00	00.00	00.00	00.00	0000.000	0000.000	1000000.00	-3
LDF	14.371724	0.127506	47.495591	0.128179	0262278.3	0123281.9	08.70	00.80	-1
GLDF	00.00	23.95	0.000000	0.150000	0.000000	0.150000	00.00	57.69	00.00	01.41	0262278.3	0000001.4	08.70	1000000.00	-2
0576	01	03.25485	03.25485	00.86	00.91	01.05	37.01	-0.02
0673	04	00.09698	00.09198	06.36	09.20	02.92	31.83	-0.04
0874	01	09.41745	09.41245	01.52	03.36	06.35	33.66	-0.06
1075	01	05.73297	05.73297	01.29	02.30	09.78	35.47	-0.10
0573	02	02.88881	02.88881	17.15	09.38	01.13	31.81	-0.04
0572	04	00.00000	00.00000	07.04	03.97	01.20	30.14	-0.04
