RAW	190710	083108	585305	02
GEOM1	00.00	00.00	0.000000	0.000000	0.000000	0.000000	00.00	00.00	00.00	00.00	1000000.00	-3
GEOM2	00.00	00.00	0.000000	0.000000	0.000000	0.000000	00.00	00.00	00.00	00.00	0000.000	0000.000	1000000.00	-3
LDF	11.724716	0.153486	47.622587	0.221091	0015621.4	0026560.7	00.10	01.75	-1
GLDF	00.00	24.50	0.000000	0.150000	0.000000	0.150001	00.00	80.91	00.00	01.41	0015621.4	0000001.4	00.10	1000000.00	-2
0472	04	05.95613	05.96113	03.83	03.32	-0.52	30.05	-0.03
1076	01	12.68800	12.68800	00.59	01.18	09.70	37.20	-0.12
1072	01	00.00000	00.00000	01.15	01.16	09.86	30.29	00.00
0473	04	06.08633	06.08633	07.07	09.46	-0.52	31.76	-0.03
0572	02	08.92626	08.93125	04.07	03.21	01.20	30.14	-0.04
