RAW	190716	124046	208304	02
GEOM1	00.00	00.00	0.000000	0.000000	0.000000	0.000000	00.00	00.00	00.00	00.00	1000000.00	-3
GEOM2	00.00	00.00	0.000000	0.000000	0.000000	0.000000	00.00	00.00	00.00	00.00	0000.000	0000.000	1000000.00	-3
LDF	15.240119	0.150022	46.599282	0.150000	1004469.5	0762138.3	38.99	00.00	-2
GLDF	06.62	00.17	16.269840	0.135370	48.084620	0.160813	21.65	00.71	337.87	01.19	0469727.4	0389581.2	23.95	1000000.00	-2
0772	04	06.97333	06.97333	06.02	02.62	04.71	30.23	-0.02
0574	01	04.58515	04.58515	02.17	03.14	01.13	33.54	-0.04
1073	01	05.02244	05.01744	11.38	02.94	09.86	32.00	-0.03
0474	01	00.00000	00.00000	01.29	01.75	-0.59	33.51	-0.01
0474	01	11.54210	11.54210	02.78	01.75	-0.59	33.51	-0.01
0672	04	07.20660	07.20660	05.53	06.66	02.92	30.12	-0.04
0572	03	08.90990	08.90990	03.58	04.08	01.20	30.14	-0.04
