RAW	190710	174516	473719	02
GEOM1	00.00	00.00	0.000000	0.000000	0.000000	0.000000	00.00	00.00	00.00	00.00	1000000.00	-3
GEOM2	00.00	00.00	0.000000	0.000000	0.000000	0.000000	00.00	00.00	00.00	00.00	0000.000	0000.000	1000000.00	-3
LDF	13.519938	0.113186	46.550246	0.150104	1006989.9	0469011.6	39.10	00.09	-1
GLDF	00.00	26.16	0.000000	0.150000	0.000000	0.150000	00.00	63.53	00.00	01.41	1006989.9	0000001.4	39.10	1000000.00	-2
0472	04	00.00000	00.00000	04.68	03.09	-0.52	30.05	-0.03
0575	01	06.18735	06.18235	01.70	01.06	01.13	35.27	-0.03
0676	01	08.81079	08.80579	03.51	03.27	02.77	37.09	-0.03
0672	04	01.74236	01.73737	06.38	03.44	02.92	30.12	-0.04
0572	03	01.12794	01.12295	07.74	07.21	01.20	30.14	-0.04
