RAW	190711	010812	418548	02
GEOM1	00.00	00.00	0.000000	0.000000	0.000000	0.000000	00.00	00.00	00.00	00.00	1000000.00	-3
GEOM2	00.00	00.00	0.000000	0.000000	0.000000	0.000000	00.00	00.00	00.00	00.00	0000.000	0000.000	1000000.00	-3
LDF	12.871085	0.161222	47.717225	0.162663	0060352.0	0065604.0	01.74	02.60	-1
GLDF	00.00	22.22	0.000000	0.150000	0.000000	0.150001	00.00	74.09	00.00	01.41	0060352.0	0000001.4	01.74	1000000.00	-2
0472	04	06.77405	06.77905	04.97	04.91	-0.52	30.05	-0.03
1075	01	09.33336	09.33836	01.81	01.20	09.78	35.47	-0.10
0573	04	05.75626	05.76625	17.66	06.41	01.13	31.81	-0.04
0872	01	00.00000	00.00000	00.90	01.85	06.35	30.23	00.01
0572	02	08.71456	08.71955	09.10	03.99	01.20	30.14	-0.04
