RAW	190713	151308	346892	02
GEOM1	00.00	00.00	0.000000	0.000000	0.000000	0.000000	00.00	00.00	00.00	00.00	1000000.00	-3
GEOM2	00.00	00.00	0.000000	0.000000	0.000000	0.000000	00.00	00.00	00.00	00.00	0000.000	0000.000	1000000.00	-3
LDF	20.233084	0.150000	53.104633	0.149940	0517105.8	0364380.9	18.85	00.00	-2
GLDF	00.00	22.87	0.000000	0.150000	0.000000	0.150000	00.00	51.99	00.00	01.41	0517105.8	0000001.4	18.85	1000000.00	-2
0372	01	03.45894	03.46893	02.72	02.57	-2.24	30.01	-0.01
0674	01	12.47427	12.48427	02.07	01.31	02.84	33.58	-0.04
0876	02	08.08628	08.09128	06.74	05.92	06.27	37.12	-0.05
0976	04	05.24112	05.24612	27.60	17.57	07.99	37.16	-0.09
0975	04	05.49027	05.49526	11.22	06.13	07.99	35.38	-0.08
0672	01	00.00000	00.00000	01.26	01.79	02.92	30.12	-0.04
