RAW	190710	123915	316419	01
GEOM1	00.00	00.00	0.000000	0.000000	0.000000	0.000000	00.00	00.00	00.00	00.00	1000000.00	-4
GEOM2	00.00	00.00	0.000000	0.000000	0.000000	0.000000	00.00	00.00	00.00	00.00	0000.000	0000.000	1000000.00	-4
LDF	10.006950	0.175810	46.449300	0.151161	0000001.0	0093428.9	02.67	1000000.00	-3
GLDF	00.00	36.77	0.000000	0.150000	0.000000	0.150001	00.00	138.42	00.00	01.41	0000001.0	0000001.4	00.00	1000000.00	-4
0372	04	07.47128	07.47128	04.44	03.66	-2.24	30.01	-0.01
0472	02	04.42656	04.42656	04.45	03.22	-0.52	30.05	-0.03
0976	01	10.35698	10.35698	01.67	01.29	07.99	37.16	-0.09
0872	01	00.00000	00.00000	01.23	01.94	06.35	30.23	00.01
0572	02	06.75582	06.75083	06.17	06.01	01.20	30.14	-0.04
