RAW	190711	061953	389935	02
GEOM1	00.00	00.00	0.000000	0.000000	0.000000	0.000000	00.00	00.00	00.00	00.00	1000000.00	-3
GEOM2	00.00	00.00	0.000000	0.000000	0.000000	0.000000	00.00	00.00	00.00	00.00	0000.000	0000.000	1000000.00	-3
LDF	12.601745	0.078486	46.533136	0.149915	0039758.8	0018448.2	01.07	00.03	-1
GLDF	00.00	26.49	0.000000	0.150000	0.000000	0.150000	00.00	69.93	00.00	01.41	0039758.8	0000001.4	01.07	1000000.00	-2
0372	02	00.00000	00.00000	03.64	03.69	-2.24	30.01	-0.01
0472	04	01.98692	01.98692	04.59	03.21	-0.52	30.05	-0.03
0776	01	02.38882	02.38882	02.43	02.20	04.49	37.09	-0.04
1073	01	04.66677	04.66177	00.86	01.38	09.86	32.00	-0.03
0572	04	02.99074	02.99074	03.82	04.78	01.20	30.14	-0.04
