RAW	190707	014041	325280	02
GEOM1	00.00	00.00	0.000000	0.000000	0.000000	0.000000	00.00	00.00	00.00	00.00	1000000.00	-3
GEOM2	00.00	00.00	0.000000	0.000000	0.000000	0.000000	00.00	00.00	00.00	00.00	0000.000	0000.000	1000000.00	-3
LDF	14.295788	0.131520	49.206757	0.130250	0222857.4	0116062.2	06.85	00.55	-1
GLDF	00.00	27.21	0.000000	0.150000	0.000000	0.150001	00.00	76.21	00.00	01.41	0222857.4	0000001.4	06.85	1000000.00	-2
0673	02	09.42171	09.42171	25.87	41.32	02.92	31.83	-0.04
0674	04	06.84334	06.84833	06.33	05.32	02.84	33.58	-0.04
0874	01	15.50367	15.50367	01.23	01.53	06.35	33.66	-0.06
0573	04	07.52187	07.52187	04.64	04.04	01.13	31.81	-0.04
0872	01	00.00000	00.00000	01.32	02.08	06.35	30.23	00.01
