RAW	190720	213349	568310	02
GEOM1	00.00	00.00	0.000000	0.000000	0.000000	0.000000	00.00	00.00	00.00	00.00	1000000.00	-3
GEOM2	00.00	00.00	0.000000	0.000000	0.000000	0.000000	00.00	00.00	00.00	00.00	0000.000	0000.000	1000000.00	-3
LDF	11.724729	0.150000	47.789773	0.149963	0227231.6	0199394.0	07.06	00.00	-2
GLDF	00.00	23.13	0.000000	0.150000	0.000000	0.150001	00.00	81.07	00.00	01.41	0227231.6	0000001.4	07.06	1000000.00	-2
0772	01	00.00000	00.00000	01.04	01.43	04.71	30.23	-0.02
0372	02	09.61257	09.61257	03.46	05.39	-2.24	30.01	-0.01
0472	04	06.73155	06.73155	03.92	03.16	-0.52	30.05	-0.03
0473	04	06.45551	06.45551	08.46	14.19	-0.52	31.76	-0.03
0672	01	15.00085	15.00085	00.99	01.26	02.92	30.12	-0.04
