RAW	190722	133537	435119	02
GEOM1	00.00	00.00	0.000000	0.000000	0.000000	0.000000	00.00	00.00	00.00	00.00	1000000.00	-3
GEOM2	00.00	00.00	0.000000	0.000000	0.000000	0.000000	00.00	00.00	00.00	00.00	0000.000	0000.000	1000000.00	-3
LDF	12.521912	0.070699	49.573918	0.150084	0117268.6	0052309.9	02.91	00.66	-1
GLDF	00.00	23.85	0.000000	0.150000	0.000000	0.150001	00.00	80.26	00.00	01.41	0117268.6	0000001.4	02.91	1000000.00	-2
0574	04	07.41195	07.41695	09.52	04.82	01.13	33.54	-0.04
1076	01	13.30228	13.30228	01.42	00.79	09.70	37.20	-0.12
0974	01	12.81588	12.81089	00.93	02.03	08.06	33.70	-0.06
0573	03	04.19967	04.19967	06.12	03.36	01.13	31.81	-0.04
0474	04	06.49699	06.49699	13.35	04.71	-0.59	33.51	-0.01
0572	02	00.00000	00.00000	01.16	01.86	01.20	30.14	-0.04
