RAW	190725	073826	786816	02
GEOM1	00.00	00.00	0.000000	0.000000	0.000000	0.000000	00.00	00.00	00.00	00.00	1000000.00	-3
GEOM2	00.00	00.00	0.000000	0.000000	0.000000	0.000000	00.00	00.00	00.00	00.00	0000.000	0000.000	1000000.00	-3
LDF	13.944298	0.125003	47.102721	0.126122	0336904.6	0151180.1	11.79	00.02	-1
GLDF	00.00	25.67	0.000000	0.150000	0.000000	0.150001	00.00	67.79	00.00	01.41	0336904.6	0000001.4	11.79	1000000.00	-2
0675	01	02.01526	02.01027	01.25	00.96	02.84	35.32	-0.04
0777	01	00.00000	00.00000	01.32	00.92	04.48	38.84	-0.02
0873	01	10.62233	10.61734	01.50	02.94	06.42	31.99	-0.03
0874	01	10.53498	10.52498	00.89	01.23	06.35	33.66	-0.06
0573	04	04.09504	04.08505	06.26	04.55	01.13	31.81	-0.04
0672	04	04.92859	04.92359	04.91	05.06	02.92	30.12	-0.04
0572	03	06.01507	06.01007	07.13	05.50	01.20	30.14	-0.04
