RAW	190720	090057	062655	03
GEOM1	03.48	00.09	17.249561	0.152121	48.359134	0.158698	22.09	24.61	207.79	128.57	03.77	-2
GEOM2	03.56	00.07	17.202473	0.146214	48.359022	0.143951	25.43	38.49	227.89	80.72	-002.578	0002.719	00.00	-3
LDF	17.129323	0.138234	48.359956	0.150817	0549795.1	0305219.9	30.28	00.72	-1
GLDF	03.53	00.08	17.152104	0.154117	48.363325	0.167962	22.29	03.40	211.77	26.77	0519395.8	0263430.3	27.75	07.09	-1
0673	04	04.02232	04.02232	04.05	04.49	02.92	31.83	-0.04
0873	04	03.03947	03.04446	09.14	05.17	06.42	31.99	-0.03
0974	01	00.00000	00.00000	01.24	00.84	08.06	33.70	-0.06
0975	01	04.15848	04.15848	00.87	01.05	07.99	35.38	-0.08
1073	01	03.33610	03.33110	02.14	02.27	09.86	32.00	-0.03
0773	04	03.68221	03.68221	04.75	05.97	04.63	31.89	-0.04
