RAW	190710	140738	008651	02
GEOM1	00.00	00.00	0.000000	0.000000	0.000000	0.000000	00.00	00.00	00.00	00.00	1000000.00	-3
GEOM2	00.00	00.00	0.000000	0.000000	0.000000	0.000000	00.00	00.00	00.00	00.00	0000.000	0000.000	1000000.00	-3
LDF	18.626564	0.151488	47.466681	0.097027	0044159.0	0025958.8	01.25	00.65	-1
GLDF	00.00	27.60	0.000000	0.150000	0.000000	0.150000	00.00	52.53	00.00	01.41	0044159.0	0000001.4	01.25	1000000.00	-2
0873	04	01.04059	01.04059	03.38	04.11	06.42	31.99	-0.03
0972	02	07.02143	07.02143	02.02	04.27	08.14	30.22	00.02
0773	02	03.30776	03.31276	03.96	05.42	04.63	31.89	-0.04
0872	04	00.00000	00.00000	05.64	05.85	06.35	30.23	00.01
0475	01	01.80043	01.80043	01.46	01.21	-0.66	35.24	-0.01
