RAW	190719	122634	905164	02
GEOM1	00.00	00.00	0.000000	0.000000	0.000000	0.000000	00.00	00.00	00.00	00.00	1000000.00	-3
GEOM2	00.00	00.00	0.000000	0.000000	0.000000	0.000000	00.00	00.00	00.00	00.00	0000.000	0000.000	1000000.00	-3
LDF	12.298021	0.150833	47.293383	0.113586	0103015.7	0064642.1	02.58	01.26	-1
GLDF	02.65	00.13	12.596062	0.212311	47.787469	0.035106	89.98	02.75	223.87	00.82	7000736.5	241649131.9	00.00	1000000.00	-2
0472	04	04.20927	04.20927	06.37	02.78	-0.52	30.05	-0.03
0776	01	10.04716	10.05216	00.89	01.31	04.49	37.09	-0.04
0676	01	00.00000	00.00000	00.86	01.19	02.77	37.09	-0.03
0573	02	10.81356	10.81356	01.61	01.74	01.13	31.81	-0.04
0473	04	02.98798	02.98798	07.07	04.91	-0.52	31.76	-0.03
0572	03	01.43034	01.43533	06.28	04.14	01.20	30.14	-0.04
