RAW	190713	180341	139258	02
GEOM1	00.00	00.00	0.000000	0.000000	0.000000	0.000000	00.00	00.00	00.00	00.00	1000000.00	-3
GEOM2	00.00	00.00	0.000000	0.000000	0.000000	0.000000	00.00	00.00	00.00	00.00	0000.000	0000.000	1000000.00	-3
LDF	14.705405	0.153320	47.320789	0.147328	0202033.1	0152647.1	05.91	00.92	-1
GLDF	06.61	01.59	13.485264	0.118842	48.658249	0.134327	11.28	00.79	34.29	01.23	1428924.4	1357621.4	62.63	1000000.00	-2
0673	04	05.43635	05.43635	08.45	06.62	02.92	31.83	-0.04
0675	01	14.14837	14.14837	01.38	03.30	02.84	35.32	-0.04
0777	01	02.85743	02.85243	00.72	01.23	04.48	38.84	-0.02
1075	01	02.20982	02.20483	01.78	01.46	09.78	35.47	-0.10
0573	02	00.00000	00.00000	11.72	04.12	01.13	31.81	-0.04
0672	03	07.63562	07.64062	05.49	03.54	02.92	30.12	-0.04
0572	04	05.92540	05.92540	03.72	03.56	01.20	30.14	-0.04
