RAW	190710	201106	626763	03
GEOM1	00.78	00.11	12.747204	0.150000	52.228189	0.149957	44.16	03.28	269.65	04.42	00.00	-2
GEOM2	00.82	00.49	12.747194	0.149763	52.228152	0.147183	43.54	12.99	268.33	16.21	0001.037	0021.750	00.00	-3
LDF	12.567624	0.098481	52.298586	0.135331	0023080.6	0009187.9	05.90	02.79	00
GLDF	00.73	00.09	12.549550	0.072751	52.310785	0.123722	43.88	03.26	267.49	03.44	0025674.1	0013311.5	06.98	02.95	00
0472	01	07.25026	07.25026	07.60	04.87	-0.52	30.05	-0.03
0576	04	00.00000	00.00000	07.41	07.41	01.05	37.01	-0.02
0575	04	01.19345	01.19345	11.01	06.73	01.13	35.27	-0.03
0776	01	08.43816	08.43316	00.44	00.70	04.49	37.09	-0.04
0475	04	01.25185	01.25185	10.24	06.25	-0.66	35.24	-0.01
