RAW	190722	013248	018351	02
GEOM1	00.00	00.00	0.000000	0.000000	0.000000	0.000000	00.00	00.00	00.00	00.00	1000000.00	-3
GEOM2	00.00	00.00	0.000000	0.000000	0.000000	0.000000	00.00	00.00	00.00	00.00	0000.000	0000.000	1000000.00	-3
LDF	17.953669	0.185836	47.440923	0.149764	0072975.6	0074966.9	02.00	02.11	-1
GLDF	00.00	27.85	0.000000	0.150000	0.000000	0.150001	00.00	67.05	00.00	01.41	0072975.6	0000001.4	02.00	1000000.00	-2
0772	01	00.00000	00.00000	01.49	00.96	04.71	30.23	-0.02
0772	04	07.96954	07.97454	06.31	04.26	04.71	30.23	-0.02
0674	02	08.53591	08.53591	02.76	01.77	02.84	33.58	-0.04
0873	03	05.67460	05.67460	07.06	05.41	06.42	31.99	-0.03
0773	02	05.87176	05.87176	27.97	22.51	04.63	31.89	-0.04
0872	04	08.80036	08.80036	03.69	02.45	06.35	30.23	00.01
0475	01	10.39264	10.38765	01.03	01.59	-0.66	35.24	-0.01
