RAW	190707	133110	992683	02
GEOM1	00.00	00.00	0.000000	0.000000	0.000000	0.000000	00.00	00.00	00.00	00.00	1000000.00	-3
GEOM2	00.00	00.00	0.000000	0.000000	0.000000	0.000000	00.00	00.00	00.00	00.00	0000.000	0000.000	1000000.00	-3
LDF	17.954558	0.211238	47.254440	0.150732	0083823.4	0089665.4	02.20	02.49	-1
GLDF	00.00	24.06	0.000000	0.150000	0.000000	0.150000	00.00	55.16	00.00	01.41	0083823.4	0000001.4	02.20	1000000.00	-2
0772	04	03.20658	03.21157	08.64	03.99	04.71	30.23	-0.02
0873	03	05.91809	05.92309	06.68	05.73	06.42	31.99	-0.03
1076	01	00.00000	00.00000	01.12	01.38	09.70	37.20	-0.12
1072	01	07.35765	07.36265	01.61	00.80	09.86	30.29	00.00
0872	04	04.63199	04.63698	07.21	07.12	06.35	30.23	00.01
