RAW	190703	234220	805899	02
GEOM1	00.00	00.00	0.000000	0.000000	0.000000	0.000000	00.00	00.00	00.00	00.00	1000000.00	-3
GEOM2	00.00	00.00	0.000000	0.000000	0.000000	0.000000	00.00	00.00	00.00	00.00	0000.000	0000.000	1000000.00	-3
LDF	13.385151	0.151248	48.532269	0.137272	1349431.8	0729812.0	53.88	01.07	-1
GLDF	00.00	23.00	0.000000	0.150000	0.000000	0.150000	00.00	63.61	00.00	01.41	1349431.8	0000001.4	53.88	1000000.00	-2
0574	04	02.79414	02.78914	09.23	13.74	01.13	33.54	-0.04
0776	01	00.00000	00.00000	01.24	01.43	04.49	37.09	-0.04
1073	01	00.18230	00.18230	01.11	01.39	09.86	32.00	-0.03
0573	03	01.20651	01.21150	17.39	07.25	01.13	31.81	-0.04
0572	04	01.78904	01.78904	05.36	05.27	01.20	30.14	-0.04
