RAW	190714	083021	701650	02
GEOM1	00.00	00.00	0.000000	0.000000	0.000000	0.000000	00.00	00.00	00.00	00.00	1000000.00	-3
GEOM2	00.00	00.00	0.000000	0.000000	0.000000	0.000000	00.00	00.00	00.00	00.00	0014.428	0003.775	1000000.00	-3
LDF	13.399270	0.152681	47.921760	0.178356	1736750.0	1218489.5	71.02	02.69	-1
GLDF	00.00	19.04	0.000000	0.150000	0.000000	0.150000	00.00	55.03	00.00	01.41	1736750.0	0000001.4	71.02	1000000.00	-2
0574	04	00.31440	00.31440	05.85	09.86	01.13	33.54	-0.04
0777	01	03.46829	03.47329	01.17	00.71	04.48	38.84	-0.02
0777	01	05.46196	05.46196	01.41	01.08	04.48	38.84	-0.02
0573	03	00.00000	00.00000	27.42	09.72	01.13	31.81	-0.04
0572	04	00.70153	00.70153	27.35	16.06	01.20	30.14	-0.04
