RAW	190705	095705	103148	02
GEOM1	00.00	00.00	0.000000	0.000000	0.000000	0.000000	00.00	00.00	00.00	00.00	1000000.00	-3
GEOM2	00.00	00.00	0.000000	0.000000	0.000000	0.000000	00.00	00.00	00.00	00.00	0000.000	0000.000	1000000.00	-3
LDF	12.852918	0.192569	46.546662	0.152592	0011389.1	0017202.6	00.13	01.19	-1
GLDF	00.00	27.03	0.000000	0.150000	0.000000	0.150000	00.00	70.95	00.00	01.41	0011389.1	0000001.4	00.13	1000000.00	-2
0372	02	00.00000	00.00000	04.22	04.72	-2.24	30.01	-0.01
0372	02	04.65185	04.66184	02.04	02.21	-2.24	30.01	-0.01
0472	04	02.21729	02.22229	02.48	02.55	-0.52	30.05	-0.03
0973	01	05.02358	05.02358	00.37	00.64	08.07	31.96	-0.03
0572	04	03.31593	03.32093	04.13	06.67	01.20	30.14	-0.04
