RAW	190723	031913	292882	02
GEOM1	00.00	00.00	0.000000	0.000000	0.000000	0.000000	00.00	00.00	00.00	00.00	1000000.00	-3
GEOM2	00.00	00.00	0.000000	0.000000	0.000000	0.000000	00.00	00.00	00.00	00.00	0000.000	0000.000	1000000.00	-3
LDF	14.220041	0.063957	51.737935	0.149971	0065383.0	0023442.5	01.85	00.01	-1
GLDF	00.00	26.76	0.000000	0.150000	0.000000	0.150000	00.00	65.32	00.00	01.41	0065383.0	0000001.4	01.85	1000000.00	-2
0575	04	02.36180	02.36180	06.72	07.13	01.13	35.27	-0.03
0675	04	00.96322	00.96822	08.72	04.46	02.84	35.32	-0.04
0873	01	01.80950	01.81449	01.67	01.35	06.42	31.99	-0.03
0874	01	01.57187	01.57686	02.21	01.83	06.35	33.66	-0.06
0475	02	00.00000	00.00000	05.16	05.75	-0.66	35.24	-0.01
