RAW	190709	132222	574698	02
GEOM1	00.00	00.00	0.000000	0.000000	0.000000	0.000000	00.00	00.00	00.00	00.00	1000000.00	-3
GEOM2	00.00	00.00	0.000000	0.000000	0.000000	0.000000	00.00	00.00	00.00	00.00	0000.000	0000.000	1000000.00	-3
LDF	12.950943	0.136343	47.114862	0.128132	0223007.4	0124806.1	06.86	00.15	-1
GLDF	00.00	27.78	0.000000	0.150000	0.000000	0.150001	00.00	76.72	00.00	01.41	0223007.4	0000001.4	06.86	1000000.00	-2
0372	01	00.00000	00.00000	01.24	00.78	-2.24	30.01	-0.01
0472	04	03.93132	03.92632	03.01	03.44	-0.52	30.05	-0.03
1073	01	07.05383	07.05383	02.56	01.91	09.86	32.00	-0.03
0573	04	05.39170	05.39170	04.88	04.00	01.13	31.81	-0.04
0572	03	03.53669	03.53669	06.08	03.77	01.20	30.14	-0.04
