RAW	190708	051239	716957	02
GEOM1	00.00	00.00	0.000000	0.000000	0.000000	0.000000	00.00	00.00	00.00	00.00	1000000.00	-3
GEOM2	00.00	00.00	0.000000	0.000000	0.000000	0.000000	00.00	00.00	00.00	00.00	0000.000	0000.000	1000000.00	-3
LDF	15.464584	0.151113	47.367558	0.066188	0119427.5	0049194.2	02.96	01.08	-1
GLDF	00.00	21.20	0.000000	0.150000	0.000000	0.150000	00.00	55.09	00.00	01.41	0119427.5	0000001.4	02.96	1000000.00	-2
0772	03	00.00000	00.00000	03.72	04.38	04.71	30.23	-0.02
0673	04	01.85573	01.85573	09.82	08.42	02.92	31.83	-0.04
0878	01	00.67491	00.66991	01.23	02.26	06.34	40.13	-0.02
0976	01	06.02946	06.02946	03.14	02.49	07.99	37.16	-0.09
0672	04	01.90929	01.91429	12.36	09.57	02.92	30.12	-0.04
