RAW	190702	132615	185907	02
GEOM1	00.00	00.00	0.000000	0.000000	0.000000	0.000000	00.00	00.00	00.00	00.00	1000000.00	-3
GEOM2	00.00	00.00	0.000000	0.000000	0.000000	0.000000	00.00	00.00	00.00	00.00	0000.000	0000.000	1000000.00	-3
LDF	16.497256	0.155424	47.021669	0.168564	0021085.3	0026664.7	00.21	02.37	-1
GLDF	00.00	23.18	0.000000	0.150000	0.000000	0.150000	00.00	51.19	00.00	01.41	0021085.3	0000001.4	00.21	1000000.00	-2
0772	04	00.00000	00.00000	14.29	09.30	04.71	30.23	-0.02
0775	01	02.90762	02.90762	01.63	03.13	04.56	35.35	-0.05
1073	01	04.40656	04.40656	01.04	00.79	09.86	32.00	-0.03
0773	04	00.69046	00.69046	05.09	03.92	04.63	31.89	-0.04
0672	03	02.93360	02.92860	04.96	05.07	02.92	30.12	-0.04
