RAW	190722	075202	689451	03
GEOM1	07.18	00.06	15.111715	0.148965	49.927433	0.150762	14.39	29.77	70.75	300.37	00.07	-2
GEOM2	07.19	00.06	15.111557	0.119213	49.927120	0.122406	27.16	61.54	33.95	76.68	0005.548	0002.646	00.00	-3
LDF	15.110765	0.150015	49.960892	0.101123	1243736.8	0457891.2	60.72	00.09	-1
GLDF	07.19	00.02	15.109929	0.127841	49.966413	0.085546	14.26	04.21	77.07	25.21	1244497.7	0446530.0	56.29	00.21	-1
0673	04	07.07857	07.07857	08.19	06.48	02.92	31.83	-0.04
0674	04	07.24519	07.25519	06.72	07.52	02.84	33.58	-0.04
0675	04	07.97840	07.97340	06.69	05.81	02.84	35.32	-0.04
0972	01	10.97059	10.97059	01.08	01.05	08.14	30.22	00.02
0672	02	00.00000	00.00000	01.32	01.70	02.92	30.12	-0.04
