RAW	190715	072343	843242	02
GEOM1	00.00	00.00	0.000000	0.000000	0.000000	0.000000	00.00	00.00	00.00	00.00	1000000.00	-3
GEOM2	00.00	00.00	0.000000	0.000000	0.000000	0.000000	00.00	00.00	00.00	00.00	0000.000	0000.000	1000000.00	-3
LDF	13.797221	0.158558	47.625733	0.150848	0142886.8	0125896.9	03.63	02.77	-1
GLDF	00.00	25.34	0.000000	0.150000	0.000000	0.150000	00.00	61.38	00.00	01.41	0142886.8	0000001.4	03.63	1000000.00	-2
0674	01	00.00000	00.00000	00.48	01.62	02.84	33.58	-0.04
0573	03	00.20322	00.20821	19.06	13.59	01.13	31.81	-0.04
0672	04	01.24983	01.24983	06.15	05.39	02.92	30.12	-0.04
0475	01	02.29559	02.30059	02.36	01.58	-0.66	35.24	-0.01
0572	04	02.01434	02.02433	04.19	04.40	01.20	30.14	-0.04
