RAW	190714	070727	566082	02
GEOM1	00.00	00.00	0.000000	0.000000	0.000000	0.000000	00.00	00.00	00.00	00.00	1000000.00	-3
GEOM2	00.00	00.00	0.000000	0.000000	0.000000	0.000000	00.00	00.00	00.00	00.00	0000.000	0000.000	1000000.00	-3
LDF	19.758484	0.143404	50.854251	0.134445	0228771.9	0141689.4	07.13	00.83	-1
GLDF	00.00	28.73	0.000000	0.150000	0.000000	0.150001	00.00	64.54	00.00	01.41	0228771.9	0000001.4	07.13	1000000.00	-2
0772	01	03.03269	03.03768	05.35	00.50	04.71	30.23	-0.02
0874	04	09.13873	09.13873	04.07	04.44	06.35	33.66	-0.06
0974	03	06.50078	06.50578	04.08	04.31	08.06	33.70	-0.06
0676	01	06.75616	06.76116	01.77	00.80	02.77	37.09	-0.03
0975	04	07.93821	07.93821	09.47	05.87	07.99	35.38	-0.08
0475	01	00.00000	00.00000	01.67	00.89	-0.66	35.24	-0.01
