RAW	190703	215323	782414	02
GEOM1	00.00	00.00	0.000000	0.000000	0.000000	0.000000	00.00	00.00	00.00	00.00	1000000.00	-3
GEOM2	00.00	00.00	0.000000	0.000000	0.000000	0.000000	00.00	00.00	00.00	00.00	0000.000	0000.000	1000000.00	-3
LDF	17.139025	0.124895	49.757352	0.120145	1224172.2	0477126.7	48.43	00.02	-1
GLDF	00.00	22.32	0.000000	0.150000	0.000000	0.150001	00.00	56.84	00.00	01.41	1224172.2	0000001.4	48.43	1000000.00	-2
0774	03	07.32128	07.32628	37.62	39.54	04.56	33.62	-0.05
0372	01	10.68496	10.68996	01.18	02.13	-2.24	30.01	-0.01
0574	01	00.00000	00.00000	01.40	00.98	01.13	33.54	-0.04
0874	04	05.15434	05.15934	13.92	06.88	06.35	33.66	-0.06
0773	04	06.33660	06.34160	07.19	15.28	04.63	31.89	-0.04
