RAW	190722	214654	902844	02
GEOM1	00.00	00.00	0.000000	0.000000	0.000000	0.000000	00.00	00.00	00.00	00.00	1000000.00	-3
GEOM2	00.00	00.00	0.000000	0.000000	0.000000	0.000000	00.00	00.00	00.00	00.00	0000.000	0000.000	1000000.00	-3
LDF	18.627936	0.150732	47.501249	0.066646	0080414.2	0029758.4	02.13	00.44	-1
GLDF	00.00	23.74	0.000000	0.150000	0.000000	0.150001	00.00	54.44	00.00	01.41	0080414.2	0000001.4	02.13	1000000.00	-2
0673	01	09.91485	09.91485	04.32	07.08	02.92	31.83	-0.04
0777	01	00.00000	00.00000	02.31	01.20	04.48	38.84	-0.02
0873	04	05.53508	05.53508	05.71	07.42	06.42	31.99	-0.03
0874	02	02.24074	02.24074	05.44	05.23	06.35	33.66	-0.06
0872	04	04.17475	04.17975	06.55	11.62	06.35	30.23	00.01
