RAW	190711	075837	607192	02
GEOM1	00.00	00.00	0.000000	0.000000	0.000000	0.000000	00.00	00.00	00.00	00.00	1000000.00	-3
GEOM2	00.00	00.00	0.000000	0.000000	0.000000	0.000000	00.00	00.00	00.00	00.00	0000.000	0000.000	1000000.00	-3
LDF	15.159510	0.150052	47.427483	0.063177	0066253.5	0023507.4	01.87	00.02	-1
GLDF	00.00	23.72	0.000000	0.150000	0.000000	0.150000	00.00	59.98	00.00	01.41	0066253.5	0000001.4	01.87	1000000.00	-2
0772	02	00.00000	00.00000	06.80	04.50	04.71	30.23	-0.02
0372	01	02.84670	02.84670	01.19	01.42	-2.24	30.01	-0.01
0673	04	02.73889	02.74389	07.11	07.24	02.92	31.83	-0.04
0976	01	01.69016	01.69016	00.80	01.71	07.99	37.16	-0.09
0672	04	03.17231	03.17231	06.42	06.96	02.92	30.12	-0.04
