RAW	190723	132124	293537	03
GEOM1	07.68	00.13	11.412325	0.150014	47.007690	0.149093	62.77	01.64	90.60	02.68	00.00	-2
GEOM2	07.70	04.84	11.412324	0.150490	47.007737	0.151364	63.45	179.82	92.39	520.42	0000.440	0282.302	00.00	-3
LDF	11.341086	0.155574	47.042517	0.139839	0000146.6	0000089.5	02.34	01.81	00
GLDF	07.72	00.12	11.314282	0.161914	47.049208	0.134554	63.03	01.46	90.75	02.06	0000148.5	0000108.9	02.66	02.49	00
0772	01	02.77698	02.77198	01.09	01.26	04.71	30.23	-0.02
0372	04	07.28349	07.27849	03.70	04.18	-2.24	30.01	-0.01
0472	04	07.23655	07.23155	13.30	08.78	-0.52	30.05	-0.03
1073	01	00.00000	00.00000	00.98	00.54	09.86	32.00	-0.03
0473	04	08.77215	08.76216	04.22	09.16	-0.52	31.76	-0.03
