RAW	190729	211854	244404	03
GEOM1	00.41	00.12	15.743646	0.149969	47.091468	0.149996	52.04	02.45	359.24	03.08	00.00	-2
GEOM2	00.43	12.55	15.743691	0.149990	47.091467	0.150230	52.44	89.42	00.20	562.69	0000.955	0611.583	00.00	-3
LDF	15.784363	0.127508	47.247335	0.134875	0004903.1	0002476.5	06.78	02.24	00
GLDF	00.44	00.10	15.790682	0.118640	47.284239	0.102719	52.19	02.40	359.80	02.26	0005311.9	0003149.2	07.40	02.74	00
0772	04	01.41251	01.40751	07.61	07.62	04.71	30.23	-0.02
0673	04	00.02527	00.02027	08.18	05.29	02.92	31.83	-0.04
0974	01	04.93078	04.92578	03.28	02.15	08.06	33.70	-0.06
0872	01	08.64253	08.64253	00.78	01.92	06.35	30.23	00.01
0672	04	00.00000	00.00000	11.46	06.49	02.92	30.12	-0.04
