RAW	190730	122042	424589	02
GEOM1	00.00	00.00	0.000000	0.000000	0.000000	0.000000	00.00	00.00	00.00	00.00	1000000.00	-3
GEOM2	00.00	00.00	0.000000	0.000000	0.000000	0.000000	00.00	00.00	00.00	00.00	0000.000	0000.000	1000000.00	-3
LDF	14.206680	0.088112	46.740391	0.153071	0071999.9	0037732.2	01.98	01.75	-1
GLDF	00.00	21.97	0.000000	0.150000	0.000000	0.150000	00.00	58.50	00.00	01.41	0071999.9	0000001.4	01.98	1000000.00	-2
1072	01	01.99545	01.99545	01.68	01.10	09.86	30.29	00.00
0573	03	00.00000	00.00000	01.61	01.89	01.13	31.81	-0.04
0573	02	04.02725	04.02725	07.20	06.72	01.13	31.81	-0.04
0672	04	01.74617	01.74617	06.40	06.13	02.92	30.12	-0.04
0572	04	02.15703	02.15703	09.15	10.74	01.20	30.14	-0.04
