RAW	190722	113913	318127	03
GEOM1	00.86	00.13	18.865527	0.149899	54.900328	0.150146	49.96	03.47	101.98	08.41	00.00	-2
GEOM2	00.93	00.36	18.865542	0.149681	54.900324	0.144018	47.82	10.67	94.13	38.86	0000.425	0011.958	00.00	-3
LDF	17.966459	0.156570	55.023203	0.162600	0000980.4	0001107.7	00.28	05.92	00
GLDF	00.83	00.13	18.904558	0.159519	54.862980	0.168771	49.67	02.95	100.89	07.37	0000805.1	0001030.2	00.06	08.93	00
0675	01	08.92255	08.92255	01.63	01.56	02.84	35.32	-0.04
0777	03	02.53716	02.53716	08.61	13.77	04.48	38.84	-0.02
0978	04	02.52279	02.52279	02.29	05.16	07.91	40.63	-0.05
0876	04	00.00000	00.00000	06.67	08.44	06.27	37.12	-0.05
0877	04	01.27910	01.27910	04.68	05.63	06.20	38.86	-0.05
