RAW	190725	103438	817913	03
GEOM1	07.39	00.15	13.830514	0.150107	48.751988	0.151735	83.55	04.45	80.94	01.11	00.00	-2
GEOM2	07.40	00.20	13.830509	0.148950	48.751973	0.125049	84.48	61.00	80.77	15.75	0000.611	0013.292	00.00	-3
LDF	14.113699	0.790989	48.703885	0.275849	0000000.0	0000000.0	00.00	1000000.00	00
GLDF	07.39	00.01	13.834290	0.156382	48.750801	0.016410	83.50	00.01	80.94	00.81	0000000.0	0000000.0	00.00	12.78	00
0574	04	08.53886	08.53886	05.27	06.20	01.13	33.54	-0.04
0576	01	09.29932	09.29932	01.31	01.38	01.05	37.01	-0.02
0673	04	07.16195	07.16195	04.26	06.08	02.92	31.83	-0.04
0573	04	06.83149	06.83648	11.24	07.15	01.13	31.81	-0.04
0474	02	00.00000	00.00000	02.03	01.11	-0.59	33.51	-0.01
0672	01	09.64186	09.64186	01.15	01.49	02.92	30.12	-0.04
