RAW	190721	155739	284985	02
GEOM1	00.00	00.00	0.000000	0.000000	0.000000	0.000000	00.00	00.00	00.00	00.00	1000000.00	-3
GEOM2	00.00	00.00	0.000000	0.000000	0.000000	0.000000	00.00	00.00	00.00	00.00	0000.000	0000.000	1000000.00	-3
LDF	14.372470	0.181245	52.821409	0.186943	0154266.2	0176372.3	04.01	02.03	-1
GLDF	00.00	27.38	0.000000	0.150000	0.000000	0.150001	00.00	81.16	00.00	01.41	0154266.2	0000001.4	04.01	1000000.00	-2
0372	01	11.27042	11.27042	01.21	01.46	-2.24	30.01	-0.01
0576	02	05.73473	05.73473	13.90	06.39	01.05	37.01	-0.02
0575	04	08.18772	08.18772	04.90	04.91	01.13	35.27	-0.03
0877	01	00.00000	00.00000	01.50	00.90	06.20	38.86	-0.05
0676	04	08.59492	08.59492	06.70	11.47	02.77	37.09	-0.03
0573	01	14.98011	14.98511	02.91	01.52	01.13	31.81	-0.04
0475	02	01.28055	01.27555	04.07	04.54	-0.66	35.24	-0.01
