RAW	190721	145734	187704	03
GEOM1	01.33	00.14	16.799626	0.150250	46.993385	0.145068	67.25	07.15	280.32	03.88	00.00	-2
GEOM2	01.36	00.10	16.799610	0.141003	46.993410	0.099833	53.30	28.77	288.16	23.32	0000.038	0003.790	00.00	-3
LDF	17.386194	0.133069	47.763379	0.149689	0000036.0	0000015.8	01.50	02.13	00
GLDF	01.33	00.13	16.792244	0.142620	46.993025	0.143124	67.17	05.89	280.34	03.23	0000056.7	0000203.1	07.50	00.02	-1
0772	04	01.65273	01.65273	07.09	09.78	04.71	30.23	-0.02
0673	04	00.00000	00.00000	02.37	02.65	02.92	31.83	-0.04
0873	03	03.92613	03.92613	11.37	09.07	06.42	31.99	-0.03
1073	01	03.32389	03.32389	00.85	00.40	09.86	32.00	-0.03
0773	03	02.86565	02.87065	05.51	06.30	04.63	31.89	-0.04
0872	04	02.04686	02.04686	02.09	01.10	06.35	30.23	00.01
