RAW	190703	194209	641689	03
GEOM1	04.92	00.11	18.185282	0.150021	49.259095	0.150000	33.54	07.86	182.81	06.56	00.00	-2
GEOM2	04.98	11.68	18.185301	0.150083	49.259126	0.150071	35.73	256.69	183.85	229.63	0001.196	0490.812	00.00	-3
LDF	18.133298	0.163124	49.312358	0.065039	0051221.6	0021028.5	04.22	02.39	00
GLDF	04.97	00.11	18.097877	0.154818	49.313973	0.058832	34.86	04.01	182.57	05.13	0049350.9	0009737.8	04.24	03.37	00
0372	01	02.07934	02.08434	03.17	02.33	-2.24	30.01	-0.01
0576	01	10.04237	10.04737	00.69	01.08	01.05	37.01	-0.02
0977	01	00.00000	00.00000	00.63	01.19	07.92	38.89	-0.09
0978	01	05.76815	05.77314	01.13	01.57	07.91	40.63	-0.05
0873	04	04.78690	04.79189	07.35	04.62	06.42	31.99	-0.03
0874	04	04.77075	04.77575	09.27	16.14	06.35	33.66	-0.06
0972	02	08.08530	08.08530	03.07	01.78	08.14	30.22	00.02
0773	04	05.85638	05.85638	04.04	08.24	04.63	31.89	-0.04
