RAW	190705	103326	035861	02
GEOM1	00.00	00.00	0.000000	0.000000	0.000000	0.000000	00.00	00.00	00.00	00.00	1000000.00	-3
GEOM2	00.00	00.00	0.000000	0.000000	0.000000	0.000000	00.00	00.00	00.00	00.00	0000.000	0000.000	1000000.00	-3
LDF	19.164647	0.109271	55.311517	0.154938	0061134.2	0041505.0	01.76	02.07	-1
GLDF	00.00	28.38	0.000000	0.150000	0.000000	0.150000	00.00	54.25	00.00	01.41	0061134.2	0000001.4	01.76	1000000.00	-2
0977	04	00.00000	00.00000	04.58	06.52	07.92	38.89	-0.09
0977	02	05.80103	05.80103	08.75	02.99	07.92	38.89	-0.09
0876	02	02.60483	02.60483	04.86	03.97	06.27	37.12	-0.05
0976	02	07.33750	07.33750	02.12	01.58	07.99	37.16	-0.09
0877	04	00.53389	00.53389	13.67	10.50	06.20	38.86	-0.05
