RAW	190718	141923	627764	02
GEOM1	00.00	00.00	0.000000	0.000000	0.000000	0.000000	00.00	00.00	00.00	00.00	1000000.00	-3
GEOM2	00.00	00.00	0.000000	0.000000	0.000000	0.000000	00.00	00.00	00.00	00.00	0000.000	0000.000	1000000.00	-3
LDF	14.303518	0.081543	46.569374	0.149995	0034082.5	0016813.1	00.80	00.00	-1
GLDF	00.00	28.18	0.000000	0.150000	0.000000	0.150000	00.00	61.73	00.00	01.41	0034082.5	0000001.4	00.80	1000000.00	-2
0472	02	03.06490	03.06990	05.87	04.83	-0.52	30.05	-0.03
0978	01	01.02895	01.02396	01.47	01.67	07.91	40.63	-0.05
0773	01	09.43358	09.43358	00.47	01.49	04.63	31.89	-0.04
0672	04	00.12176	00.12176	04.49	02.57	02.92	30.12	-0.04
0572	04	00.00000	00.00000	03.35	03.63	01.20	30.14	-0.04
