RAW	190702	120214	930204	02
GEOM1	00.00	00.00	0.000000	0.000000	0.000000	0.000000	00.00	00.00	00.00	00.00	1000000.00	-3
GEOM2	00.00	00.00	0.000000	0.000000	0.000000	0.000000	00.00	00.00	00.00	00.00	0000.000	0000.000	1000000.00	-3
LDF	12.827375	0.173509	47.189943	0.150751	0038457.5	0042670.3	01.01	01.53	-1
GLDF	00.00	27.94	0.000000	0.150000	0.000000	0.150001	00.00	80.23	00.00	01.41	0038457.5	0000001.4	01.01	1000000.00	-2
0772	01	00.00000	00.00000	01.23	00.91	04.71	30.23	-0.02
0472	04	06.20437	06.20437	03.24	03.74	-0.52	30.05	-0.03
0777	01	07.40160	07.40160	01.23	01.15	04.48	38.84	-0.02
0573	03	08.09657	08.10156	04.28	03.99	01.13	31.81	-0.04
0572	04	06.18656	06.18656	03.69	03.03	01.20	30.14	-0.04
