RAW	190705	032454	121371	02
GEOM1	00.00	00.00	0.000000	0.000000	0.000000	0.000000	00.00	00.00	00.00	00.00	1000000.00	-3
GEOM2	00.00	00.00	0.000000	0.000000	0.000000	0.000000	00.00	00.00	00.00	00.00	0000.000	0000.000	1000000.00	-3
LDF	19.482098	0.131837	51.031873	0.129777	0194499.0	0102790.1	05.58	00.63	-1
GLDF	00.00	29.64	0.000000	0.150000	0.000000	0.150000	00.00	59.31	00.00	01.41	0194499.0	0000001.4	05.58	1000000.00	-2
0874	04	04.79922	04.78923	04.38	04.46	06.35	33.66	-0.06
0974	02	02.07567	02.07068	17.53	15.86	08.06	33.70	-0.06
0975	04	04.46959	04.46459	04.77	07.46	07.99	35.38	-0.08
0573	01	10.92102	10.91603	00.81	01.05	01.13	31.81	-0.04
0475	01	00.00000	00.00000	03.80	01.08	-0.66	35.24	-0.01
