RAW	190707	145630	691547	02
GEOM1	00.00	00.00	0.000000	0.000000	0.000000	0.000000	00.00	00.00	00.00	00.00	1000000.00	-3
GEOM2	00.00	00.00	0.000000	0.000000	0.000000	0.000000	00.00	00.00	00.00	00.00	0000.000	0000.000	1000000.00	-3
LDF	13.400136	0.150000	48.183208	0.149947	1533433.8	0963584.6	61.97	00.00	-2
GLDF	00.00	23.44	0.000000	0.150000	0.000000	0.150000	00.00	62.54	00.00	01.41	1533433.8	0000001.4	61.97	1000000.00	-2
0574	03	02.73247	02.72747	04.94	10.61	01.13	33.54	-0.04
0776	01	06.45286	06.45286	00.97	00.78	04.49	37.09	-0.04
0974	01	04.25379	04.25379	03.00	01.20	08.06	33.70	-0.06
0573	02	00.00000	00.00000	05.78	01.26	01.13	31.81	-0.04
0573	04	01.46400	01.46400	05.01	04.61	01.13	31.81	-0.04
0572	04	01.77501	01.77501	10.55	07.33	01.20	30.14	-0.04
