RAW	190703	075322	407447	01
GEOM1	00.00	00.00	0.000000	0.000000	0.000000	0.000000	00.00	00.00	00.00	00.00	1000000.00	-4
GEOM2	00.00	00.00	0.000000	0.000000	0.000000	0.000000	00.00	00.00	00.00	00.00	0000.000	0000.000	1000000.00	-4
LDF	16.949040	0.150644	46.672700	0.197419	0000001.0	0098856.4	02.44	1000000.00	-3
GLDF	00.00	37.11	0.000000	0.150000	0.000000	0.150000	00.00	87.94	00.00	01.41	0000001.0	0000001.4	00.00	1000000.00	-4
0772	04	05.60704	05.60704	04.74	05.05	04.71	30.23	-0.02
0973	01	11.45962	11.45962	00.94	01.09	08.07	31.96	-0.03
1072	01	10.05713	10.06212	01.84	01.40	09.86	30.29	00.00
0872	02	00.00000	00.00000	05.00	03.35	06.35	30.23	00.01
0672	02	08.20487	08.20987	08.37	06.50	02.92	30.12	-0.04
0572	02	05.67296	05.67296	05.71	09.14	01.20	30.14	-0.04
