RAW	190710	024529	202922	03
GEOM1	07.47	00.09	15.416144	0.149983	47.597576	0.150030	34.55	03.81	121.45	10.87	00.00	-2
GEOM2	07.53	00.35	15.416161	0.149153	47.597530	0.147560	30.71	21.91	116.75	34.29	0000.650	0015.516	00.00	-3
LDF	15.432051	0.162401	47.491616	0.077715	0023159.1	0010431.0	01.67	01.92	00
GLDF	07.41	00.07	15.446214	0.169559	47.481051	0.063823	34.02	03.16	122.46	08.76	0025838.0	0013106.3	01.90	02.56	00
0772	04	06.82447	06.81947	02.94	03.67	04.71	30.23	-0.02
0576	01	12.21036	12.20537	01.87	01.03	01.05	37.01	-0.02
0673	04	07.93853	07.93354	12.02	15.45	02.92	31.83	-0.04
0675	01	00.00000	00.00000	01.63	02.08	02.84	35.32	-0.04
0977	01	10.43937	10.55929	00.00	00.68	07.92	38.89	-0.09
0978	01	11.05984	11.05484	02.81	03.92	07.91	40.63	-0.05
0573	01	15.31187	15.30187	00.55	01.39	01.13	31.81	-0.04
0672	04	07.17539	07.16540	05.70	06.28	02.92	30.12	-0.04
