RAW	190712	091718	616851	02
GEOM1	00.00	00.00	0.000000	0.000000	0.000000	0.000000	00.00	00.00	00.00	00.00	1000000.00	-3
GEOM2	00.00	00.00	0.000000	0.000000	0.000000	0.000000	00.00	00.00	00.00	00.00	0000.000	0000.000	1000000.00	-3
LDF	21.137861	0.067306	53.618587	0.150707	0065754.7	0025190.1	01.86	00.35	-1
GLDF	00.00	29.41	0.000000	0.150000	0.000000	0.150000	00.00	58.49	00.00	01.41	0065754.7	0000001.4	01.86	1000000.00	-2
0973	01	02.46308	02.45809	00.99	01.39	08.07	31.96	-0.03
1076	04	05.73934	05.73434	08.19	08.09	09.70	37.20	-0.12
0976	01	00.00000	00.00000	01.20	01.07	07.99	37.16	-0.09
0976	04	06.73054	06.73054	07.29	04.79	07.99	37.16	-0.09
0975	02	08.83499	08.82999	08.58	09.56	07.99	35.38	-0.08
