RAW	190715	185120	921953	02
GEOM1	00.00	00.00	0.000000	0.000000	0.000000	0.000000	00.00	00.00	00.00	00.00	1000000.00	-3
GEOM2	00.00	00.00	0.000000	0.000000	0.000000	0.000000	00.00	00.00	00.00	00.00	0000.000	0000.000	1000000.00	-3
LDF	20.845238	0.167889	53.018883	0.166536	0084776.1	0091183.7	02.22	02.11	-1
GLDF	02.18	00.11	20.879059	0.166253	52.986719	0.169722	04.09	58.26	155.84	2470.91	0106647.7	0108667.6	02.68	1000000.00	-2
1075	04	02.43785	02.47283	02.96	05.72	09.78	35.47	-0.10
1076	02	04.95560	04.95560	11.13	09.05	09.70	37.20	-0.12
0976	04	02.41250	02.41250	10.46	07.65	07.99	37.16	-0.09
0975	02	05.02767	05.02767	01.37	02.10	07.99	35.38	-0.08
0474	01	00.00000	00.00000	01.11	01.39	-0.59	33.51	-0.01
