RAW	190706	012731	147637	02
GEOM1	00.00	00.00	0.000000	0.000000	0.000000	0.000000	00.00	00.00	00.00	00.00	1000000.00	-3
GEOM2	00.00	00.00	0.000000	0.000000	0.000000	0.000000	00.00	00.00	00.00	00.00	0000.000	0000.000	1000000.00	-3
LDF	15.134230	0.150014	48.261320	0.097170	1729478.7	0612298.8	70.70	00.04	-1
GLDF	00.00	24.09	0.000000	0.150000	0.000000	0.150000	00.00	61.15	00.00	01.41	1729478.7	0000001.4	70.70	1000000.00	-2
0472	01	00.00000	00.00000	01.97	00.86	-0.52	30.05	-0.03
0673	03	03.58052	03.58052	06.81	04.69	02.92	31.83	-0.04
0674	04	04.54551	04.54051	07.37	06.21	02.84	33.58	-0.04
0672	04	02.08741	02.08241	11.45	03.21	02.92	30.12	-0.04
0475	01	01.02756	01.02756	00.82	01.28	-0.66	35.24	-0.01
