RAW	190703	123105	011817	03
GEOM1	06.43	00.09	13.747753	0.150447	46.527247	0.160004	26.50	21.87	96.06	10.19	02.24	-2
GEOM2	06.50	00.16	13.692760	0.149435	46.531946	0.120176	69.36	768.46	92.05	10.81	-001.854	0009.343	00.00	-3
LDF	13.565034	0.095300	46.527118	0.150535	1445888.2	0457239.5	883.60	01.12	-1
GLDF	06.46	00.09	13.564704	0.087380	46.503607	0.178933	27.39	16.76	94.53	08.08	1382954.6	1392587.6	103.72	05.63	-1
0472	04	06.44180	06.44180	12.18	09.75	-0.52	30.05	-0.03
0675	01	01.14865	01.15365	03.43	00.74	02.84	35.32	-0.04
0873	01	00.00000	00.00000	02.35	00.82	06.42	31.99	-0.03
0672	04	06.44140	06.43640	14.34	15.66	02.92	30.12	-0.04
0572	02	04.56377	04.56377	04.25	04.50	01.20	30.14	-0.04
0572	04	06.54742	06.54742	01.56	01.86	01.20	30.14	-0.04
