RAW	190705	230606	116294	03
GEOM1	06.99	00.08	12.615597	0.150001	51.239624	0.149998	16.76	04.66	42.25	27.64	00.00	-2
GEOM2	07.07	00.55	12.615616	0.149653	51.239639	0.149651	14.31	17.10	44.86	33.30	0001.002	0023.518	00.00	-3
LDF	12.613339	0.068858	51.150233	0.183270	0183896.4	0100838.4	06.85	03.28	00
GLDF	06.95	00.07	12.617048	0.061778	51.077081	0.195830	16.64	03.52	41.81	23.38	0223763.4	0133436.8	09.21	04.59	00
0372	01	04.48711	04.49211	01.27	01.37	-2.24	30.01	-0.01
0673	01	00.00000	00.00000	02.98	01.19	02.92	31.83	-0.04
0575	04	07.32307	07.32307	18.52	17.78	01.13	35.27	-0.03
0873	01	07.52003	07.52003	02.60	03.44	06.42	31.99	-0.03
0474	04	06.72615	06.72615	07.58	09.39	-0.59	33.51	-0.01
0475	02	03.97724	03.97724	01.57	01.46	-0.66	35.24	-0.01
0475	04	07.00022	07.00022	04.60	06.09	-0.66	35.24	-0.01
