RAW	190724	222233	948816	02
GEOM1	00.00	00.00	0.000000	0.000000	0.000000	0.000000	00.00	00.00	00.00	00.00	1000000.00	-3
GEOM2	00.00	00.00	0.000000	0.000000	0.000000	0.000000	00.00	00.00	00.00	00.00	0000.000	0000.000	1000000.00	-3
LDF	19.683282	0.150451	49.434677	0.189430	0090278.8	0088313.4	02.32	01.99	-1
GLDF	00.00	28.41	0.000000	0.150000	0.000000	0.150000	00.00	52.57	00.00	01.41	0090278.8	0000001.4	02.32	1000000.00	-2
0673	01	00.00000	00.00000	01.82	01.07	02.92	31.83	-0.04
0777	01	08.31407	08.30407	01.76	01.91	04.48	38.84	-0.02
0973	04	02.55053	02.54053	05.23	05.70	08.07	31.96	-0.03
0874	03	03.66710	03.66210	06.29	05.36	06.35	33.66	-0.06
0974	04	01.40940	01.39441	04.13	06.27	08.06	33.70	-0.06
