RAW	190730	133345	714984	03
GEOM1	04.47	00.15	14.652669	0.149778	47.206777	0.148939	89.33	06.18	25.03	00.62	00.14	-2
GEOM2	04.47	00.16	14.651782	0.152702	47.209866	0.147733	89.38	125.72	25.06	02.71	0000.856	0005.196	00.00	-3
LDF	14.651746	  -nan	47.209827	  -nan	0000001.0	      nan	3080029242513661301568301543591991325320002728155129656616239418053929871142597753704702799370508960774710217736231881045787002344770165916182108681919718592872448.00	1000000.00	00
GLDF	04.47	 -nan	14.652669	  -nan	47.206777	  -nan	89.33	 -nan	25.03	 -nan	0000001.0	      nan	3080029242513661301568301543591991325320002728155129656616239418053929871142597753704702799370508960774710217736231881045787002344770165916182108681919718592872448.00	1000000.00	00
0673	04	05.39381	05.39381	08.60	09.92	02.92	31.83	-0.04
0976	01	00.00000	00.00000	01.70	01.40	07.99	37.16	-0.09
0975	01	07.92575	07.93074	03.12	03.23	07.99	35.38	-0.08
0672	04	04.67232	04.67232	05.63	10.52	02.92	30.12	-0.04
0572	04	03.10809	03.11309	10.77	03.78	01.20	30.14	-0.04
