RAW	190725	092358	472830	02
GEOM1	00.00	00.00	0.000000	0.000000	0.000000	0.000000	00.00	00.00	00.00	00.00	1000000.00	-3
GEOM2	00.00	00.00	0.000000	0.000000	0.000000	0.000000	00.00	00.00	00.00	00.00	0000.000	0000.000	1000000.00	-3
LDF	15.139024	0.150017	46.597027	0.150000	1492164.7	1070352.7	60.15	00.00	-2
GLDF	00.00	24.33	0.000000	0.150000	0.000000	0.150001	00.00	60.08	00.00	01.41	1492164.7	0000001.4	60.15	1000000.00	-2
0772	01	00.00000	00.00000	01.04	01.47	04.71	30.23	-0.02
0772	04	04.48194	04.48194	03.72	05.99	04.71	30.23	-0.02
1073	01	08.36091	08.36091	01.13	01.76	09.86	32.00	-0.03
0773	01	06.71197	06.71197	00.72	01.21	04.63	31.89	-0.04
0672	04	03.68403	03.68403	06.53	08.18	02.92	30.12	-0.04
0572	03	02.12328	02.12328	06.42	04.13	01.20	30.14	-0.04
