RAW	190703	073545	745079	02
GEOM1	00.00	00.00	0.000000	0.000000	0.000000	0.000000	00.00	00.00	00.00	00.00	1000000.00	-3
GEOM2	00.00	00.00	0.000000	0.000000	0.000000	0.000000	00.00	00.00	00.00	00.00	0000.000	0000.000	1000000.00	-3
LDF	14.627988	0.149975	50.011577	0.150004	0250445.2	0206263.0	08.15	00.00	-2
GLDF	00.00	24.11	0.000000	0.150000	0.000000	0.150001	00.00	77.20	00.00	01.41	0250445.2	0000001.4	08.15	1000000.00	-2
0574	04	08.74019	08.74019	05.38	03.84	01.13	33.54	-0.04
0674	04	08.95573	08.95573	17.63	07.65	02.84	33.58	-0.04
0575	02	05.78711	05.78711	16.78	08.72	01.13	35.27	-0.03
0777	01	12.35323	12.35323	01.38	01.76	04.48	38.84	-0.02
0873	01	00.00000	00.00000	01.03	01.10	06.42	31.99	-0.03
0474	02	00.21007	00.20507	01.97	02.00	-0.59	33.51	-0.01
