RAW	190726	114207	906572	03
GEOM1	04.33	00.09	12.046520	0.149904	49.757656	0.150009	31.20	07.98	16.26	17.62	00.00	-2
GEOM2	04.38	00.19	12.046546	0.138448	49.757675	0.149520	34.34	14.45	06.78	31.84	0000.490	0014.761	00.00	-3
LDF	12.034041	0.150610	49.741546	0.154573	0096830.7	0069578.7	07.77	02.56	-1
GLDF	04.32	00.09	12.024426	0.151759	49.729196	0.157215	30.15	07.06	14.36	16.76	0112375.1	0110475.0	07.83	03.77	-1
0574	04	05.18018	05.18517	06.99	03.94	01.13	33.54	-0.04
0674	02	00.97034	00.97034	00.79	02.17	02.84	33.58	-0.04
0876	01	00.00000	00.00000	11.18	18.22	06.27	37.12	-0.05
0573	04	05.08341	05.08341	05.28	05.62	01.13	31.81	-0.04
0474	04	04.18363	04.18862	37.34	36.13	-0.59	33.51	-0.01
