RAW	190727	235457	518904	01
GEOM1	00.00	00.00	0.000000	0.000000	0.000000	0.000000	00.00	00.00	00.00	00.00	1000000.00	-4
GEOM2	00.00	00.00	0.000000	0.000000	0.000000	0.000000	00.00	00.00	00.00	00.00	0000.000	0000.000	1000000.00	-4
LDF	20.158870	0.184555	55.328500	0.179565	0000001.0	0061803.7	02.39	1000000.00	-3
GLDF	00.00	44.05	0.000000	0.150000	0.000000	0.150000	00.00	88.21	00.00	01.41	0000001.0	0000001.4	00.00	1000000.00	-4
0772	01	00.00000	00.00000	01.36	00.97	04.71	30.23	-0.02
0977	04	06.06103	06.05603	07.31	05.65	07.92	38.89	-0.09
0976	02	03.47259	03.47259	15.20	09.87	07.99	37.16	-0.09
0975	02	06.12393	06.11894	05.99	06.22	07.99	35.38	-0.08
0573	01	11.53794	11.52794	00.58	01.16	01.13	31.81	-0.04
0475	01	04.16514	04.15515	01.42	01.43	-0.66	35.24	-0.01
