RAW	190706	190209	601322	02
GEOM1	00.00	00.00	0.000000	0.000000	0.000000	0.000000	00.00	00.00	00.00	00.00	1000000.00	-3
GEOM2	00.00	00.00	0.000000	0.000000	0.000000	0.000000	00.00	00.00	00.00	00.00	0000.000	0000.000	1000000.00	-3
LDF	14.349229	0.065442	46.568895	0.150779	0070709.5	0026202.1	01.95	00.38	-1
GLDF	00.00	22.40	0.000000	0.150000	0.000000	0.150001	00.00	64.57	00.00	01.41	0070709.5	0000001.4	01.95	1000000.00	-2
0472	02	07.17850	07.17850	04.53	05.79	-0.52	30.05	-0.03
0673	02	00.00000	00.00000	01.54	01.30	02.92	31.83	-0.04
0873	01	06.11998	06.11998	00.66	01.12	06.42	31.99	-0.03
0672	04	05.00434	05.00434	08.44	09.08	02.92	30.12	-0.04
0572	04	05.12998	05.12498	06.52	06.34	01.20	30.14	-0.04
