RAW	190720	105549	191545	02
GEOM1	00.00	00.00	0.000000	0.000000	0.000000	0.000000	00.00	00.00	00.00	00.00	1000000.00	-3
GEOM2	00.00	00.00	0.000000	0.000000	0.000000	0.000000	00.00	00.00	00.00	00.00	0000.000	0000.000	1000000.00	-3
LDF	12.297592	0.166789	47.101281	0.168950	0077154.5	0084473.2	02.07	01.94	-1
GLDF	00.00	23.97	0.000000	0.150000	0.000000	0.150000	00.00	65.87	00.00	01.41	0077154.5	0000001.4	02.07	1000000.00	-2
0472	04	01.76322	01.76822	06.41	10.18	-0.52	30.05	-0.03
1076	01	00.00000	00.00000	05.96	05.45	09.70	37.20	-0.12
0975	01	02.69728	02.69728	00.61	00.92	07.99	35.38	-0.08
0573	04	00.75625	00.75625	04.66	03.46	01.13	31.81	-0.04
0473	02	04.04249	04.04249	07.20	03.99	-0.52	31.76	-0.03
