RAW	190721	103217	072159	03
GEOM1	01.13	00.15	12.925077	0.150332	46.790015	0.149069	78.97	02.81	33.91	00.92	00.00	-2
GEOM2	01.13	00.19	12.925058	0.128648	46.789993	0.139124	79.51	28.46	34.01	12.34	0000.810	0017.071	00.00	-3
LDF	12.755670	0.135885	47.082117	0.115558	0000000.0	0000000.0	03.21	11.63	00
GLDF	01.16	00.15	12.741339	0.129637	47.096249	0.103876	79.83	02.27	34.69	00.58	0000000.0	0000000.0	03.45	13.88	00
0472	04	00.00000	00.00000	11.43	06.41	-0.52	30.05	-0.03
0876	01	07.64405	07.64405	00.90	01.29	06.27	37.12	-0.05
0573	04	02.32733	02.33233	04.76	03.87	01.13	31.81	-0.04
0672	02	06.42850	06.42351	04.24	01.62	02.92	30.12	-0.04
0572	04	01.44968	01.44968	15.34	18.65	01.20	30.14	-0.04
