RAW	190718	153015	577365	02
GEOM1	00.00	00.00	0.000000	0.000000	0.000000	0.000000	00.00	00.00	00.00	00.00	1000000.00	-3
GEOM2	00.00	00.00	0.000000	0.000000	0.000000	0.000000	00.00	00.00	00.00	00.00	0000.000	0000.000	1000000.00	-3
LDF	14.169920	0.077708	51.736572	0.150860	0050048.7	0022863.5	01.46	00.40	-1
GLDF	00.00	28.47	0.000000	0.150000	0.000000	0.150000	00.00	68.36	00.00	01.41	0050048.7	0000001.4	01.46	1000000.00	-2
0472	01	02.46275	02.46275	01.60	02.06	-0.52	30.05	-0.03
0574	02	05.34189	05.34689	11.11	11.46	01.13	33.54	-0.04
0673	01	05.82430	05.81931	00.40	00.97	02.92	31.83	-0.04
0575	04	02.36967	02.36967	07.84	05.01	01.13	35.27	-0.03
0675	04	02.16790	02.17289	04.30	04.92	02.84	35.32	-0.04
0773	01	00.00000	00.00000	01.98	01.20	04.63	31.89	-0.04
