RAW	190713	200023	125959	02
GEOM1	00.00	00.00	0.000000	0.000000	0.000000	0.000000	00.00	00.00	00.00	00.00	1000000.00	-3
GEOM2	00.00	00.00	0.000000	0.000000	0.000000	0.000000	00.00	00.00	00.00	00.00	-025.106	0003.004	1000000.00	-3
LDF	15.207544	0.108355	46.615275	0.149977	1214005.1	0523387.4	47.99	00.00	-1
GLDF	00.00	26.21	0.000000	0.150000	0.000000	0.150001	00.00	66.45	00.00	01.41	1214005.1	0000001.4	47.99	1000000.00	-2
0772	04	05.15348	05.15348	03.80	05.59	04.71	30.23	-0.02
0974	01	00.00000	00.00000	01.27	01.04	08.06	33.70	-0.06
0672	02	02.53474	02.53474	11.13	08.90	02.92	30.12	-0.04
0672	03	06.85185	06.85185	01.93	01.73	02.92	30.12	-0.04
0572	04	05.32477	05.32477	04.14	04.96	01.20	30.14	-0.04
