RAW	190725	141048	413065	02
GEOM1	00.00	00.00	0.000000	0.000000	0.000000	0.000000	00.00	00.00	00.00	00.00	1000000.00	-3
GEOM2	00.00	00.00	0.000000	0.000000	0.000000	0.000000	00.00	00.00	00.00	00.00	0000.000	0000.000	1000000.00	-3
LDF	13.903718	0.150190	47.455637	0.074423	0159490.3	0075646.1	04.19	01.22	-1
GLDF	00.00	21.14	0.000000	0.150000	0.000000	0.150000	00.00	59.95	00.00	01.41	0159490.3	0000001.4	04.19	1000000.00	-2
0673	03	00.00000	00.00000	08.23	06.58	02.92	31.83	-0.04
0676	01	03.63623	03.63623	00.97	01.19	02.77	37.09	-0.03
1073	01	03.78974	03.78974	02.54	01.59	09.86	32.00	-0.03
0573	04	02.36701	02.36701	07.20	10.41	01.13	31.81	-0.04
0572	04	01.39943	01.39943	12.20	08.72	01.20	30.14	-0.04
