RAW	190720	224344	658881	02
GEOM1	00.00	00.00	0.000000	0.000000	0.000000	0.000000	00.00	00.00	00.00	00.00	1000000.00	-3
GEOM2	00.00	00.00	0.000000	0.000000	0.000000	0.000000	00.00	00.00	00.00	00.00	0000.000	0000.000	1000000.00	-3
LDF	10.853071	0.068593	46.467329	0.150017	0055241.7	0021611.7	01.61	00.02	-1
GLDF	00.00	23.62	0.000000	0.150000	0.000000	0.150001	00.00	91.76	00.00	01.41	0055241.7	0000001.4	01.61	1000000.00	-2
0372	04	07.34646	07.34646	03.53	08.31	-2.24	30.01	-0.01
0472	04	08.93855	08.94354	06.46	04.51	-0.52	30.05	-0.03
0876	01	14.81861	14.82360	03.14	01.16	06.27	37.12	-0.05
0475	01	00.00000	00.00000	01.33	00.96	-0.66	35.24	-0.01
0572	02	06.85623	06.85623	16.69	08.57	01.20	30.14	-0.04
