RAW	190717	031357	786361	03
GEOM1	00.16	00.09	14.407240	0.150000	46.958134	0.149989	21.00	09.46	263.93	13.09	00.00	-2
GEOM2	00.24	09.48	14.407246	0.150009	46.958138	0.150007	18.67	249.04	257.40	780.56	0000.991	0365.559	00.00	-3
LDF	14.425083	0.067296	46.989753	0.160140	0091988.9	0041357.7	03.24	02.58	00
GLDF	00.14	00.08	14.427124	0.057863	47.008647	0.167959	20.86	07.86	264.81	10.76	0095883.0	0054024.5	03.55	03.78	00
1073	01	04.88691	04.89191	01.15	01.37	09.86	32.00	-0.03
0573	04	00.00000	00.00000	07.33	04.23	01.13	31.81	-0.04
0872	01	02.66883	02.67383	03.82	01.81	06.35	30.23	00.01
0672	04	00.36731	00.37231	13.53	14.85	02.92	30.12	-0.04
0572	04	00.49128	00.49627	04.71	05.00	01.20	30.14	-0.04
