RAW	190705	124315	127808	02
GEOM1	00.00	00.00	0.000000	0.000000	0.000000	0.000000	00.00	00.00	00.00	00.00	1000000.00	-3
GEOM2	00.00	00.00	0.000000	0.000000	0.000000	0.000000	00.00	00.00	00.00	00.00	0000.000	0000.000	1000000.00	-3
LDF	15.159273	0.149999	47.954116	0.149986	0132255.0	0155366.7	03.31	00.00	-2
GLDF	00.00	28.92	0.000000	0.150000	0.000000	0.150000	00.00	64.97	00.00	01.41	0132255.0	0000001.4	03.31	1000000.00	-2
0673	04	02.91436	02.90936	08.96	04.25	02.92	31.83	-0.04
0474	01	01.40530	01.40031	02.81	02.67	-0.59	33.51	-0.01
0672	02	00.45717	00.45218	10.64	14.78	02.92	30.12	-0.04
0672	04	02.24098	02.23099	01.54	01.48	02.92	30.12	-0.04
0572	02	00.00000	00.00000	07.98	04.73	01.20	30.14	-0.04
