RAW	190701	195612	710828	02
GEOM1	00.00	00.00	0.000000	0.000000	0.000000	0.000000	00.00	00.00	00.00	00.00	1000000.00	-3
GEOM2	00.00	00.00	0.000000	0.000000	0.000000	0.000000	00.00	00.00	00.00	00.00	0000.000	0000.000	1000000.00	-3
LDF	12.494217	0.116507	49.117777	0.117545	0439342.7	0132505.4	15.77	00.09	-1
GLDF	00.00	21.90	0.000000	0.150000	0.000000	0.150001	00.00	80.43	00.00	01.41	0439342.7	0000001.4	15.77	1000000.00	-2
0574	02	04.86418	04.85918	05.11	04.69	01.13	33.54	-0.04
0876	01	07.60611	07.60611	01.77	01.12	06.27	37.12	-0.05
0676	01	00.00000	00.00000	01.81	01.66	02.77	37.09	-0.03
0573	04	08.05177	08.05677	14.31	04.47	01.13	31.81	-0.04
0474	04	08.01548	08.01548	12.00	08.90	-0.59	33.51	-0.01
0475	01	05.21248	05.21248	00.93	01.56	-0.66	35.24	-0.01
