RAW	190719	020327	104811	03
GEOM1	02.08	00.14	13.654548	0.149981	47.335515	0.150119	64.95	04.63	137.96	02.06	00.00	-2
GEOM2	02.09	00.26	13.654562	0.143903	47.335501	0.144445	62.16	42.20	136.53	22.51	0000.496	0013.325	00.00	-3
LDF	13.601420	0.135595	47.243420	0.107400	0000127.7	0000036.6	06.59	01.71	00
GLDF	02.06	00.14	13.592621	0.134261	47.231510	0.103201	66.08	04.66	138.74	01.78	0000084.1	0000156.5	06.73	02.18	00
0472	02	00.00000	00.00000	03.42	02.96	-0.52	30.05	-0.03
0673	04	01.75740	01.75240	03.11	03.40	02.92	31.83	-0.04
0873	01	02.22300	02.22300	02.30	00.80	06.42	31.99	-0.03
1073	01	00.50511	00.49511	01.12	02.09	09.86	32.00	-0.03
0573	04	02.86043	02.85543	09.24	05.68	01.13	31.81	-0.04
0572	04	01.79505	01.79005	15.58	10.57	01.20	30.14	-0.04
0572	01	06.31198	06.30698	00.97	00.95	01.20	30.14	-0.04
