RAW	190719	092001	400918	02
GEOM1	00.00	00.00	0.000000	0.000000	0.000000	0.000000	00.00	00.00	00.00	00.00	1000000.00	-3
GEOM2	00.00	00.00	0.000000	0.000000	0.000000	0.000000	00.00	00.00	00.00	00.00	0000.000	0000.000	1000000.00	-3
LDF	17.167850	0.150006	48.048386	0.149995	2170634.1	1553087.6	90.67	00.00	-2
GLDF	00.00	20.75	0.000000	0.150000	0.000000	0.150001	00.00	60.90	00.00	01.41	2170634.1	0000001.4	90.67	1000000.00	-2
0772	02	06.44913	06.45413	05.80	09.57	04.71	30.23	-0.02
0676	01	00.00000	00.00000	03.20	00.95	02.77	37.09	-0.03
0473	01	14.94850	14.93851	01.16	01.95	-0.52	31.76	-0.03
0773	04	08.93147	08.93147	27.33	17.42	04.63	31.89	-0.04
0872	04	08.97962	08.97962	04.24	04.90	06.35	30.23	00.01
