RAW	190708	142511	913074	02
GEOM1	00.00	00.00	0.000000	0.000000	0.000000	0.000000	00.00	00.00	00.00	00.00	1000000.00	-3
GEOM2	00.00	00.00	0.000000	0.000000	0.000000	0.000000	00.00	00.00	00.00	00.00	0000.000	0000.000	1000000.00	-3
LDF	15.613344	0.148786	47.306448	0.073409	0123085.8	0058425.3	03.06	00.17	-1
GLDF	00.00	22.59	0.000000	0.150000	0.000000	0.150000	00.00	54.68	00.00	01.41	0123085.8	0000001.4	03.06	1000000.00	-2
0673	04	00.00000	00.00000	04.23	04.48	02.92	31.83	-0.04
0876	01	01.68915	01.69415	02.76	01.96	06.27	37.12	-0.05
0874	01	05.91314	05.91314	01.04	01.69	06.35	33.66	-0.06
0676	01	08.26030	08.26030	01.44	01.37	02.77	37.09	-0.03
0773	03	02.34220	02.33720	06.56	05.64	04.63	31.89	-0.04
0672	04	00.66910	00.66910	16.76	07.94	02.92	30.12	-0.04
