RAW	190703	083023	331656	02
GEOM1	00.00	00.00	0.000000	0.000000	0.000000	0.000000	00.00	00.00	00.00	00.00	1000000.00	-3
GEOM2	00.00	00.00	0.000000	0.000000	0.000000	0.000000	00.00	00.00	00.00	00.00	0000.000	0000.000	1000000.00	-3
LDF	19.201180	0.135405	56.517041	0.139526	0169109.2	0108122.4	04.55	00.20	-1
GLDF	00.00	37.67	0.000000	0.150000	0.000000	0.150000	00.00	70.91	00.00	01.41	0169109.2	0000001.4	04.55	1000000.00	-2
0472	01	10.67430	10.67430	02.36	02.32	-0.52	30.05	-0.03
0978	04	07.64973	07.64973	04.83	05.73	07.91	40.63	-0.05
0878	03	05.71216	05.71216	05.16	04.31	06.34	40.13	-0.02
0877	02	04.93301	04.93301	09.02	06.33	06.20	38.86	-0.05
0877	04	05.72749	05.72249	01.68	02.92	06.20	38.86	-0.05
0773	01	00.00000	00.00000	00.72	01.24	04.63	31.89	-0.04
