RAW	190708	111051	925064	02
GEOM1	00.00	00.00	0.000000	0.000000	0.000000	0.000000	00.00	00.00	00.00	00.00	1000000.00	-3
GEOM2	00.00	00.00	0.000000	0.000000	0.000000	0.000000	00.00	00.00	00.00	00.00	0000.000	0000.000	1000000.00	-3
LDF	18.630216	0.149918	47.558715	0.075886	0048561.9	0021208.0	01.41	00.00	-1
GLDF	00.00	28.05	0.000000	0.150000	0.000000	0.150001	00.00	59.58	00.00	01.41	0048561.9	0000001.4	01.41	1000000.00	-2
0777	01	04.79807	04.79807	01.28	01.40	04.48	38.84	-0.02
0873	04	04.90762	04.90262	04.48	04.65	06.42	31.99	-0.03
0874	02	03.14374	03.14374	09.24	13.71	06.35	33.66	-0.06
0773	01	00.00000	00.00000	01.04	00.97	04.63	31.89	-0.04
0872	04	05.59225	05.59225	04.18	04.70	06.35	30.23	00.01
