RAW	190730	054059	993868	02
GEOM1	00.00	00.00	0.000000	0.000000	0.000000	0.000000	00.00	00.00	00.00	00.00	1000000.00	-3
GEOM2	00.00	00.00	0.000000	0.000000	0.000000	0.000000	00.00	00.00	00.00	00.00	0000.000	0000.000	1000000.00	-3
LDF	14.481790	0.168849	50.618230	0.168129	0077811.0	0085484.8	02.09	01.87	-1
GLDF	00.00	27.23	0.000000	0.150000	0.000000	0.150000	00.00	66.18	00.00	01.41	0077811.0	0000001.4	02.09	1000000.00	-2
0674	04	02.43019	02.43518	08.83	07.10	02.84	33.58	-0.04
0575	04	01.93055	01.93555	03.92	04.01	01.13	35.27	-0.03
0675	02	00.00000	00.00000	13.04	11.67	02.84	35.32	-0.04
0977	01	01.30904	01.31404	01.04	01.18	07.92	38.89	-0.09
0475	01	03.40313	03.40813	01.37	01.42	-0.66	35.24	-0.01
