RAW	190720	171338	745721	03
GEOM1	01.53	00.11	13.930644	0.149890	53.030161	0.150005	41.45	04.24	155.44	06.25	00.00	-2
GEOM2	01.59	00.42	13.930633	0.147016	53.030165	0.149276	38.43	20.27	158.63	22.04	0000.696	0014.909	00.00	-3
LDF	14.017577	0.196838	53.008458	0.165978	0005453.8	0005240.5	00.67	04.84	00
GLDF	01.41	00.11	14.134802	0.163795	53.005489	0.191959	39.35	04.48	156.33	06.55	0011524.0	0012188.6	01.50	06.66	00
0576	04	02.06957	02.07957	07.05	05.81	01.05	37.01	-0.02
0575	02	00.00000	00.00000	00.85	02.39	01.13	35.27	-0.03
0575	04	01.67386	01.67885	04.21	04.50	01.13	35.27	-0.03
0878	01	02.44848	02.45847	02.07	01.38	06.34	40.13	-0.02
0676	04	01.11629	01.12129	05.55	06.47	02.77	37.09	-0.03
