RAW	190703	150223	679218	03
GEOM1	00.89	00.13	21.407016	0.150023	47.204113	0.149982	59.33	02.59	280.64	01.54	00.00	-2
GEOM2	00.90	00.35	21.407034	0.149406	47.204147	0.142255	59.05	18.15	280.45	05.66	0001.003	0022.043	00.00	-3
LDF	21.189011	0.071077	47.221512	0.151818	0002497.3	0000600.9	30.48	05.13	00
GLDF	00.82	00.13	21.174491	0.058318	47.239155	0.154200	59.61	02.88	279.91	01.15	0002393.4	0002006.8	32.51	06.22	00
0978	01	08.53909	08.53909	02.05	02.43	07.91	40.63	-0.05
0975	01	04.57752	04.57752	04.49	01.63	07.99	35.38	-0.08
0972	04	01.20756	01.20756	19.60	17.71	08.14	30.22	00.02
1073	04	00.00000	00.00000	15.83	11.32	09.86	32.00	-0.03
1072	04	01.40803	01.41302	16.03	11.83	09.86	30.29	00.00
