RAW	190719	111114	314976	02
GEOM1	00.00	00.00	0.000000	0.000000	0.000000	0.000000	00.00	00.00	00.00	00.00	1000000.00	-3
GEOM2	00.00	00.00	0.000000	0.000000	0.000000	0.000000	00.00	00.00	00.00	00.00	0000.000	0000.000	1000000.00	-3
LDF	13.342608	0.150000	51.771840	0.150024	1205361.2	0845320.7	47.61	00.00	-2
GLDF	00.00	30.27	0.000000	0.150000	0.000000	0.150001	00.00	83.35	00.00	01.41	1205361.2	0000001.4	47.61	1000000.00	-2
0574	03	05.87167	05.88166	05.90	04.38	01.13	33.54	-0.04
0576	04	06.58465	06.58965	04.49	06.69	01.05	37.01	-0.02
0575	04	06.71593	06.72092	03.61	04.34	01.13	35.27	-0.03
0878	01	13.55164	13.55663	02.07	01.81	06.34	40.13	-0.02
0873	01	00.00000	00.00000	01.06	01.37	06.42	31.99	-0.03
