RAW	190724	150606	301538	02
GEOM1	00.00	00.00	0.000000	0.000000	0.000000	0.000000	00.00	00.00	00.00	00.00	1000000.00	-3
GEOM2	00.00	00.00	0.000000	0.000000	0.000000	0.000000	00.00	00.00	00.00	00.00	0000.000	0000.000	1000000.00	-3
LDF	17.541059	0.134755	54.497756	0.136070	0200496.3	0117697.8	05.84	00.62	-1
GLDF	00.00	33.09	0.000000	0.150000	0.000000	0.150000	00.00	64.18	00.00	01.41	0200496.3	0000001.4	05.84	1000000.00	-2
0777	04	02.13105	02.13105	04.29	06.44	04.48	38.84	-0.02
0876	04	02.59130	02.59130	04.53	03.25	06.27	37.12	-0.05
0776	02	00.00000	00.00000	06.56	07.47	04.49	37.09	-0.04
1073	01	03.49092	03.49092	01.12	01.38	09.86	32.00	-0.03
0573	01	07.71763	07.71763	01.26	01.54	01.13	31.81	-0.04
