RAW	190710	003930	500734	02
GEOM1	00.00	00.00	0.000000	0.000000	0.000000	0.000000	00.00	00.00	00.00	00.00	1000000.00	-3
GEOM2	00.00	00.00	0.000000	0.000000	0.000000	0.000000	00.00	00.00	00.00	00.00	0000.000	0000.000	1000000.00	-3
LDF	19.695047	0.174963	47.369242	0.176091	0159800.3	0167866.4	04.20	01.73	-1
GLDF	00.00	25.82	0.000000	0.150000	0.000000	0.150001	00.00	59.22	00.00	01.41	0159800.3	0000001.4	04.20	1000000.00	-2
0772	02	13.53315	13.53315	02.85	00.86	04.71	30.23	-0.02
0873	04	07.83968	07.83469	03.76	05.20	06.42	31.99	-0.03
0972	04	07.84279	07.83780	10.30	05.48	08.14	30.22	00.02
0872	02	04.61808	04.61308	11.46	06.95	06.35	30.23	00.01
0672	02	00.00000	00.00000	06.89	02.86	02.92	30.12	-0.04
