RAW	190724	100837	691223	04
GEOM1	00.32	00.14	18.764429	0.149998	53.838819	0.149606	68.45	01.72	35.69	01.67	00.10	-1
GEOM2	00.32	00.14	18.764462	0.150070	53.838729	0.147654	68.12	05.37	35.67	03.91	0001.664	0003.104	00.00	-2
LDF	18.746325	0.145772	53.855232	0.135390	0000040.3	0000012.0	11.67	00.36	00
GLDF	00.32	00.01	18.747523	0.065888	53.865161	0.103202	68.51	01.35	35.78	01.36	0000038.8	0000031.3	11.50	00.66	01
0673	01	06.58472	06.58472	01.59	00.98	02.92	31.83	-0.04
0977	04	02.23200	02.22700	09.03	09.69	07.92	38.89	-0.09
0876	05	00.00000	00.00000	86.08	67.77	06.27	37.12	-0.05
0976	04	01.37373	01.37872	07.02	03.80	07.99	37.16	-0.09
0877	04	00.94656	00.94656	04.55	07.58	06.20	38.86	-0.05
