RAW	190727	015739	450877	03
GEOM1	00.77	00.12	14.856998	0.150046	47.603147	0.150204	49.78	02.19	100.07	05.01	00.00	-2
GEOM2	00.79	00.26	14.857005	0.149209	47.603149	0.139769	49.84	03.95	102.67	27.38	0000.636	0016.355	00.00	-3
LDF	14.851715	0.148049	47.643853	0.086732	0004267.0	0001974.2	02.65	03.41	00
GLDF	00.80	00.08	14.843675	0.149655	47.648151	0.087631	49.76	01.86	99.74	04.02	0004340.5	0002378.1	02.70	05.03	00
0576	01	07.38828	07.38828	01.27	01.08	01.05	37.01	-0.02
0673	04	01.26838	01.26838	09.66	35.65	02.92	31.83	-0.04
0674	01	04.56728	04.56728	01.33	01.22	02.84	33.58	-0.04
0672	04	00.00000	00.00000	05.01	11.16	02.92	30.12	-0.04
0572	04	00.32083	00.32083	08.89	04.25	01.20	30.14	-0.04
