RAW	190720	044938	396891	02
GEOM1	00.00	00.00	0.000000	0.000000	0.000000	0.000000	00.00	00.00	00.00	00.00	1000000.00	-3
GEOM2	00.00	00.00	0.000000	0.000000	0.000000	0.000000	00.00	00.00	00.00	00.00	0000.000	0000.000	1000000.00	-3
LDF	19.928070	0.154260	54.327520	0.082221	0140506.6	0066578.5	03.56	03.26	-1
GLDF	00.00	24.20	0.000000	0.150000	0.000000	0.150000	00.00	51.01	00.00	01.41	0140506.6	0000001.4	03.56	1000000.00	-2
0772	01	00.00000	00.00000	01.61	01.81	04.71	30.23	-0.02
0977	04	03.58942	03.57943	10.24	08.69	07.92	38.89	-0.09
0876	03	05.50486	05.49986	04.79	05.06	06.27	37.12	-0.05
0976	04	02.66942	02.66442	20.04	17.59	07.99	37.16	-0.09
0975	01	06.94242	06.93743	01.34	01.40	07.99	35.38	-0.08
0773	01	05.36928	05.36428	02.20	01.44	04.63	31.89	-0.04
0672	01	05.29076	05.28577	01.82	01.14	02.92	30.12	-0.04
