RAW	190703	105345	367086	02
GEOM1	00.00	00.00	0.000000	0.000000	0.000000	0.000000	00.00	00.00	00.00	00.00	1000000.00	-3
GEOM2	00.00	00.00	0.000000	0.000000	0.000000	0.000000	00.00	00.00	00.00	00.00	0000.000	0000.000	1000000.00	-3
LDF	16.724168	0.122940	46.623101	0.150560	1236779.4	0602213.9	48.97	00.63	-1
GLDF	00.00	24.53	0.000000	0.150000	0.000000	0.150001	00.00	60.32	00.00	01.41	1236779.4	0000001.4	48.97	1000000.00	-2
0772	03	04.47636	04.47636	02.96	03.24	04.71	30.23	-0.02
1075	01	05.86036	05.85536	00.76	01.71	09.78	35.47	-0.10
0474	01	00.00000	00.00000	02.14	02.12	-0.59	33.51	-0.01
0872	04	05.94113	05.93613	03.66	06.31	06.35	30.23	00.01
0672	04	04.58703	04.58703	09.26	05.10	02.92	30.12	-0.04
