RAW	190713	125732	482322	02
GEOM1	00.00	00.00	0.000000	0.000000	0.000000	0.000000	00.00	00.00	00.00	00.00	1000000.00	-3
GEOM2	00.00	00.00	0.000000	0.000000	0.000000	0.000000	00.00	00.00	00.00	00.00	0000.000	0000.000	1000000.00	-3
LDF	14.296049	0.150178	52.321689	0.180452	0169115.5	0152715.4	04.55	03.80	-1
GLDF	00.00	27.64	0.000000	0.150000	0.000000	0.150000	00.00	69.58	00.00	01.41	0169115.5	0000001.4	04.55	1000000.00	-2
0576	04	01.45222	01.46221	10.32	06.66	01.05	37.01	-0.02
0575	04	01.91056	01.91056	03.95	05.43	01.13	35.27	-0.03
0675	03	03.83740	03.84239	09.51	21.51	02.84	35.32	-0.04
0776	02	01.31670	01.32670	11.99	05.52	04.49	37.09	-0.04
0676	01	00.00000	00.00000	00.78	01.55	02.77	37.09	-0.03
