RAW	190724	085853	168929	02
GEOM1	00.00	00.00	0.000000	0.000000	0.000000	0.000000	00.00	00.00	00.00	00.00	1000000.00	-3
GEOM2	00.00	00.00	0.000000	0.000000	0.000000	0.000000	00.00	00.00	00.00	00.00	0000.000	0000.000	1000000.00	-3
LDF	14.268858	0.058726	50.003733	0.150552	0087756.5	0028553.9	02.27	00.31	-1
GLDF	00.00	23.22	0.000000	0.150000	0.000000	0.150001	00.00	69.70	00.00	01.41	0087756.5	0000001.4	02.27	1000000.00	-2
0574	04	06.36453	06.36453	08.18	07.90	01.13	33.54	-0.04
0674	04	06.09637	06.10137	15.14	06.06	02.84	33.58	-0.04
0876	01	03.99587	03.99587	02.06	01.13	06.27	37.12	-0.05
0474	02	04.29090	04.29090	05.05	05.15	-0.59	33.51	-0.01
0475	02	00.00000	00.00000	01.40	02.17	-0.66	35.24	-0.01
