RAW	190723	045713	892298	02
GEOM1	00.00	00.00	0.000000	0.000000	0.000000	0.000000	00.00	00.00	00.00	00.00	1000000.00	-3
GEOM2	00.00	00.00	0.000000	0.000000	0.000000	0.000000	00.00	00.00	00.00	00.00	0000.000	0000.000	1000000.00	-3
LDF	12.356754	0.105909	51.693890	0.153053	0060908.9	0038694.4	01.75	01.38	-1
GLDF	00.00	26.50	0.000000	0.150000	0.000000	0.150001	00.00	87.28	00.00	01.41	0060908.9	0000001.4	01.75	1000000.00	-2
0574	02	04.88740	04.88240	06.55	04.58	01.13	33.54	-0.04
0575	04	07.60455	07.59955	03.95	05.59	01.13	35.27	-0.03
0874	01	02.61782	02.61782	02.37	02.35	06.35	33.66	-0.06
0473	01	03.40185	03.38686	01.11	00.94	-0.52	31.76	-0.03
0672	01	00.00000	00.00000	01.77	01.73	02.92	30.12	-0.04
0475	01	05.29976	05.29476	00.82	01.53	-0.66	35.24	-0.01
0475	04	08.00796	07.99796	05.54	12.02	-0.66	35.24	-0.01
