RAW	190719	163520	983064	02
GEOM1	00.00	00.00	0.000000	0.000000	0.000000	0.000000	00.00	00.00	00.00	00.00	1000000.00	-3
GEOM2	00.00	00.00	0.000000	0.000000	0.000000	0.000000	00.00	00.00	00.00	00.00	0000.000	0000.000	1000000.00	-3
LDF	20.698352	0.163124	51.017718	0.151546	0087613.7	0082020.0	02.27	02.11	-1
GLDF	00.00	30.79	0.000000	0.150000	0.000000	0.150000	00.00	59.54	00.00	01.41	0087613.7	0000001.4	02.27	1000000.00	-2
0675	01	04.00336	04.00836	03.72	01.88	02.84	35.32	-0.04
1075	04	07.10993	07.10993	05.10	03.89	09.78	35.47	-0.10
0974	02	00.00000	00.00000	02.33	00.81	08.06	33.70	-0.06
0974	03	07.87962	07.87462	11.33	08.00	08.06	33.70	-0.06
0975	04	05.44622	05.44622	03.68	08.32	07.99	35.38	-0.08
