RAW	190701	080812	125581	02
GEOM1	00.00	00.00	0.000000	0.000000	0.000000	0.000000	00.00	00.00	00.00	00.00	1000000.00	-3
GEOM2	00.00	00.00	0.000000	0.000000	0.000000	0.000000	00.00	00.00	00.00	00.00	0000.000	0000.000	1000000.00	-3
LDF	17.286852	0.147516	49.401525	0.071010	0224400.9	0101563.0	06.93	00.01	-1
GLDF	01.54	05.17	12.939788	0.083232	51.620364	0.179386	01.29	01.25	292.52	03.03	1406643205.6	2349165.0	108835.03	1000000.00	-2
0774	04	02.44763	02.44763	28.06	29.28	04.56	33.62	-0.05
0774	02	06.46989	06.46989	01.59	01.44	04.56	33.62	-0.05
0873	03	00.00000	00.00000	12.97	10.81	06.42	31.99	-0.03
0676	01	02.76429	02.75930	00.85	01.48	02.77	37.09	-0.03
0773	04	03.25180	03.25180	03.14	09.67	04.63	31.89	-0.04
