RAW	190716	094026	466027	02
GEOM1	00.00	00.00	0.000000	0.000000	0.000000	0.000000	00.00	00.00	00.00	00.00	1000000.00	-3
GEOM2	00.00	00.00	0.000000	0.000000	0.000000	0.000000	00.00	00.00	00.00	00.00	0000.000	0000.000	1000000.00	-3
LDF	12.417731	0.084247	51.695149	0.150692	0051474.2	0025254.0	01.50	00.34	-1
GLDF	00.00	29.38	0.000000	0.150000	0.000000	0.150000	00.00	75.13	00.00	01.41	0051474.2	0000001.4	01.50	1000000.00	-2
0575	04	01.96513	01.96513	03.40	04.70	01.13	35.27	-0.03
1075	01	00.00000	00.00000	01.39	00.65	09.78	35.47	-0.10
0676	02	05.23221	05.22222	00.89	02.84	02.77	37.09	-0.03
0474	02	04.92951	04.92451	07.04	07.97	-0.59	33.51	-0.01
0475	04	02.33610	02.33610	06.71	04.18	-0.66	35.24	-0.01
