RAW	190728	113137	754233	03
GEOM1	07.80	00.15	15.678121	0.149852	48.955369	0.150170	72.57	03.95	63.72	01.45	00.00	-2
GEOM2	07.83	00.15	15.678105	0.138261	48.955354	0.117057	76.59	29.64	63.02	05.73	0000.130	0006.573	00.00	-3
LDF	15.691193	0.149679	48.956349	0.151406	0000001.5	0000000.5	02.69	01.10	00
GLDF	07.81	00.14	15.678698	0.148873	48.957756	0.149332	73.88	01.00	63.53	01.02	0000000.5	0000000.5	03.05	00.23	00
0673	04	07.01762	07.01263	05.78	05.43	02.92	31.83	-0.04
0674	04	08.50329	08.50329	06.77	07.36	02.84	33.58	-0.04
0978	01	03.10608	03.10608	01.06	01.34	07.91	40.63	-0.05
0676	01	00.00000	00.00000	02.89	02.20	02.77	37.09	-0.03
1072	01	01.98440	01.98440	01.09	01.60	09.86	30.29	00.00
0773	04	07.82473	07.82972	03.79	08.04	04.63	31.89	-0.04
