RAW	190719	104121	258037	02
GEOM1	00.00	00.00	0.000000	0.000000	0.000000	0.000000	00.00	00.00	00.00	00.00	1000000.00	-3
GEOM2	00.00	00.00	0.000000	0.000000	0.000000	0.000000	00.00	00.00	00.00	00.00	0000.000	0000.000	1000000.00	-3
LDF	13.066334	0.149962	49.977571	0.150000	0422395.9	0335333.0	15.10	00.00	-2
GLDF	00.00	21.49	0.000000	0.150000	0.000000	0.150001	00.00	73.71	00.00	01.41	0422395.9	0000001.4	15.10	1000000.00	-2
0574	04	05.84464	05.84464	20.46	21.53	01.13	33.54	-0.04
0576	01	00.00000	00.00000	01.42	00.84	01.05	37.01	-0.02
0674	02	04.02103	04.02103	06.54	05.73	02.84	33.58	-0.04
0978	01	04.53940	04.53940	01.52	01.33	07.91	40.63	-0.05
0877	01	01.01743	01.02243	01.62	01.21	06.20	38.86	-0.05
0474	04	06.43071	06.43071	04.39	04.63	-0.59	33.51	-0.01
