RAW	190708	140108	992618	02
GEOM1	00.00	00.00	0.000000	0.000000	0.000000	0.000000	00.00	00.00	00.00	00.00	1000000.00	-3
GEOM2	00.00	00.00	0.000000	0.000000	0.000000	0.000000	00.00	00.00	00.00	00.00	0000.000	0000.000	1000000.00	-3
LDF	16.340045	0.131751	47.618561	0.130113	0251924.5	0130939.8	08.22	00.56	-1
GLDF	00.00	25.37	0.000000	0.150000	0.000000	0.150001	00.00	61.84	00.00	01.41	0251924.5	0000001.4	08.22	1000000.00	-2
0772	01	00.00000	00.00000	01.32	01.28	04.71	30.23	-0.02
0772	04	05.06155	05.06155	08.88	05.06	04.71	30.23	-0.02
0673	04	03.82639	03.82139	04.17	04.92	02.92	31.83	-0.04
0972	01	10.31788	10.31788	01.57	01.41	08.14	30.22	00.02
0773	03	02.19328	02.19328	03.78	03.87	04.63	31.89	-0.04
