RAW	190703	072409	575728	02
GEOM1	00.00	00.00	0.000000	0.000000	0.000000	0.000000	00.00	00.00	00.00	00.00	1000000.00	-3
GEOM2	00.00	00.00	0.000000	0.000000	0.000000	0.000000	00.00	00.00	00.00	00.00	0000.000	0000.000	1000000.00	-3
LDF	15.050747	0.149993	52.624987	0.070611	0062585.4	0024726.7	01.79	00.05	-1
GLDF	00.00	28.97	0.000000	0.150000	0.000000	0.150000	00.00	63.05	00.00	01.41	0062585.4	0000001.4	01.79	1000000.00	-2
0576	02	02.97511	02.97511	06.62	08.70	01.05	37.01	-0.02
0675	04	00.31194	00.31693	06.85	05.24	02.84	35.32	-0.04
0978	01	06.07508	06.07508	00.93	00.47	07.91	40.63	-0.05
0676	04	00.00000	00.00000	04.72	06.04	02.77	37.09	-0.03
0773	01	08.34701	08.35201	01.72	01.67	04.63	31.89	-0.04
