RAW	190727	141349	940842	02
GEOM1	00.00	00.00	0.000000	0.000000	0.000000	0.000000	00.00	00.00	00.00	00.00	1000000.00	-3
GEOM2	00.00	00.00	0.000000	0.000000	0.000000	0.000000	00.00	00.00	00.00	00.00	0000.000	0000.000	1000000.00	-3
LDF	14.159444	0.173615	53.092708	0.167862	0166012.6	0166424.8	04.43	01.71	-1
GLDF	00.00	26.88	0.000000	0.150000	0.000000	0.150001	00.00	77.32	00.00	01.41	0166012.6	0000001.4	04.43	1000000.00	-2
0576	04	07.72269	07.72269	12.57	09.66	01.05	37.01	-0.02
0675	04	05.73956	05.73956	04.50	03.80	02.84	35.32	-0.04
0777	01	00.00000	00.00000	00.33	00.50	04.48	38.84	-0.02
0974	01	00.50950	00.50950	01.02	02.42	08.06	33.70	-0.06
0676	03	08.69668	08.69668	04.85	05.81	02.77	37.09	-0.03
1072	01	02.96350	02.96350	01.75	01.96	09.86	30.29	00.00
