RAW	190701	041420	815744	03
GEOM1	02.02	00.05	16.344767	0.149747	53.537401	0.149870	03.80	24.72	163.35	1196.86	00.01	-2
GEOM2	02.04	00.22	16.344065	0.149402	53.537409	0.132141	67.03	305.08	93.79	11.42	0005.315	0003.242	00.00	-3
LDF	16.430529	0.173353	53.538208	0.151419	1026705.9	0744495.5	355.23	01.81	-1
GLDF	02.02	00.03	16.488489	0.154715	53.538727	0.151364	02.78	43.80	148.71	1466.00	1269349.5	0792775.7	50.65	1000000.00	-1
0876	04	02.36602	02.37601	06.96	03.66	06.27	37.12	-0.05
0873	01	00.00000	00.00000	01.49	01.29	06.42	31.99	-0.03
1075	01	01.29635	01.30635	01.94	01.97	09.78	35.47	-0.10
0776	04	02.06796	02.07296	04.40	04.81	04.49	37.09	-0.04
0676	04	02.27661	02.28161	12.60	07.41	02.77	37.09	-0.03
0672	01	00.96546	00.96546	01.50	00.98	02.92	30.12	-0.04
