RAW	190701	050312	544179	03
GEOM1	00.58	00.08	17.126397	0.149997	53.861393	0.149902	25.49	05.88	269.53	13.98	00.00	-2
GEOM2	00.66	00.29	17.126403	0.149655	53.861452	0.147611	21.07	16.35	281.48	50.49	0000.480	0014.051	00.00	-3
LDF	17.221083	0.246225	53.932210	0.204070	0026851.2	0048261.2	01.17	05.86	00
GLDF	00.52	00.09	17.409392	0.100485	54.028193	0.168646	25.29	05.10	276.93	09.41	0097253.4	0057735.0	04.65	06.94	00
0675	01	00.00000	00.00000	00.83	01.04	02.84	35.32	-0.04
0777	04	00.17106	00.17106	05.99	04.48	04.48	38.84	-0.02
0876	04	00.93052	00.93052	07.66	04.87	06.27	37.12	-0.05
0776	04	00.78499	00.78499	19.83	13.55	04.49	37.09	-0.04
0475	01	02.70465	02.70465	00.42	00.46	-0.66	35.24	-0.01
0572	01	03.76310	03.76310	02.34	03.31	01.20	30.14	-0.04
