RAW	190724	031041	911255	02
GEOM1	00.00	00.00	0.000000	0.000000	0.000000	0.000000	00.00	00.00	00.00	00.00	1000000.00	-3
GEOM2	00.00	00.00	0.000000	0.000000	0.000000	0.000000	00.00	00.00	00.00	00.00	0013.701	0002.322	1000000.00	-3
LDF	15.167439	0.149977	46.595501	0.150000	1125720.0	0831287.5	44.18	00.00	-2
GLDF	00.00	23.91	0.000000	0.150000	0.000000	0.150000	00.00	58.99	00.00	01.41	1125720.0	0000001.4	44.18	1000000.00	-2
0772	03	02.95701	02.96201	03.95	05.11	04.71	30.23	-0.02
0574	01	09.54559	09.55558	00.98	01.16	01.13	33.54	-0.04
0973	01	00.00000	00.00000	00.40	02.61	08.07	31.96	-0.03
0676	01	01.53990	01.54989	01.91	01.95	02.77	37.09	-0.03
0672	04	01.28786	01.29286	05.11	10.28	02.92	30.12	-0.04
0572	04	00.95850	00.96350	04.40	04.88	01.20	30.14	-0.04
