RAW	190718	194946	325113	02
GEOM1	00.00	00.00	0.000000	0.000000	0.000000	0.000000	00.00	00.00	00.00	00.00	1000000.00	-3
GEOM2	00.00	00.00	0.000000	0.000000	0.000000	0.000000	00.00	00.00	00.00	00.00	0000.000	0000.000	1000000.00	-3
LDF	14.626706	0.152248	47.514312	0.106085	0157429.7	0089956.4	04.12	02.38	-1
GLDF	00.00	21.78	0.000000	0.150000	0.000000	0.150001	00.00	66.36	00.00	01.41	0157429.7	0000001.4	04.12	1000000.00	-2
0576	01	00.00000	00.00000	00.93	01.09	01.05	37.01	-0.02
0673	04	07.58135	07.58135	15.20	04.69	02.92	31.83	-0.04
1075	01	05.43217	05.43217	02.39	00.92	09.78	35.47	-0.10
0573	03	05.30714	05.31213	09.84	05.11	01.13	31.81	-0.04
0672	04	07.21010	07.21010	09.84	07.25	02.92	30.12	-0.04
