RAW	190719	190919	149458	03
GEOM1	01.02	00.14	16.479279	0.150088	47.376483	0.150126	70.35	01.46	280.89	01.28	00.00	-2
GEOM2	01.03	00.17	16.479268	0.148127	47.376499	0.119794	69.98	19.23	280.69	07.52	0000.628	0015.657	00.00	-3
LDF	16.426446	0.144224	47.333794	0.146589	0000012.5	0000003.6	09.13	03.30	00
GLDF	01.06	00.14	16.409853	0.144427	47.317107	0.145643	70.14	01.37	280.97	01.03	0000014.6	0000013.0	09.60	04.77	00
0772	04	01.76792	01.76792	36.47	08.51	04.71	30.23	-0.02
0673	04	00.00000	00.00000	08.57	11.69	02.92	31.83	-0.04
1075	01	01.36700	01.36700	01.60	02.24	09.78	35.47	-0.10
1075	01	01.94661	01.94162	02.94	15.72	09.78	35.47	-0.10
0776	01	04.49619	04.49619	01.18	01.18	04.49	37.09	-0.04
0773	04	00.23976	00.23976	07.36	06.81	04.63	31.89	-0.04
