RAW	190706	195307	716952	02
GEOM1	00.00	00.00	0.000000	0.000000	0.000000	0.000000	00.00	00.00	00.00	00.00	1000000.00	-3
GEOM2	00.00	00.00	0.000000	0.000000	0.000000	0.000000	00.00	00.00	00.00	00.00	0000.000	0000.000	1000000.00	-3
LDF	19.248432	0.151363	47.529567	0.098870	0176719.5	0095074.5	04.84	02.17	-1
GLDF	00.00	24.23	0.000000	0.150000	0.000000	0.150000	00.00	49.13	00.00	01.41	0176719.5	0000001.4	04.84	1000000.00	-2
0777	01	07.74093	07.73593	09.39	07.14	04.48	38.84	-0.02
0873	04	00.00000	00.00000	06.40	03.95	06.42	31.99	-0.03
0973	03	02.73481	02.73481	10.85	06.88	08.07	31.96	-0.03
0975	01	08.44140	08.44140	00.68	01.83	07.99	35.38	-0.08
0872	04	00.60660	00.60660	11.86	07.22	06.35	30.23	00.01
