RAW	190721	022822	695980	02
GEOM1	00.00	00.00	0.000000	0.000000	0.000000	0.000000	00.00	00.00	00.00	00.00	1000000.00	-3
GEOM2	00.00	00.00	0.000000	0.000000	0.000000	0.000000	00.00	00.00	00.00	00.00	0000.000	0000.000	1000000.00	-3
LDF	19.366592	0.093334	55.739704	0.151940	0110251.4	0059524.4	02.74	01.80	-1
GLDF	00.00	29.18	0.000000	0.150000	0.000000	0.150000	00.00	64.58	00.00	01.41	0110251.4	0000001.4	02.74	1000000.00	-2
0977	04	06.86210	06.86710	06.21	10.27	07.92	38.89	-0.09
0978	03	08.57899	08.58399	03.69	06.13	07.91	40.63	-0.05
0877	04	07.83674	07.84174	06.10	08.86	06.20	38.86	-0.05
0872	01	14.61268	14.62267	01.77	01.40	06.35	30.23	00.01
0475	01	00.00000	00.00000	00.98	02.17	-0.66	35.24	-0.01
