RAW	190719	072847	954283	02
GEOM1	00.00	00.00	0.000000	0.000000	0.000000	0.000000	00.00	00.00	00.00	00.00	1000000.00	-3
GEOM2	00.00	00.00	0.000000	0.000000	0.000000	0.000000	00.00	00.00	00.00	00.00	0000.000	0000.000	1000000.00	-3
LDF	21.134521	0.059528	53.618511	0.150662	0086192.5	0028530.2	02.24	00.37	-1
GLDF	00.00	27.17	0.000000	0.150000	0.000000	0.150000	00.00	56.75	00.00	01.41	0086192.5	0000001.4	02.24	1000000.00	-2
0372	01	05.88812	05.89312	02.47	02.64	-2.24	30.01	-0.01
0876	02	04.24742	04.25242	05.99	05.83	06.27	37.12	-0.05
1075	01	00.00000	00.00000	00.96	01.41	09.78	35.47	-0.10
1076	04	06.82878	06.83378	10.96	10.26	09.70	37.20	-0.12
0976	04	06.18427	06.18926	07.75	07.95	07.99	37.16	-0.09
