RAW	190718	072853	535043	03
GEOM1	07.16	00.11	12.156009	0.149985	49.235298	0.150008	44.47	04.07	22.92	04.43	00.00	-2
GEOM2	07.18	00.52	12.155996	0.147746	49.235289	0.149360	45.15	05.42	22.65	06.00	0001.290	0021.552	00.00	-3
LDF	12.195288	0.123760	49.173358	0.081211	0015203.4	0004871.7	04.15	00.40	00
GLDF	07.17	00.08	12.203912	0.114014	49.167770	0.071626	44.82	03.16	22.35	03.67	0014723.6	0007297.8	04.16	00.47	00
0472	02	00.00000	00.00000	02.68	02.12	-0.52	30.05	-0.03
0574	04	08.24222	08.24222	05.83	04.70	01.13	33.54	-0.04
1076	01	09.03495	09.03495	01.56	01.54	09.70	37.20	-0.12
0474	04	07.08981	07.08481	07.37	04.54	-0.59	33.51	-0.01
0473	04	06.66878	06.66878	08.81	06.97	-0.52	31.76	-0.03
