RAW	190723	164503	430853	02
GEOM1	00.00	00.00	0.000000	0.000000	0.000000	0.000000	00.00	00.00	00.00	00.00	1000000.00	-3
GEOM2	00.00	00.00	0.000000	0.000000	0.000000	0.000000	00.00	00.00	00.00	00.00	0000.000	0000.000	1000000.00	-3
LDF	15.086402	0.151247	50.954897	0.072029	0067188.0	0027701.0	01.89	00.57	-1
GLDF	00.00	26.12	0.000000	0.150000	0.000000	0.150000	00.00	59.88	00.00	01.41	0067188.0	0000001.4	01.89	1000000.00	-2
0576	02	04.12320	04.12320	01.61	01.78	01.05	37.01	-0.02
0673	02	02.93325	02.93825	06.10	04.58	02.92	31.83	-0.04
0674	04	00.00000	00.00000	05.83	05.58	02.84	33.58	-0.04
0675	04	00.82864	00.82864	04.66	12.07	02.84	35.32	-0.04
0474	01	07.83434	07.83434	01.59	01.68	-0.59	33.51	-0.01
