RAW	190709	105906	316121	02
GEOM1	00.00	00.00	0.000000	0.000000	0.000000	0.000000	00.00	00.00	00.00	00.00	1000000.00	-3
GEOM2	00.00	00.00	0.000000	0.000000	0.000000	0.000000	00.00	00.00	00.00	00.00	0000.000	0000.000	1000000.00	-3
LDF	13.408450	0.150521	47.366542	0.080068	0038115.1	0018439.0	00.99	00.26	-1
GLDF	09.45	00.14	13.278255	0.127047	47.133276	0.050631	07.46	00.18	253.95	02.23	0007823.6	0008850.9	04.94	1000000.00	-2
0772	01	00.00000	00.00000	00.98	00.67	04.71	30.23	-0.02
0772	01	13.90051	13.90051	02.34	01.25	04.71	30.23	-0.02
0472	02	06.68808	06.68808	05.10	03.08	-0.52	30.05	-0.03
0574	01	07.67962	07.53972	02.37	00.00	01.13	33.54	-0.04
0876	01	09.48311	09.48311	02.21	01.42	06.27	37.12	-0.05
0573	04	09.83803	09.83303	04.42	03.50	01.13	31.81	-0.04
0572	04	09.69370	09.68871	05.85	04.60	01.20	30.14	-0.04
