RAW	190711	124158	002956	02
GEOM1	00.00	00.00	0.000000	0.000000	0.000000	0.000000	00.00	00.00	00.00	00.00	1000000.00	-3
GEOM2	00.00	00.00	0.000000	0.000000	0.000000	0.000000	00.00	00.00	00.00	00.00	0000.000	0000.000	1000000.00	-3
LDF	14.356989	0.079050	46.568814	0.150771	0047340.3	0022113.0	01.37	00.36	-1
GLDF	00.00	25.11	0.000000	0.150000	0.000000	0.150001	00.00	67.22	00.00	01.41	0047340.3	0000001.4	01.37	1000000.00	-2
0472	02	07.21156	07.21156	21.82	25.21	-0.52	30.05	-0.03
0977	01	06.95022	06.95522	01.47	01.46	07.92	38.89	-0.09
0872	01	00.00000	00.00000	03.98	02.80	06.35	30.23	00.01
0672	04	04.60827	04.60827	04.14	07.85	02.92	30.12	-0.04
0572	04	05.07069	05.07069	04.03	04.75	01.20	30.14	-0.04
