RAW	190711	101005	192932	02
GEOM1	00.00	00.00	0.000000	0.000000	0.000000	0.000000	00.00	00.00	00.00	00.00	1000000.00	-3
GEOM2	00.00	00.00	0.000000	0.000000	0.000000	0.000000	00.00	00.00	00.00	00.00	0000.000	0000.000	1000000.00	-3
LDF	14.253538	0.079536	46.569898	0.150544	0043694.6	0020620.5	01.23	00.24	-1
GLDF	00.00	25.81	0.000000	0.150000	0.000000	0.150001	00.00	69.24	00.00	01.41	0043694.6	0000001.4	01.23	1000000.00	-2
0772	02	07.19194	07.19194	04.30	04.15	04.71	30.23	-0.02
0772	01	07.69161	07.69161	00.00	00.35	04.71	30.23	-0.02
0978	01	00.00000	00.00000	02.52	02.18	07.91	40.63	-0.05
0672	04	05.02552	05.02552	04.39	03.81	02.92	30.12	-0.04
0572	04	05.52654	05.53154	07.04	03.61	01.20	30.14	-0.04
