RAW	190717	093710	212759	02
GEOM1	00.00	00.00	0.000000	0.000000	0.000000	0.000000	00.00	00.00	00.00	00.00	1000000.00	-3
GEOM2	00.00	00.00	0.000000	0.000000	0.000000	0.000000	00.00	00.00	00.00	00.00	0000.000	0000.000	1000000.00	-3
LDF	16.942008	0.110743	46.632763	0.150087	1119532.7	0496998.8	43.91	00.14	-1
GLDF	06.04	00.14	16.992083	0.146118	46.621457	0.143636	72.45	04.61	107.78	01.37	0000002.3	0000010.9	05.11	1000000.00	-2
0772	02	00.00000	00.00000	02.92	01.45	04.71	30.23	-0.02
0772	03	07.11515	07.11015	02.74	03.75	04.71	30.23	-0.02
0872	04	05.67268	05.66769	05.90	04.46	06.35	30.23	00.01
0672	04	06.60207	06.59708	04.46	04.62	02.92	30.12	-0.04
0475	01	03.15245	03.14745	02.83	02.00	-0.66	35.24	-0.01
