RAW	190720	121805	591714	02
GEOM1	00.00	00.00	0.000000	0.000000	0.000000	0.000000	00.00	00.00	00.00	00.00	1000000.00	-3
GEOM2	00.00	00.00	0.000000	0.000000	0.000000	0.000000	00.00	00.00	00.00	00.00	0013.254	0002.868	1000000.00	-3
LDF	17.174933	0.150048	46.643255	0.150002	0667838.3	0470897.7	24.94	00.00	-2
GLDF	00.00	25.04	0.000000	0.150000	0.000000	0.150000	00.00	50.81	00.00	01.41	0667838.3	0000001.4	24.94	1000000.00	-2
0772	04	00.05106	00.05106	04.68	05.15	04.71	30.23	-0.02
0874	01	07.59662	07.59162	01.46	01.55	06.35	33.66	-0.06
0974	01	00.00000	00.00000	01.15	01.36	08.06	33.70	-0.06
0872	04	00.05905	00.06405	08.33	05.60	06.35	30.23	00.01
0672	03	01.49783	01.49783	04.80	03.92	02.92	30.12	-0.04
