RAW	190710	112817	756577	02
GEOM1	00.00	00.00	0.000000	0.000000	0.000000	0.000000	00.00	00.00	00.00	00.00	1000000.00	-3
GEOM2	00.00	00.00	0.000000	0.000000	0.000000	0.000000	00.00	00.00	00.00	00.00	0000.000	0000.000	1000000.00	-3
LDF	17.645669	0.092576	46.673377	0.155180	0057892.2	0033789.0	01.68	02.09	-1
GLDF	00.00	21.77	0.000000	0.150000	0.000000	0.150000	00.00	49.81	00.00	01.41	0057892.2	0000001.4	01.68	1000000.00	-2
0772	04	01.84807	01.84807	18.55	08.10	04.71	30.23	-0.02
0576	01	05.39971	05.39472	01.70	01.92	01.05	37.01	-0.02
0972	02	04.02498	04.01998	07.41	11.25	08.14	30.22	00.02
0474	01	00.00000	00.00000	01.18	00.94	-0.59	33.51	-0.01
0872	04	01.66196	01.66196	06.37	05.49	06.35	30.23	00.01
