RAW	190721	074315	024693	02
GEOM1	00.00	00.00	0.000000	0.000000	0.000000	0.000000	00.00	00.00	00.00	00.00	1000000.00	-3
GEOM2	00.00	00.00	0.000000	0.000000	0.000000	0.000000	00.00	00.00	00.00	00.00	0000.000	0000.000	1000000.00	-3
LDF	14.701267	0.134689	47.714638	0.129777	0306839.3	0164184.0	10.64	00.22	-1
GLDF	00.00	26.59	0.000000	0.150000	0.000000	0.150000	00.00	61.07	00.00	01.41	0306839.3	0000001.4	10.64	1000000.00	-2
0372	01	09.02457	09.02457	01.87	01.71	-2.24	30.01	-0.01
0673	03	02.18207	02.17207	05.32	07.97	02.92	31.83	-0.04
0575	01	02.88212	02.88212	01.34	00.98	01.13	35.27	-0.03
0573	04	01.09019	01.08519	04.00	03.53	01.13	31.81	-0.04
0672	04	00.00000	00.00000	05.93	05.00	02.92	30.12	-0.04
